

			DELHI AIRPORT : 30 m Base line


Time	RVR	 MOR	RVR	MOR	BLM	Trf	 Ref(v)	PD(v)
	(limited)	(limited)	(actual)	(actual)

05:50:04	2000	3000	1659	9955	9029	0.99100	1.09170	1.03771		
05:50:14	2000	3000	3318	9955	9014	0.99100	1.09041	1.04190		
05:50:24	2000	3000	3333	9955	9003	0.99100	1.08697	1.01105		
05:50:34	2000	3000	3333	9955	9002	0.99100	1.08515	1.02513		
05:50:44	2000	3000	3333	9955	9000	0.99100	1.08371	1.01232		
05:50:54	2000	3000	3333	9955	8982	0.99100	1.08115	1.01579		
05:51:04	2000	3000	3333	9955	8974	0.99100	1.07895	1.01938		
05:51:14	2000	3000	3333	9955	8964	0.99100	1.07712	1.01078		
05:51:24	2000	3000	3333	9955	8966	0.99100	1.07557	1.02510		
05:51:34	2000	3000	3333	9955	8964	0.99100	1.07308	1.02396		
05:51:44	2000	3000	3333	9955	8962	0.99100	1.07171	1.01414		
05:51:54	2000	3000	3333	9955	8945	0.99100	1.07090	1.01433		
05:52:04	2000	3000	3333	9955	8925	0.99100	1.06930	1.01998		
05:52:15	2000	3000	3333	9955	8920	0.99100	1.06663	1.03117		
05:52:25	2000	3000	3333	9955	8926	0.99100	1.06496	0.99665		
05:52:35	2000	3000	3333	9955	8937	0.99100	1.06205	0.99010		
05:52:45	2000	3000	3333	9955	8943	0.99100	1.06107	1.00862		
05:52:55	2000	3000	3333	9955	8963	0.99100	1.05969	1.00209		
05:53:05	2000	3000	3333	9955	8971	0.99100	1.05621	1.00432		
05:53:15	2000	3000	3333	9955	8968	0.99100	1.05523	0.99136		
05:53:25	2000	3000	3333	9955	8972	0.99100	1.05335	0.99510		
05:53:35	2000	3000	3333	9955	8976	0.99100	1.05234	0.99329		
05:53:45	2000	3000	3333	9955	8989	0.99100	1.05062	1.00104		
05:53:56	2000	3000	3333	9955	9021	0.99100	1.04836	0.99563		
05:54:06	2000	3000	3333	2154	9045	0.95909	1.04772	0.98538		
05:54:16	2000	3000	3333	2700	9029	0.96721	1.04655	0.99346		
05:54:27	2000	3000	3333	5147	9004	0.98267	1.04416	1.00860		
05:54:37	2000	3000	3333	9955	8986	0.99100	1.04339	1.02604		
05:54:47	2000	3000	3333	2433	8977	0.96368	1.04312	0.98623		
05:54:57	2000	3000	3333	2921	8964	0.96966	1.03995	0.98994		
05:55:07	2000	3000	3333	2261	8957	0.96098	1.03595	0.97643		
05:55:17	2000	3000	3333	2136	8966	0.95875	1.03498	0.97302		
05:55:27	2000	3000	3333	2208	8966	0.96006	1.03425	0.97380		
05:55:37	2000	3000	2476	2899	8970	0.96943	1.03496	0.98493		


			DELHI AIRPORT : 30 m Base line


Time	RVR	 MOR	RVR	MOR	BLM	Trf	 Ref(v)	PD(v)
	(limited)	(limited)	(actual)	(actual)

05:56:31	2000	2400	415	2494	9001	0.96455	1.02870	0.97356		
05:56:41	2000	3000	2074	9955	9012	0.99100	1.02932	1.01559		
05:56:51	2000	3000	2608	3201	9008	0.97228	1.02857	0.98201		
05:57:01	2000	3000	3333	6820	9004	0.98689	1.02726	0.99696		
05:57:11	2000	2100	3333	2141	8998	0.95883	1.02728	0.96587		
05:57:21	2000	3000	3333	9844	8993	0.99090	1.02616	1.00033		
05:57:31	2000	2500	3333	2595	8993	0.96592	1.02609	0.97260		
05:57:41	2000	3000	3333	9955	8989	0.99100	1.02497	1.00788		
05:57:51	2000	3000	3333	3485	8992	0.97450	1.02419	0.98029		
05:58:01	2000	3000	3333	2290	8999	0.96146	1.02439	0.96606		
05:58:11	2000	3000	3333	3152	8996	0.97185	1.02276	0.97599		
05:58:22	2000	3000	3333	5931	8995	0.98494	1.02272	0.99040		
05:58:32	2000	3000	3333	3308	8993	0.97316	1.02297	0.97764		
05:58:42	2000	3000	3333	9955	8986	0.99100	1.02269	1.00278		
05:58:52	2000	3000	3333	4410	8984	0.97980	1.02153	0.98358		
05:59:02	2000	3000	3333	1395	8987	0.93752	1.02044	0.93598		
05:59:12	2000	3000	3333	2109	8994	0.95822	1.02013	0.95848		
05:59:22	2000	3000	3333	2805	8984	0.96843	1.01845	0.96812		
05:59:32	2000	3000	3333	5300	8984	0.98316	1.01734	0.98324		
05:59:42	2000	3000	3101	2592	8990	0.96588	1.01683	0.96378		
05:59:52	2000	2800	2802	2614	9003	0.96615	1.01613	0.96342		
06:00:02	2000	3000	3118	3291	9004	0.97302	1.01642	0.97123		
06:00:12	2000	3000	3333	3607	9003	0.97536	1.01530	0.97272		
06:00:22	2000	3000	3333	9955	9003	0.99100	1.01400	0.99959		
06:00:32	2000	3000	3333	1732	8998	0.94936	1.01329	0.94236		
06:00:42	2000	3000	3333	2485	8979	0.96443	1.01214	0.95775		
06:00:52	2000	3000	3333	5018	8974	0.98223	1.01014	0.97526		
06:01:02	2000	3000	3333	3127	8977	0.97163	1.00843	0.96208		
06:01:12	2000	3000	3333	2377	8975	0.96284	1.00759	0.95172		
06:01:22	2000	3000	3333	9061	8973	0.99012	1.00707	0.98087		
06:01:32	2000	3000	3333	802	8896	0.89381	1.00724	0.87636		
06:01:42	2000	3000	3333	2485	8878	0.96443	1.00835	0.95417		
06:01:52	2000	3000	3333	3862	8958	0.97696	1.00653	0.96606		
06:02:02	2000	3000	3165	213	8971	0.65555	1.00620	0.61676		
06:02:12	2000	3000	3235	2800	8974	0.96836	1.00508	0.95534		
06:02:23	2000	2100	2151	2553	8978	0.96537	1.00414	0.95120		
06:02:33	2000	3000	3117	6654	8977	0.98657	1.00346	0.97351		
06:02:43	2000	3000	3117	3366	8979	0.97361	1.00360	0.95962		
06:02:53	2000	3000	3333	4771	8972	0.98131	1.00271	0.96710		
06:03:03	2000	3000	3333	5555	8964	0.98393	1.00025	0.96755		
06:03:13	2000	3000	3333	3972	8952	0.97760	1.00114	0.96157		
06:03:23	2000	3000	3333	698	8944	0.87900	0.99940	0.85357		
06:03:33	2000	3000	3333	3322	8844	0.97327	1.00011	0.95591		
06:03:43	2000	3000	3333	2381	8846	0.96291	0.99889	0.94358		
06:03:53	2000	3000	3172	3019	8842	0.97063	0.99991	0.95287		
06:04:03	2000	2800	2860	3686	8842	0.97588	0.99832	0.95701		
06:04:13	2000	2400	2453	1531	8881	0.94292	0.99726	0.92053		
06:04:23	2000	2700	2764	2645	8857	0.96654	0.99645	0.94518		
06:04:33	2000	2600	2649	2635	8856	0.96642	0.99363	0.94237		
06:04:43	2000	2600	2649	2588	8856	0.96583	0.99340	0.94152		
06:04:53	2000	2800	2815	3806	8883	0.97663	0.99314	0.95285		
06:05:03	2000	2800	2991	4744	8898	0.98121	0.99301	0.95763		
06:05:13	2000	3000	3303	3402	8956	0.97389	0.99287	0.94966		
06:05:23	2000	3000	3333	3480	8870	0.97447	0.99083	0.94832		
06:05:33	2000	3000	3333	3668	8864	0.97576	0.99104	0.94991		
06:05:43	2000	3000	3333	1997	8859	0.95593	0.98953	0.92728		
06:05:53	2000	3000	3276	2368	8841	0.96270	0.98775	0.93283		
06:06:03	2000	3000	3091	3632	8840	0.97552	0.98745	0.94621		
06:06:13	2000	2900	2917	2358	8924	0.96255	0.98705	0.93201		
06:06:23	2000	2900	2917	2563	8847	0.96550	0.98633	0.93447		
06:06:33	2000	2700	2764	3832	8845	0.97679	0.98470	0.94492		
06:06:43	2000	2900	2978	3115	8849	0.97152	0.98413	0.93878		
06:06:53	2000	2600	2690	509	8872	0.83785	0.98378	0.79655		
06:07:03	2000	2400	2493	2451	8829	0.96395	0.98281	0.92949		
06:07:14	2000	2400	2489	2338	8821	0.96224	0.98258	0.92746		
06:07:24	2000	2400	2489	2130	8825	0.95862	0.98259	0.92363		
06:07:34	2000	2000	2069	1744	8802	0.94970	0.98187	0.91350		
06:07:44	2000	2000	2040	2937	8829	0.96982	0.98064	0.93365		
06:07:54	2000	2000	2441	3051	8886	0.97093	0.97879	0.93306		
06:08:04	2000	2500	2541	3051	8886	0.97093	0.97879	0.93306		
06:08:14	2000	2400	2449	1786	8941	0.95087	0.97793	0.91107		
06:08:24	2000	2600	2661	3398	8903	0.97386	0.97789	0.93530		
06:08:34	2000	2600	2678	1848	8800	0.95246	0.97751	0.91236		
06:08:44	2000	2600	2636	2687	8805	0.96706	0.97664	0.92693		
06:08:54	2000	2500	2540	2470	8896	0.96421	0.97631	0.92362		
06:09:04	2000	2300	2353	1930	8904	0.95445	0.97606	0.91310		
06:09:14	2000	2600	2644	3535	8917	0.97486	0.97556	0.93412		
06:09:24	2000	2700	2759	4088	8919	0.97823	0.97538	0.93749		
06:09:34	2000	2700	2876	2547	8856	0.96528	0.97467	0.92319		
06:09:45	2000	2800	2906	2870	8851	0.96913	0.97455	0.92713		
06:09:55	2000	2900	2977	2894	8868	0.96938	0.97458	0.92742		
06:10:05	2000	3000	3190	3207	8868	0.97233	0.97431	0.93026		
06:10:15	2000	3000	2940	2038	8916	0.95680	0.97347	0.91315		
06:10:25	2000	2900	2911	3913	8880	0.97726	0.97430	0.93544		
06:10:35	2000	2900	3131	3864	8891	0.97697	0.97297	0.93386		
06:10:45	2000	3000	3022	2221	8900	0.96028	0.97217	0.91558		
06:10:55	2000	3000	3333	9955	8913	0.99100	0.97212	0.96065		
06:11:05	2000	3000	3333	2191	8908	0.95975	0.97122	0.91413		
06:11:15	2000	3000	3333	6548	8888	0.98635	0.97006	0.94088		
06:11:25	2000	3000	3333	4804	8917	0.98144	0.96835	0.93409		
06:11:35	2000	3000	3333	3514	8909	0.97471	0.96818	0.92690		
06:11:45	2000	3000	3333	1133	8901	0.92366	0.96746	0.87291		
06:11:55	2000	3000	3220	1133	8901	0.92366	0.96746	0.87291		
06:12:05	2000	3000	3321	2799	8900	0.96836	0.96634	0.91851		
06:12:15	2000	3000	2619	2336	8898	0.96220	0.96649	0.91223		
06:12:25	2000	2600	2668	5095	8889	0.98249	0.96602	0.93294		
06:12:35	2000	2500	2525	2654	8954	0.96665	0.96508	0.91554		
06:12:45	2000	2700	2740	2426	8891	0.96358	0.96541	0.91265		
06:12:55	2000	2700	2929	2265	8892	0.96104	0.96471	0.90934		
06:13:05	2000	2900	3208	4474	8961	0.98009	0.96446	0.92893		
06:13:15	2000	3000	3333	4474	8961	0.98009	0.96446	0.92893		


			DELHI AIRPORT : 30 m Base line


Time	RVR	 MOR	RVR	MOR	BLM	Trf	 Ref(v)	PD(v)
	(limited)	(limited)	(actual)	(actual)

06:16:16	2000	3000	569	3418	9042	0.97401	0.95482	0.91339		
06:16:26	2000	2000	907	2024	9047	0.95651	0.95352	0.89414		
06:16:36	2000	2300	1293	2320	9057	0.96195	0.95309	0.89933		
06:16:46	2000	2000	1638	2068	9061	0.95741	0.95352	0.89506		
06:16:56	1500	1500	1900	1574	9047	0.94444	0.95295	0.88119		
06:17:06	2000	2500	2321	2522	9075	0.96494	0.95128	0.90069		
06:17:16	1900	1900	2083	1993	9097	0.95584	0.95075	0.89085		
06:17:26	1800	1800	2061	1892	9105	0.95354	0.95104	0.88876		
06:17:36	2000	2000	2044	2219	9129	0.96025	0.95037	0.89502		
06:17:46	1900	2000	1988	1729	9144	0.94929	0.94987	0.88331		
06:17:56	2000	1900	2132	2439	9140	0.96377	0.95126	0.89947		
06:18:06	2000	2000	2028	1900	9131	0.95374	0.95073	0.88868		
06:18:16	2000	2300	2346	3901	9134	0.97720	0.95049	0.91251		
06:18:26	2000	2300	2347	1899	9146	0.95371	0.94981	0.88779		
06:18:36	2000	2200	2294	1899	9146	0.95371	0.94981	0.88779		
06:18:46	2000	2200	2297	1747	9151	0.94980	0.94921	0.88322		
06:18:56	2000	2200	2242	2111	9090	0.95826	0.94785	0.89061		
06:19:06	2000	2200	2324	2387	9165	0.96300	0.94842	0.89599		
06:19:16	2000	2000	2002	1973	9170	0.95541	0.94870	0.88849		
06:19:26	2000	2000	2077	2345	9173	0.96234	0.94864	0.89553		
06:19:36	2000	2000	2029	1612	9181	0.94571	0.94871	0.87857		
06:19:46	2000	2000	2079	2049	9187	0.95702	0.94914	0.89055		
06:19:56	2000	2100	2148	2525	9187	0.96498	0.94753	0.89718		
06:20:07	2000	2100	2108	2145	9168	0.95891	0.94678	0.89027		
06:20:17	2000	2100	2136	2145	9168	0.95891	0.94678	0.89027		
06:20:27	2000	2100	2103	2145	9168	0.95891	0.94678	0.89027		
07:05:14	2000	2000	2096	1570	9186	0.94428	0.85327	0.78887		
07:05:24	2000	2200	2210	2730	9168	0.96757	0.85294	0.81000		
07:05:34	2000	2000	2015	1360	9176	0.93596	0.85254	0.78054		
07:05:44	1900	1900	1909	1509	9181	0.94210	0.85229	0.78596		
07:05:54	1500	1900	1596	146	9177	0.53884	0.85226	0.41507		
07:06:04	1500	1500	1557	1910	9170	0.95397	0.85209	0.79669		
07:06:14	1500	1500	1557	1571	9161	0.94434	0.85167	0.78744		
07:06:24	1200	1150	1204	478	9156	0.82829	0.85132	0.68051		
07:06:34	1200	1200	1258	1680	9150	0.94785	0.85052	0.78960		
07:06:44	1200	1200	1286	1680	9150	0.94785	0.85052	0.78960		
07:06:54	1400	1200	1493	1507	9155	0.94203	0.84967	0.78348		
07:07:04	1300	1300	1383	1249	9142	0.93046	0.84915	0.77240		
07:07:14	1300	1300	1387	1598	9135	0.94523	0.84855	0.78537		
07:07:24	1600	1600	1624	2032	9132	0.95669	0.84828	0.79561		
07:07:34	1600	1600	1635	1745	9129	0.94972	0.84726	0.78829		
07:07:44	1600	1600	1658	1818	9132	0.95170	0.84702	0.78987		
07:07:54	1600	1600	1667	1564	9136	0.94406	0.84678	0.78267		
07:08:04	1700	1700	1706	1483	9142	0.94110	0.84622	0.77945		
07:08:14	1600	1600	1680	1438	9150	0.93934	0.84551	0.77719		
07:08:25	1500	1500	1593	1511	9158	0.94216	0.84513	0.77941		
07:08:35	1500	1500	1535	1396	9165	0.93755	0.84449	0.77462		
07:08:45	1400	1400	1490	1552	9171	0.94365	0.84388	0.77961		
07:08:55	1400	1400	1430	1204	9184	0.92798	0.84372	0.76520		
07:09:05	1400	1400	1411	1369	9190	0.93639	0.84364	0.77278		
07:09:15	1300	1300	1397	1354	9192	0.93570	0.84358	0.77210		
07:09:25	1300	1300	1345	1197	9197	0.92757	0.84315	0.76431		
07:09:35	1400	1300	1463	2103	9200	0.95812	0.84316	0.79211		
07:09:45	1400	1400	1428	1342	9205	0.93515	0.84291	0.77099		
07:09:55	1400	1400	1436	1253	9209	0.93071	0.84280	0.76685		
07:10:05	1400	1400	1462	1526	9208	0.94273	0.84253	0.77753		
07:10:15	1400	1400	1465	1373	9195	0.93654	0.84235	0.77174		
07:10:25	1400	1400	1495	1373	9195	0.93654	0.84235	0.77174		
07:10:35	1300	1300	1365	1326	9158	0.93440	0.84190	0.76938		
07:10:45	1400	1400	1420	1669	9149	0.94751	0.84164	0.78105		
07:10:55	1400	1400	1489	1671	9138	0.94757	0.84166	0.78112		
07:11:05	1400	1400	1433	1186	9136	0.92691	0.84038	0.76120		
07:11:15	1400	1400	1450	1477	9129	0.94087	0.83988	0.77340		
07:11:25	1400	1400	1442	1324	9137	0.93429	0.83987	0.76743		
07:11:35	1400	1400	1464	1461	9134	0.94024	0.83986	0.77281		
07:11:45	1400	1400	1442	1533	9140	0.94297	0.83960	0.77504		
07:11:55	1400	1400	1419	1533	9140	0.94297	0.83960	0.77504		
07:12:05	1400	1400	1439	1307	9134	0.93347	0.83914	0.76602		
07:12:15	1400	1400	1454	1567	9133	0.94418	0.83880	0.77540		
07:12:25	1400	1400	1494	1567	9133	0.94418	0.83880	0.77540		
07:12:35	1400	1400	1495	1467	9128	0.94051	0.83814	0.77147		
07:12:45	1400	1400	1446	1235	9126	0.92972	0.83817	0.76174		
07:12:55	1400	1400	1490	1802	9127	0.95128	0.83756	0.78067		
07:13:05	1500	1500	1573	1802	9127	0.95128	0.83756	0.78067		
07:13:15	1500	1500	1508	1177	9149	0.92637	0.83659	0.75728		
07:13:25	1400	1400	1492	1472	9148	0.94069	0.83631	0.76995		
07:13:35	1500	1500	1520	1634	9142	0.94642	0.83605	0.77488		
07:13:45	1500	1500	1557	1459	9133	0.94018	0.83601	0.76921		
07:13:55	1400	1500	1462	1230	9132	0.92947	0.83568	0.75925		
07:14:05	1300	1300	1392	1382	9124	0.93695	0.83515	0.76551		
07:14:15	1400	1400	1426	1382	9124	0.93695	0.83515	0.76551		
07:14:25	1300	1300	1394	1279	9087	0.93205	0.83477	0.76075		
07:14:36	1300	1300	1335	1283	9117	0.93228	0.83458	0.76078		
07:14:46	1300	1300	1324	1390	9124	0.93729	0.83406	0.76482		
07:14:56	1300	1300	1324	1488	9129	0.94131	0.83387	0.76826		
07:15:06	1300	1300	1367	1152	9131	0.92485	0.83374	0.75333		
07:15:16	1200	1200	1293	1168	9128	0.92582	0.83315	0.75367		
07:15:26	1200	1200	1290	1264	9112	0.93128	0.83250	0.75799		
07:15:36	1400	1400	1444	2205	9092	0.96001	0.83274	0.78402		
07:15:46	1500	1500	1518	1833	9090	0.95210	0.83215	0.77636		
07:15:56	1500	1500	1575	1833	9090	0.95210	0.83215	0.77636		
07:16:06	1500	1500	1598	1285	9093	0.93234	0.83158	0.75810		
07:16:16	1600	1600	1617	1285	9093	0.93234	0.83158	0.75810		
07:16:26	1600	1600	1621	1285	9093	0.93234	0.83158	0.75810		


			DELHI AIRPORT : 30 m Base line


Time	RVR	 MOR	RVR	MOR	BLM	Trf	 Ref(v)	PD(v)
	(limited)	(limited)	(actual)	(actual)

07:39:32	1400	1400	236	1417	8934	0.93846	0.81163	0.74527		
07:39:42	1600	1600	506	1621	8929	0.94599	0.81160	0.75184		
07:39:52	1200	1200	721	1292	8928	0.93271	0.81186	0.74045		
07:40:02	1200	1200	923	1210	8921	0.92833	0.81132	0.73612		
07:40:12	1300	1300	1149	1354	8920	0.93569	0.81091	0.74219		
07:40:22	1200	1200	1356	1244	8919	0.93019	0.81079	0.73727		
07:40:32	1200	1200	1323	1217	8912	0.92870	0.80943	0.73473		
07:40:42	1200	1200	1261	1252	8913	0.93063	0.80897	0.73600		
07:40:52	1200	1200	1240	1167	8916	0.92578	0.80888	0.73168		
07:41:02	1200	1200	1266	1364	8925	0.93616	0.80849	0.74038		
07:41:12	1200	1200	1274	1401	8928	0.93777	0.80699	0.74041		
07:41:23	1300	1300	1303	1421	8924	0.93863	0.80736	0.74150		
07:41:33	1300	1300	1328	1363	8916	0.93610	0.80694	0.73891		
07:41:43	1300	1300	1384	1588	8910	0.94490	0.80660	0.74626		
07:41:53	1400	1400	1404	1292	8917	0.93271	0.80624	0.73532		
07:42:03	1300	1300	1396	1312	8917	0.93372	0.80588	0.73587		
07:42:13	1400	1400	1449	1723	8917	0.94910	0.80568	0.74906		
07:42:23	1400	1400	1445	1396	8911	0.93757	0.80538	0.73876		
07:42:33	1400	1400	1429	1263	8903	0.93122	0.80476	0.73268		
07:42:43	1400	1400	1429	1591	8901	0.94500	0.80428	0.74420		
07:42:53	1400	1400	1436	1336	8904	0.93484	0.80397	0.73510		
07:43:03	1400	1400	1434	1296	8902	0.93289	0.80394	0.73338		
07:43:13	1300	1400	1368	1327	8896	0.93443	0.80360	0.73441		
07:43:23	1300	1300	1352	1300	8906	0.93313	0.80344	0.73313		
07:43:33	1300	1300	1360	1313	8914	0.93373	0.80357	0.73377		
07:43:43	1200	1300	1294	1193	8922	0.92732	0.80312	0.72781		
07:43:53	1300	1300	1325	1526	8920	0.94273	0.80305	0.74110		
07:44:03	1300	1300	1336	1361	8907	0.93600	0.80251	0.73477		
07:44:13	1300	1300	1387	1633	8883	0.94638	0.80226	0.74353		
07:44:23	1400	1400	1401	1385	8865	0.93706	0.80191	0.73514		
07:44:33	1300	1300	1348	994	8862	0.91347	0.80179	0.71462		
07:44:43	1300	1300	1350	1205	8858	0.92803	0.80181	0.72723		
07:44:53	1300	1300	1352	1534	8840	0.94302	0.80136	0.73979		
07:45:03	1300	1300	1333	1250	8834	0.93054	0.80167	0.72928		
07:45:14	1200	1200	1291	1381	8830	0.93689	0.80184	0.73493		
07:45:24	1200	1200	1283	1336	8818	0.93487	0.80157	0.73293		
07:45:34	1300	1300	1331	1280	8801	0.93208	0.80078	0.72980		
07:45:44	1200	1200	1294	984	8788	0.91263	0.80043	0.71268		
07:45:54	1200	1200	1274	1413	8781	0.93830	0.80006	0.73451		
07:46:04	1200	1200	1274	1141	8770	0.92418	0.80004	0.72230		
07:46:14	1200	1200	1274	1494	8757	0.94153	0.79984	0.73710		
07:46:24	1200	1200	1295	1461	8744	0.94024	0.79976	0.73591		
07:46:34	1300	1200	1317	1412	8732	0.93825	0.79978	0.73421		
07:46:44	1400	1400	1420	1599	8721	0.94527	0.79934	0.73986		
07:46:54	1400	1400	1437	1520	8710	0.94249	0.79919	0.73733		
07:47:04	1400	1400	1454	1241	8704	0.93005	0.79910	0.72652		
07:47:14	1400	1400	1416	1263	8700	0.93120	0.79896	0.72738		
07:47:25	1400	1400	1402	1378	8697	0.93679	0.79861	0.73188		
07:47:35	1400	1400	1440	1641	8698	0.94664	0.79830	0.74008		
07:47:45	1300	1300	1386	1276	8697	0.93191	0.79821	0.72731		
07:47:55	1300	1300	1368	1411	8689	0.93822	0.79795	0.73251		
07:48:05	1300	1300	1391	1381	8687	0.93691	0.79755	0.73101		
07:48:15	1400	1400	1411	1379	8694	0.93682	0.79737	0.73077		
07:48:25	1400	1400	1416	1412	8701	0.93826	0.79672	0.73141		
07:48:35	1300	1300	1397	1526	8706	0.94274	0.79648	0.73504		
07:48:45	1400	1300	1432	1483	8714	0.94112	0.79622	0.73341		
07:48:55	1300	1300	1391	1168	8704	0.92583	0.79571	0.71981		
07:49:05	1400	1300	1414	1521	8696	0.94254	0.79529	0.73377		
07:49:15	1400	1400	1423	1428	8720	0.93893	0.79534	0.73072		
07:49:25	1400	1400	1416	1375	8692	0.93665	0.79508	0.72852		
07:49:35	1400	1400	1407	1470	8689	0.94061	0.79485	0.73171		
07:49:45	1400	1400	1459	1797	8689	0.95114	0.79472	0.74062		
07:49:55	1600	1600	1629	2185	8690	0.95964	0.79423	0.74745		
07:50:06	1400	1300	1409	100	8686	0.40614	0.79431	0.29276		
07:50:16	1300	1300	1375	1223	8682	0.92906	0.79390	0.72094		
07:50:26	1300	1300	1378	1393	8679	0.93742	0.79384	0.72805		
07:50:36	1300	1300	1378	1433	8678	0.93914	0.79377	0.72946		
07:50:46	1300	1300	1321	1491	8682	0.94142	0.79361	0.73126		
07:50:56	1150	1150	1188	1386	8673	0.93715	0.79355	0.72755		
07:51:06	1300	1300	1399	1471	8658	0.94065	0.79388	0.73085		
07:51:16	1400	1300	1414	1311	8648	0.93364	0.79407	0.72502		
07:51:26	1400	1400	1437	1535	8644	0.94304	0.79404	0.73305		
07:51:36	1400	1400	1441	1455	8640	0.94001	0.79347	0.72993		
07:51:46	1400	1400	1416	1341	8631	0.93510	0.79348	0.72573		
07:51:56	1400	1400	1474	1732	8620	0.94937	0.79580	0.74011		
07:52:06	1400	1400	1491	1573	8610	0.94439	0.79704	0.73698		
07:52:17	1500	1500	1501	1372	8604	0.93649	0.79488	0.72820		
07:52:27	1400	1400	1483	1426	8598	0.93886	0.79444	0.72983		
07:52:37	1400	1400	1454	1285	8594	0.93236	0.79414	0.72399		
07:52:47	1400	1400	1414	1097	8593	0.92121	0.79409	0.71439		
07:52:57	1300	1300	1333	1246	8595	0.93032	0.79426	0.72235		
07:53:07	1400	1400	1406	2014	8598	0.95630	0.79375	0.74414		
07:53:17	1300	1300	1397	1316	8599	0.93390	0.79354	0.72476		
07:53:27	1400	1400	1420	1566	8600	0.94415	0.79345	0.73345		
07:53:37	1400	1400	1409	1218	8601	0.92875	0.79331	0.72014		
07:53:47	1400	1400	1442	1295	8605	0.93284	0.79342	0.72374		
07:53:57	1400	1400	1449	1285	8610	0.93235	0.79334	0.72325		
07:54:08	1300	1400	1305	1154	8617	0.92497	0.79308	0.71670		
07:54:18	1300	1300	1321	1412	8626	0.93825	0.79333	0.72829		
07:54:28	1200	1200	1278	1307	8634	0.93345	0.79323	0.72409		
07:54:38	1200	1200	1286	1268	8638	0.93150	0.79256	0.72181		
07:54:48	1200	1200	1278	1247	8649	0.93038	0.79290	0.72116		
07:54:58	1200	1200	1252	1125	8659	0.92310	0.79285	0.71489		
07:55:08	1200	1200	1290	1383	8664	0.93699	0.79320	0.72709		
07:55:18	1200	1200	1290	1377	8661	0.93673	0.79295	0.72664		
07:55:28	1200	1200	1255	1135	8655	0.92380	0.79280	0.71544		
07:55:38	1200	1200	1241	1181	8647	0.92663	0.79281	0.71787		
07:55:48	1200	1200	1248	1288	8641	0.93249	0.79228	0.72240		
07:55:58	1300	1300	1303	1457	8639	0.94009	0.79198	0.72862		
07:56:08	1200	1200	1299	1357	8639	0.93581	0.79287	0.72578		
07:56:18	1200	1200	1287	1304	8636	0.93333	0.79138	0.72230		
07:56:28	1300	1300	1342	1467	8635	0.94049	0.79145	0.72848		
07:56:38	1300	1300	1366	1324	8638	0.93430	0.79126	0.72302		
07:56:48	1300	1300	1379	1369	8640	0.93636	0.79153	0.72502		
07:56:58	1300	1300	1351	1289	8643	0.93256	0.79129	0.72156		
07:57:08	1300	1300	1383	1549	8645	0.94354	0.79147	0.73110		
07:57:18	1300	1300	1348	1095	8648	0.92113	0.79077	0.71133		
07:57:28	1300	1300	1315	1268	8720	0.93150	0.79073	0.72014		
07:57:38	1200	1200	1294	1198	8630	0.92763	0.79066	0.71678		
07:57:48	1300	1300	1332	1596	8617	0.94518	0.78983	0.73098		
07:57:58	1300	1300	1320	1218	8615	0.92878	0.79002	0.71718		
07:58:08	1300	1300	1306	1461	8616	0.94025	0.79020	0.72712		
07:58:18	1300	1300	1374	1505	8615	0.94195	0.79018	0.72855		
07:58:28	1300	1300	1385	1333	8613	0.93473	0.79007	0.72230		
07:58:38	1300	1300	1385	1351	8609	0.93554	0.78971	0.72266		
07:58:48	1300	1300	1332	1124	8602	0.92302	0.78970	0.71198		
07:58:58	1400	1400	1435	1838	8599	0.95221	0.78946	0.73663		
07:59:09	1400	1400	1484	1757	8598	0.95006	0.78940	0.73474		
07:59:19	1400	1400	1471	1426	8591	0.93883	0.78939	0.72517		
07:59:29	1400	1400	1432	1101	8585	0.92151	0.78943	0.71045		
07:59:39	1400	1400	1451	1465	8584	0.94040	0.78878	0.72594		
07:59:49	1400	1400	1451	1319	8582	0.93403	0.78854	0.72030		
07:59:59	1300	1300	1390	1273	8584	0.93174	0.78903	0.71880		
08:00:09	1300	1300	1339	1451	8586	0.93987	0.78884	0.72555		
08:00:19	1300	1300	1324	1335	8590	0.93480	0.78911	0.72148		
08:00:29	1300	1300	1391	1505	8595	0.94196	0.78879	0.72728		
08:00:39	1300	1300	1351	1224	8600	0.92913	0.78959	0.71709		
08:00:49	1300	1300	1330	1197	8604	0.92755	0.78910	0.71530		
08:00:59	1300	1300	1334	1292	8607	0.93269	0.78827	0.71892		
08:01:09	1300	1300	1334	1006	8608	0.91440	0.78744	0.70262		
08:01:19	1200	1200	1205	1006	8608	0.91440	0.78744	0.70262		
08:01:30	1100	1100	1136	1093	8614	0.92095	0.78778	0.70849		
08:01:40	1150	1150	1155	1340	8619	0.93503	0.78768	0.72037		
08:01:50	1200	1200	1221	1589	8628	0.94494	0.78764	0.72875		
08:02:00	1200	1200	1236	1386	8635	0.93711	0.78753	0.72200		
08:02:10	1200	1200	1236	1152	8630	0.92486	0.78783	0.71186		
08:02:20	1300	1300	1315	1330	8632	0.93459	0.78771	0.72002		
08:02:30	1200	1200	1298	994	8640	0.91342	0.78764	0.70196		
08:02:40	1150	1150	1190	571	8641	0.85413	0.78709	0.65112		
08:02:50	1100	1100	1148	1337	8641	0.93489	0.78703	0.71965		
08:03:00	1150	1100	1167	1498	8644	0.94167	0.78719	0.72556		
08:03:10	1150	1100	1167	1469	8648	0.94056	0.78711	0.72454		
08:03:20	1200	1150	1220	1330	8725	0.93456	0.78684	0.71920		
08:03:30	1200	1200	1266	1275	8651	0.93184	0.78680	0.71685		
08:03:40	1300	1300	1387	1417	8652	0.93846	0.78652	0.72222		
08:03:50	1300	1300	1369	1229	8654	0.92938	0.78661	0.71459		
08:04:00	1300	1300	1338	1313	8654	0.93374	0.78644	0.71814		
08:04:10	1300	1300	1362	1610	8655	0.94563	0.78626	0.72806		
08:04:20	1300	1300	1354	1281	8657	0.93216	0.78605	0.71644		
08:04:30	1300	1300	1340	1194	8657	0.92742	0.78584	0.71223		
08:04:40	1300	1300	1322	1308	8658	0.93350	0.78569	0.71725		
08:04:50	1200	1200	1282	987	8655	0.91283	0.78536	0.69943		
08:05:00	1200	1200	1243	1082	8634	0.92016	0.78482	0.70516		
08:05:10	1150	1150	1171	1174	8630	0.92619	0.78505	0.71047		
08:05:20	1150	1150	1171	1325	8628	0.93434	0.78462	0.71698		
08:05:30	1150	1150	1181	1213	8629	0.92848	0.78469	0.71209		
08:05:40	1150	1150	1195	1389	8631	0.93725	0.78524	0.72002		
08:05:50	1200	1200	1244	1281	8632	0.93216	0.78498	0.71547		
08:06:00	1300	1300	1342	1671	8634	0.94757	0.78460	0.72817		
08:06:11	1300	1300	1342	1055	8632	0.91823	0.78479	0.70350		
08:06:21	1300	1300	1332	1385	8628	0.93707	0.78468	0.71935		
08:06:31	1300	1300	1385	1530	8616	0.94288	0.78353	0.72321		
08:06:41	1300	1300	1378	1351	8606	0.93554	0.78357	0.71704		
08:06:51	1400	1400	1404	1437	8591	0.93929	0.78357	0.72021		
08:07:01	1300	1300	1336	1259	8579	0.93100	0.78347	0.71311		
08:07:11	1300	1300	1330	1020	8568	0.91558	0.78319	0.69982		
08:07:21	1300	1300	1352	1517	8558	0.94238	0.78336	0.72263		
08:07:31	1300	1300	1305	1249	8552	0.93047	0.78330	0.71251		
08:07:41	1200	1200	1297	1300	8550	0.93309	0.78354	0.71494		
08:07:51	1200	1200	1239	1091	8547	0.92079	0.78324	0.70427		
08:08:02	1200	1200	1246	1300	8544	0.93310	0.78323	0.71467		
08:08:12	1300	1300	1317	1449	8539	0.93976	0.78469	0.72164		
08:08:22	1200	1300	1247	1098	8546	0.92133	0.78494	0.70626		
08:08:32	1200	1200	1262	1334	8549	0.93475	0.78515	0.71782		
08:08:42	1300	1200	1303	1548	8553	0.94353	0.78339	0.72363		
08:08:52	1300	1300	1368	1482	8560	0.94107	0.78338	0.72154		
08:09:02	1300	1300	1340	1133	8565	0.92367	0.78429	0.70765		
08:09:12	1300	1300	1312	1281	8570	0.93215	0.78463	0.71514		
08:09:22	1300	1300	1352	1337	8570	0.93488	0.78438	0.71722		
08:09:32	1300	1300	1355	1354	8563	0.93568	0.78410	0.71764		
08:09:42	1300	1300	1355	1378	8553	0.93676	0.78385	0.71833		
08:09:52	1200	1200	1284	1223	8551	0.92903	0.78361	0.71157		
08:10:02	1200	1200	1286	1147	8548	0.92455	0.78362	0.70779		
08:10:12	1200	1200	1282	1257	8539	0.93088	0.78336	0.71291		
08:10:22	1200	1200	1270	1264	8533	0.93129	0.78342	0.71331		
08:10:33	1200	1200	1242	1187	8530	0.92697	0.78337	0.70961		
08:10:43	1200	1200	1211	1191	8526	0.92720	0.78314	0.70960		
08:10:53	1200	1200	1235	1364	8520	0.93614	0.78277	0.71681		
08:11:03	1200	1200	1232	1133	8517	0.92364	0.78312	0.70657		
08:11:13	1200	1200	1232	888	8506	0.90366	0.78260	0.68923		
08:11:23	1100	1100	1147	1095	8495	0.92111	0.78246	0.70384		
08:11:33	1100	1100	1144	1167	8490	0.92581	0.78190	0.70730		
08:11:43	1150	1150	1173	1368	8483	0.93632	0.78158	0.71588		
08:11:53	1150	1150	1178	1389	8480	0.93726	0.78160	0.71669		
08:12:03	1150	1150	1165	1059	8479	0.91849	0.78111	0.70042		
08:12:13	1200	1200	1202	1135	8482	0.92374	0.78348	0.70698		
08:12:23	1200	1200	1204	1111	8485	0.92218	0.78310	0.70532		
08:12:33	1200	1200	1216	1237	8485	0.92984	0.78273	0.71146		
08:12:43	1150	1150	1185	1179	8486	0.92650	0.78247	0.70840		
08:12:53	1150	1150	1151	1185	8486	0.92689	0.78277	0.70900		
08:13:03	1150	1150	1194	1321	8491	0.93414	0.78147	0.71394		
08:13:13	1200	1200	1231	1354	8498	0.93568	0.77677	0.71093		
08:13:23	1200	1200	1227	1089	8505	0.92066	0.77572	0.69740		
08:13:34	1200	1200	1202	1089	8505	0.92066	0.77572	0.69740		


			DELHI AIRPORT : 30 m Base line


Time	RVR	 MOR	RVR	MOR	BLM	Trf	 Ref(v)	PD(v)
	(limited)	(limited)	(actual)	(actual)

08:22:35	1200	1200	201	1208	8202	0.92822	0.76860	0.69727		
08:22:45	1400	1400	438	1425	8199	0.93879	0.76802	0.70550		
08:22:55	1400	1400	676	1425	8199	0.93879	0.76802	0.70550		
08:23:05	1150	1150	871	1170	8192	0.92598	0.76778	0.69467		
08:23:15	1200	1200	1086	1290	8192	0.93260	0.76875	0.70104		
08:23:25	1050	1050	1265	1075	8189	0.91971	0.76815	0.68981		
08:23:35	1000	1000	1239	1049	8191	0.91781	0.76882	0.68883		
08:23:45	1100	1100	1185	1105	8192	0.92180	0.76871	0.69204		
08:23:55	1100	1100	1142	1167	8192	0.92580	0.76807	0.69478		
08:24:05	1100	1100	1115	1007	8183	0.91452	0.76791	0.68529		
08:24:15	1100	1100	1150	1501	8180	0.94180	0.76727	0.70731		
08:24:25	1150	1150	1159	1127	8187	0.92326	0.76701	0.69172		
08:24:35	1150	1150	1187	1218	8194	0.92876	0.76759	0.69680		
08:24:45	1150	1150	1182	1074	8200	0.91964	0.76683	0.68856		
08:24:55	1150	1150	1175	1127	8207	0.92322	0.76663	0.69135		
08:25:05	1150	1150	1195	1124	8211	0.92307	0.76669	0.69128		
08:25:15	1100	1100	1129	1104	8216	0.92171	0.76743	0.69082		
08:25:25	1100	1100	1110	1015	8223	0.91518	0.76664	0.68470		
08:25:35	1050	1100	1100	1158	8229	0.92521	0.76657	0.69294		
08:25:45	1100	1100	1145	1344	8231	0.93524	0.76612	0.70082		
08:25:56	1100	1100	1141	1101	8232	0.92148	0.76590	0.68925		
08:26:06	1100	1100	1148	1169	8230	0.92591	0.76588	0.69289		
08:26:16	1150	1150	1166	1213	8231	0.92848	0.76572	0.69487		
08:26:26	1200	1200	1206	1253	8231	0.93069	0.76600	0.69695		
08:26:36	1200	1200	1220	1242	8234	0.93008	0.76591	0.69637		
08:26:46	1200	1200	1203	1242	8237	0.93009	0.76592	0.69638		
08:26:56	1200	1200	1219	1196	8247	0.92750	0.76554	0.69390		
08:27:06	1200	1200	1218	1167	8257	0.92576	0.76504	0.69201		
08:27:16	1200	1200	1205	1130	8266	0.92347	0.76506	0.69014		
08:27:26	1150	1150	1180	1107	8275	0.92194	0.76537	0.68915		
08:27:36	1100	1100	1136	979	8282	0.91217	0.76461	0.68041		
08:27:46	1100	1100	1130	1203	8288	0.92792	0.76420	0.69303		
08:27:56	1100	1100	1114	1099	8295	0.92136	0.76411	0.68754		
08:28:06	1050	1050	1068	848	8299	0.89933	0.76437	0.66960		
08:28:16	1050	1050	1083	1218	8302	0.92875	0.76370	0.69326		
08:28:26	1100	1050	1101	1217	8306	0.92870	0.76325	0.69281		
08:28:36	1150	1150	1161	1340	8310	0.93502	0.76360	0.69834		
08:28:46	1100	1150	1142	1088	8316	0.92062	0.76328	0.68618		
08:28:56	1200	1200	1238	1673	8320	0.94763	0.76260	0.70780		
08:29:06	1200	1200	1300	1266	8321	0.93138	0.76226	0.69412		
08:29:16	1200	1200	1272	1053	8322	0.91805	0.76197	0.68289		
08:29:26	1200	1200	1266	1178	8311	0.92647	0.76122	0.68914		
08:29:36	1200	1200	1265	1334	8264	0.93477	0.76103	0.69578		
08:29:46	1200	1200	1299	1291	8278	0.93267	0.76072	0.69377		
08:29:56	1150	1150	1188	1010	8278	0.91477	0.76062	0.67899		
08:30:06	1150	1150	1152	1049	8284	0.91779	0.76125	0.68203		
08:30:16	1150	1150	1157	1084	8293	0.92033	0.76083	0.68374		
08:30:26	1150	1150	1157	1175	8292	0.92628	0.76015	0.68801		
08:30:36	1100	1100	1118	1101	8287	0.92148	0.75958	0.68356		
08:30:46	1100	1100	1118	1059	8294	0.91853	0.75929	0.68088		
08:30:56	1050	1050	1098	1121	8296	0.92283	0.75843	0.68363		
08:31:06	1100	1100	1128	1229	8291	0.92940	0.75797	0.68859		
08:31:16	1150	1150	1155	1246	8290	0.93030	0.75791	0.68927		
08:31:26	1100	1150	1147	1128	8284	0.92333	0.75729	0.68301		
08:31:36	1100	1100	1143	1079	8258	0.91997	0.75767	0.68061		
08:31:46	1150	1150	1164	1182	8248	0.92671	0.75724	0.68573		
08:31:56	1200	1200	1206	1374	8247	0.93658	0.75777	0.69428		
08:32:06	1150	1150	1165	981	8243	0.91238	0.75778	0.67450		
08:32:16	1100	1100	1143	1119	8239	0.92274	0.75800	0.68317		
08:32:26	1100	1100	1131	1054	8233	0.91818	0.75899	0.68033		
08:32:37	1100	1100	1146	1171	8233	0.92603	0.75906	0.68682		
08:32:47	1100	1100	1148	1193	8225	0.92735	0.75916	0.68799		
08:32:57	1100	1100	1112	1154	8219	0.92498	0.75882	0.68574		
08:33:07	1100	1100	1130	1094	8214	0.92105	0.75841	0.68216		
08:33:17	1150	1150	1169	1350	8206	0.93551	0.75784	0.69347		
08:33:27	1150	1150	1199	1234	8194	0.92968	0.75832	0.68914		
08:33:37	1200	1200	1223	1317	8190	0.93393	0.75858	0.69285		
08:33:47	1200	1200	1212	1126	8185	0.92319	0.75838	0.68388		
08:33:57	1150	1150	1197	1061	8176	0.91864	0.75819	0.67999		
08:34:07	1150	1150	1185	1022	8171	0.91570	0.75850	0.67786		
08:34:17	1100	1150	1142	1096	8166	0.92115	0.75854	0.68236		
08:34:27	1050	1100	1097	951	8150	0.90967	0.75855	0.67297		
08:34:37	1050	1050	1081	1224	8154	0.92911	0.75895	0.68924		
08:34:47	1100	1100	1109	1290	8162	0.93261	0.75908	0.69223		
08:34:57	1100	1100	1116	1104	8164	0.92170	0.75820	0.68250		
08:35:08	1100	1100	1129	1103	8165	0.92161	0.75839	0.68260		
08:35:18	1100	1100	1135	1127	8168	0.92325	0.75784	0.68344		
08:35:28	1150	1150	1188	1285	8168	0.93236	0.75792	0.69097		
08:35:38	1200	1200	1247	1577	8164	0.94454	0.75798	0.70098		
08:35:48	1200	1200	1232	1201	8156	0.92781	0.75881	0.68805		
08:35:58	1200	1200	1249	1201	8156	0.92781	0.75881	0.68805		
08:45:01	1200	1200	1254	1138	7862	0.92395	0.74909	0.67612		
08:45:11	1200	1200	1247	1085	7864	0.92038	0.74876	0.67294		
08:45:21	1200	1200	1214	1086	7861	0.92046	0.74794	0.67226		
08:45:31	1100	1100	1130	1072	7862	0.91944	0.74796	0.67146		
08:45:41	1100	1100	1137	1243	7864	0.93015	0.74714	0.67936		
08:45:51	1100	1100	1114	1065	7866	0.91900	0.74681	0.67007		
08:46:01	1100	1100	1108	1098	7868	0.92131	0.74663	0.67177		
08:46:11	1100	1100	1106	1072	7866	0.91946	0.74655	0.67021		
08:46:22	1100	1100	1106	1088	7866	0.92064	0.74602	0.67068		
08:46:32	1100	1100	1139	1273	7865	0.93175	0.74538	0.67904		
08:46:42	1050	1100	1094	952	7864	0.90975	0.74503	0.66104		
08:46:52	1050	1050	1089	1035	7862	0.91675	0.74521	0.66683		
08:47:02	1050	1050	1087	1090	7858	0.92075	0.74456	0.66946		
08:47:12	1050	1050	1079	1020	7855	0.91557	0.74472	0.66544		
08:47:22	1050	1050	1079	1091	7851	0.92085	0.74434	0.66934		
08:47:32	1000	1000	1028	946	7845	0.90929	0.74349	0.65930		
08:47:42	1050	1050	1061	1166	7839	0.92569	0.74348	0.67245		
08:47:52	1050	1050	1066	1066	7818	0.91901	0.74378	0.66736		
08:48:02	1050	1050	1085	1205	7798	0.92805	0.74320	0.67409		
08:48:12	1100	1050	1101	1114	7811	0.92240	0.74247	0.66890		
08:48:22	1050	1050	1089	1020	7811	0.91556	0.74252	0.66347		
08:48:32	1100	1050	1106	1067	7809	0.91914	0.74244	0.66626		
08:48:42	1050	1050	1091	1079	7803	0.91997	0.74213	0.66665		
08:48:53	1050	1050	1099	1111	7794	0.92220	0.74155	0.66791		
08:49:03	1050	1050	1071	1039	7787	0.91705	0.74163	0.66386		
08:49:13	1050	1000	1051	985	7782	0.91268	0.74148	0.66023		
08:49:23	1050	1050	1064	1101	7777	0.92150	0.74119	0.66703		
08:49:33	1050	1050	1065	1071	7770	0.91942	0.74103	0.66522		
08:49:43	1100	1100	1104	1317	7762	0.93392	0.74067	0.67649		
08:49:53	1050	1050	1097	1069	7751	0.91925	0.74067	0.66476		
08:50:03	1100	1100	1131	1243	7741	0.93016	0.74038	0.67322		
08:50:13	1100	1100	1150	1099	7734	0.92138	0.74013	0.66598		
08:50:23	1150	1150	1155	1134	7725	0.92372	0.73980	0.66755		
08:50:33	1150	1150	1159	1092	7718	0.92091	0.73915	0.66472		
08:50:43	1150	1150	1159	1087	7709	0.92056	0.73880	0.66413		
08:50:53	1100	1100	1124	1093	7700	0.92099	0.73941	0.66502		
08:51:03	1100	1100	1113	1174	7692	0.92623	0.73933	0.66913		
08:51:13	1100	1100	1110	1080	7679	0.92005	0.73939	0.66425		
08:51:23	1100	1100	1109	1128	7663	0.92328	0.73951	0.66694		
08:51:33	1100	1100	1115	1128	7663	0.92328	0.73951	0.66694		
08:51:43	1100	1100	1121	1128	7663	0.92328	0.73951	0.66694		
08:52:33	1100	1100	1131	1150	7580	0.92474	0.74015	0.66868		
08:52:43	1050	1100	1100	972	7573	0.91157	0.74020	0.65821		
08:52:53	1100	1100	1125	1233	7563	0.92958	0.74088	0.67321		
08:53:03	1100	1100	1109	1033	7552	0.91654	0.74175	0.66356		
08:53:13	1050	1050	1097	1054	7544	0.91819	0.74187	0.66499		
08:53:23	1050	1050	1085	1057	7532	0.91835	0.74167	0.66494		
08:53:34	1050	1050	1088	1167	7527	0.92577	0.74184	0.67103		
08:53:44	1100	1100	1122	1189	7522	0.92713	0.74194	0.67221		
08:53:54	1050	1100	1086	1016	7517	0.91526	0.74184	0.66262		
08:54:04	1050	1050	1089	1051	7515	0.91794	0.74185	0.66477		
08:54:14	1100	1100	1123	1262	7511	0.93117	0.74193	0.67544		
08:54:24	1100	1100	1126	1076	7510	0.91979	0.74208	0.66646		
08:54:34	1050	1050	1082	837	7510	0.89803	0.74211	0.64906		
08:54:44	1050	1000	1051	989	7507	0.91302	0.74180	0.66079		
08:54:54	1050	1050	1071	1140	7502	0.92409	0.74171	0.66957		
08:55:04	1050	1000	1061	973	7499	0.91164	0.74175	0.65964		
08:55:14	1000	1000	1039	1132	7494	0.92360	0.74129	0.66880		
08:55:24	1000	1000	1042	1095	7490	0.92110	0.74147	0.66696		
08:55:34	1050	1000	1055	951	7487	0.90974	0.74172	0.65809		
08:55:44	1050	1000	1054	984	7487	0.91263	0.74144	0.66016		
08:55:55	1050	1050	1065	1204	7488	0.92800	0.74191	0.67288		
08:56:05	1050	1050	1094	1161	7489	0.92543	0.74194	0.67085		
08:56:15	1050	1050	1088	1098	7490	0.92132	0.74207	0.66768		
08:56:25	1050	1050	1076	1025	7489	0.91592	0.74212	0.66340		
08:56:35	1050	1050	1089	1052	7487	0.91801	0.74225	0.66519		
08:56:45	1050	1050	1089	1067	7484	0.91908	0.74245	0.66622		
08:56:55	1050	1050	1071	1028	7471	0.91620	0.74219	0.66368		
08:57:05	1050	1050	1058	1078	7467	0.91993	0.74266	0.66709		
08:57:15	1050	1050	1069	1167	7462	0.92576	0.74327	0.67232		
08:57:25	1050	1050	1074	1055	7465	0.91822	0.74213	0.66525		
08:57:35	1050	1050	1069	1023	7474	0.91582	0.74218	0.66337		
08:57:45	1050	1050	1068	1061	7481	0.91867	0.74268	0.66610		
08:57:55	1050	1050	1075	1068	7487	0.91917	0.74261	0.66644		
08:58:05	1100	1100	1124	1374	7485	0.93660	0.74222	0.68005		
08:58:15	1050	1050	1098	1001	7482	0.91402	0.74224	0.66198		
08:58:25	1100	1100	1105	1099	7484	0.92138	0.74254	0.66815		
08:58:35	1100	1100	1123	1134	7486	0.92368	0.74227	0.66975		
08:58:45	1100	1100	1143	1176	7488	0.92633	0.74247	0.67205		
08:58:56	1150	1150	1168	1222	7491	0.92900	0.74231	0.67404		
08:59:06	1100	1100	1144	1229	7494	0.92938	0.74242	0.67445		
08:59:16	1150	1150	1181	1229	7494	0.92938	0.74242	0.67445		
08:59:26	1200	1200	1203	1229	7494	0.92938	0.74242	0.67445		


			DELHI AIRPORT : 30 m Base line


Time	RVR	 MOR	RVR	MOR	BLM	Trf	 Ref(v)	PD(v)
	(limited)	(limited)	(actual)	(actual)

09:10:45	1150	1150	194	1168	7225	0.92584	0.74415	0.67318		
09:10:55	1000	1000	367	1035	7222	0.91669	0.74413	0.66581		
09:11:05	1200	1200	568	1210	7218	0.92830	0.74415	0.67515		
09:11:15	1150	1150	568	1196	7215	0.92751	0.74427	0.67463		
09:11:25	650	500	879	518	7183	0.84059	0.74428	0.60483		
09:11:35	1050	1050	879	1058	7185	0.91848	0.74435	0.66745		
09:11:45	1200	1200	1066	1230	7192	0.92943	0.74419	0.67610		
09:11:55	1100	1100	1081	1123	7193	0.92299	0.74438	0.67110		
09:12:05	1050	1000	1066	1120	7195	0.92278	0.74394	0.67053		
09:12:15	1000	1000	1040	1044	7195	0.91743	0.74382	0.66613		
09:12:25	1100	1000	1111	1092	7189	0.92088	0.74369	0.66878		
09:12:35	1100	1100	1131	1177	7189	0.92640	0.74434	0.67380		
09:12:45	1050	1100	1090	953	7188	0.90990	0.74473	0.66089		
09:12:55	1050	1050	1087	1104	7185	0.92168	0.74432	0.66999		
09:13:05	1050	1050	1099	1197	7178	0.92756	0.74422	0.67462		
09:13:15	1050	1050	1096	1014	7170	0.91503	0.74457	0.66487		
09:13:25	1100	1100	1112	1189	7175	0.92712	0.74408	0.67414		
09:13:35	1100	1050	1103	1122	7174	0.92289	0.74483	0.67142		
09:13:45	1100	1100	1141	1212	7177	0.92844	0.74492	0.67596		
09:13:55	1150	1100	1154	1182	7178	0.92668	0.74534	0.67493		
09:14:05	1100	1100	1143	1134	7175	0.92373	0.74524	0.67247		
09:14:15	1150	1150	1153	1081	7171	0.92013	0.74486	0.66923		
09:14:25	1100	1100	1140	1111	7166	0.92222	0.74343	0.66962		
09:14:35	1100	1100	1141	1128	7139	0.92331	0.74398	0.67099		
09:14:46	1100	1100	1111	1034	7133	0.91661	0.74429	0.66589		
09:14:56	1050	1050	1085	1012	7130	0.91488	0.74409	0.66432		
09:15:06	1050	1050	1082	1119	7131	0.92272	0.74355	0.67013		
09:15:16	1050	1050	1099	1182	7129	0.92666	0.74376	0.67348		
09:15:26	1100	1100	1111	1180	7123	0.92658	0.74437	0.67397		
09:15:36	1100	1100	1123	1204	7112	0.92797	0.74424	0.67497		
09:15:46	1100	1100	1146	1173	7108	0.92615	0.74388	0.67318		
09:15:56	1150	1150	1170	1166	7103	0.92570	0.74396	0.67289		
09:16:06	1150	1150	1168	1108	7098	0.92201	0.74399	0.66996		
09:16:16	1150	1150	1172	1206	7085	0.92809	0.74385	0.67471		
09:16:26	1100	1100	1143	976	7076	0.91187	0.74363	0.66150		
09:16:36	1100	1100	1133	1149	7070	0.92465	0.74373	0.67184		
09:16:46	1100	1100	1113	1053	7064	0.91811	0.74386	0.66671		
09:16:56	1050	1050	1095	1053	7064	0.91811	0.74386	0.66671		
09:17:06	1100	1050	1110	1198	7059	0.92762	0.74371	0.67421		
09:17:16	1050	1050	1089	1083	7053	0.92029	0.74355	0.66818		
09:17:26	1050	1050	1089	1132	7047	0.92355	0.74349	0.67074		
09:17:36	1100	1100	1106	1119	7041	0.92273	0.74364	0.67022		
09:17:46	1100	1100	1106	1020	7035	0.91551	0.74370	0.66448		
09:17:56	1100	1100	1120	1159	7028	0.92528	0.74347	0.67211		
09:18:06	1100	1100	1107	1124	7008	0.92305	0.74449	0.67124		
09:18:16	1100	1100	1123	1177	7007	0.92640	0.74437	0.67383		
09:18:27	1100	1100	1117	1099	7001	0.92138	0.74459	0.66999		
09:18:37	1100	1100	1120	1135	6996	0.92377	0.74440	0.67174		
09:18:47	1100	1100	1120	1093	6990	0.92097	0.74430	0.66940		
09:18:57	1100	1100	1120	1093	6990	0.92097	0.74430	0.66940		
09:19:07	1100	1100	1116	1100	6983	0.92143	0.74348	0.66903		
09:19:17	1100	1100	1125	1233	6980	0.92961	0.74290	0.67507		
09:19:27	1100	1100	1149	1242	6975	0.93013	0.74281	0.67540		
09:19:37	1100	1100	1137	1061	6970	0.91866	0.74236	0.66581		
09:19:47	1150	1150	1153	1189	6968	0.92707	0.74251	0.67268		
09:19:57	1100	1100	1149	1072	6966	0.91949	0.74219	0.66632		
09:20:07	1100	1100	1149	1320	6963	0.93411	0.74181	0.67768		
09:20:17	1150	1150	1157	1059	6960	0.91854	0.74149	0.66493		
09:20:27	1100	1150	1124	1045	6957	0.91749	0.74156	0.66415		
09:20:37	1150	1100	1151	1220	6953	0.92888	0.74128	0.67301		
09:20:48	1100	1100	1138	1111	6952	0.92218	0.74160	0.66794		
09:20:58	1100	1100	1121	923	6951	0.90707	0.74136	0.65564		
09:21:08	1050	1100	1096	1173	6953	0.92613	0.74148	0.67099		
09:21:18	1050	1050	1096	1059	6952	0.91851	0.74133	0.66476		
09:21:28	1100	1050	1102	1082	6949	0.92022	0.74121	0.66602		
09:21:38	1100	1050	1102	1147	6940	0.92454	0.74109	0.66937		
09:21:48	1050	1050	1080	1052	6924	0.91804	0.74139	0.66444		
09:21:58	1100	1100	1126	1243	6926	0.93017	0.74092	0.67372		
09:22:08	1100	1100	1135	1229	6929	0.92936	0.74114	0.67327		
09:22:18	1100	1100	1142	1104	6928	0.92172	0.74090	0.66694		
09:22:28	1150	1100	1159	1182	6929	0.92668	0.74110	0.67109		
09:22:38	1100	1100	1148	1083	6934	0.92029	0.74126	0.66612		
09:22:48	1100	1100	1146	1027	6937	0.91608	0.74096	0.66249		
09:22:58	1100	1100	1114	1051	6937	0.91791	0.74127	0.66423		
09:23:08	1100	1100	1104	1168	6935	0.92584	0.74116	0.67047		
09:23:18	1100	1100	1119	1194	6931	0.92738	0.74128	0.67181		
09:23:28	1100	1100	1119	1187	6927	0.92700	0.74115	0.67139		
09:23:38	1100	1100	1124	1109	7014	0.92203	0.74112	0.66739		
09:23:48	1100	1100	1150	1194	6921	0.92740	0.74073	0.67133		
09:23:58	1100	1100	1148	1031	6919	0.91639	0.74062	0.66243		
09:24:08	1100	1100	1130	1061	6915	0.91867	0.74026	0.66393		
09:24:18	1100	1100	1112	1085	6909	0.92042	0.74048	0.66553		
09:24:28	1050	1050	1074	899	6904	0.90476	0.74042	0.65296		
09:24:38	1050	1050	1071	1093	6897	0.92094	0.74039	0.66586		
09:24:48	1050	1000	1054	1089	6890	0.92065	0.74031	0.66556		
09:24:58	1050	1050	1061	1086	6881	0.92045	0.73946	0.66463		
09:25:08	1050	1050	1079	1169	6874	0.92589	0.73996	0.66943		
09:25:18	1050	1050	1083	1104	6858	0.92170	0.73990	0.66603		
09:25:28	1050	1050	1096	1024	6849	0.91583	0.74020	0.66161		
09:25:38	1050	1050	1084	1003	6842	0.91419	0.73988	0.66001		
09:25:48	1050	1050	1082	1076	6835	0.91975	0.74121	0.66565		
09:25:58	1100	1050	1104	1218	6827	0.92877	0.74077	0.67246		
09:26:08	1050	1050	1098	1131	6816	0.92348	0.74051	0.66800		
09:26:19	1100	1100	1115	1205	6804	0.92803	0.74043	0.67156		
09:26:29	1100	1100	1127	1112	6800	0.92225	0.73999	0.66655		
09:26:39	1100	1100	1138	1086	6794	0.92046	0.73989	0.66503		
09:26:49	1100	1100	1144	1114	6772	0.92238	0.74028	0.66691		
09:26:59	1100	1100	1126	1110	6770	0.92214	0.74056	0.66697		
09:27:09	1100	1100	1117	1079	6763	0.91995	0.74107	0.66568		
09:27:19	1100	1100	1102	1115	6757	0.92248	0.74125	0.66787		
09:27:29	1100	1100	1128	1269	6753	0.93155	0.74094	0.67484		
09:27:39	1100	1100	1128	1083	6746	0.92026	0.74096	0.66583		
09:27:49	1100	1100	1132	1141	6741	0.92413	0.74080	0.66878		
09:27:59	1100	1100	1149	1209	6733	0.92823	0.74092	0.67217		
09:28:09	1100	1100	1147	1064	6725	0.91889	0.74071	0.66451		
09:28:19	1100	1100	1146	1111	6716	0.92217	0.74102	0.66741		
09:28:29	1100	1100	1124	1140	6706	0.92412	0.74079	0.66876		
09:28:39	1100	1100	1125	1086	6695	0.92047	0.74106	0.66609		
09:28:49	1100	1100	1128	1161	6683	0.92544	0.74073	0.66976		
09:28:59	1100	1050	1101	1026	6673	0.91600	0.74072	0.66221		
09:29:10	1100	1100	1113	1142	6663	0.92423	0.74057	0.66865		
09:29:20	1100	1100	1105	1058	6655	0.91843	0.74096	0.66437		
09:29:30	1050	1050	1094	1071	6649	0.91940	0.74056	0.66478		
09:29:40	1050	1050	1094	1243	6644	0.93013	0.74056	0.67336		
09:29:50	1100	1100	1106	1078	6640	0.91989	0.74084	0.66543		
09:30:00	1100	1100	1124	1151	6636	0.92478	0.74108	0.66955		
09:30:10	1100	1100	1124	1165	6624	0.92563	0.74046	0.66967		
09:30:20	1100	1100	1125	1026	6618	0.91600	0.74073	0.66222		
09:30:30	1100	1100	1127	1082	6617	0.92015	0.74089	0.66568		
09:30:40	1100	1100	1111	1149	6612	0.92465	0.74078	0.66918		
09:30:50	1100	1100	1118	1121	6603	0.92283	0.74152	0.66839		
09:31:00	1100	1100	1107	1084	6599	0.92034	0.74161	0.66648		
09:31:10	1100	1100	1116	1217	6598	0.92873	0.74091	0.67256		
09:31:20	1100	1100	1118	1050	6596	0.91787	0.74160	0.66449		
09:31:30	1100	1100	1136	1187	6594	0.92699	0.74132	0.67154		
09:31:41	1100	1100	1134	1139	6591	0.92401	0.74091	0.66878		
09:31:51	1100	1100	1148	1204	6586	0.92798	0.74175	0.67272		
09:32:01	1150	1150	1173	1234	6582	0.92968	0.74107	0.67346		
09:32:11	1100	1150	1148	1058	6578	0.91848	0.74124	0.66466		
09:32:21	1150	1150	1156	1112	6573	0.92222	0.74115	0.66757		
09:32:31	1150	1150	1158	1198	6569	0.92761	0.74112	0.67185		
09:32:41	1150	1150	1154	1116	6563	0.92255	0.74107	0.66776		
09:32:51	1100	1100	1147	1159	6556	0.92527	0.74084	0.66973		
09:33:01	1100	1100	1125	1102	6553	0.92155	0.74111	0.66700		
09:33:11	1100	1100	1145	1186	6553	0.92693	0.74173	0.67186		
09:33:21	1100	1100	1146	1118	6557	0.92263	0.74092	0.66769		
09:33:31	1100	1100	1146	1009	6547	0.91469	0.74143	0.66180		
09:33:41	1100	1100	1126	1157	6543	0.92517	0.74156	0.67030		
09:33:51	1100	1100	1108	1035	6539	0.91669	0.74140	0.66337		
09:34:01	1100	1100	1120	1172	6536	0.92607	0.74140	0.67087		
09:34:11	1100	1100	1114	1151	6533	0.92477	0.74124	0.66969		
09:34:21	1100	1100	1109	1088	6526	0.92060	0.74140	0.66650		
09:34:31	1100	1100	1116	1080	6520	0.92005	0.74219	0.66677		
09:34:41	1050	1050	1091	964	6516	0.91086	0.74144	0.65874		
09:34:52	1050	1050	1097	1087	6512	0.92057	0.74133	0.66641		
09:35:02	1050	1050	1078	1045	6508	0.91744	0.74122	0.66381		
09:35:12	1050	1050	1100	1279	6499	0.93204	0.74099	0.67528		
09:35:22	1050	1050	1100	1143	6491	0.92426	0.74184	0.66982		
09:35:32	1100	1050	1109	1127	6481	0.92326	0.74118	0.66843		
09:35:42	1100	1100	1123	1021	6478	0.91560	0.74098	0.66212		
09:35:52	1100	1100	1122	1082	6472	0.92020	0.74139	0.66617		
09:36:02	1100	1100	1127	1087	6465	0.92055	0.74118	0.66626		
09:36:12	1050	1050	1093	1067	6457	0.91911	0.74075	0.66472		
09:36:22	1050	1050	1073	985	6453	0.91271	0.74171	0.66046		
09:36:32	1050	1050	1098	1279	6450	0.93206	0.74160	0.67585		
09:36:42	1100	1100	1118	1165	6440	0.92563	0.74175	0.67084		
09:36:52	1100	1100	1144	1240	6433	0.92999	0.74162	0.67421		
09:37:02	1100	1100	1149	1115	6430	0.92247	0.74163	0.66820		
09:37:12	1150	1100	1151	1088	6422	0.92059	0.74156	0.66663		
09:37:22	1150	1150	1163	1094	6416	0.92099	0.74171	0.66709		
09:37:32	1100	1100	1123	1008	6413	0.91462	0.74171	0.66199		
09:37:42	1100	1100	1122	1156	6410	0.92510	0.74155	0.67023		
09:37:52	1050	1050	1091	1033	6403	0.91655	0.74177	0.66359		
09:38:02	1050	1050	1080	1023	6396	0.91576	0.74182	0.66300		
09:38:12	1050	1050	1088	1138	6389	0.92397	0.74273	0.67039		
09:38:22	1100	1050	1110	1228	6383	0.92935	0.74323	0.67516		
09:38:32	1100	1050	1115	1052	6378	0.91799	0.74384	0.66660		
09:38:42	1100	1100	1117	1168	6370	0.92587	0.74321	0.67235		
09:38:52	1100	1100	1127	1115	6363	0.92247	0.74317	0.66959		
09:39:02	1100	1100	1131	1055	6356	0.91820	0.74339	0.66636		
09:39:12	1100	1100	1128	1123	6348	0.92300	0.74341	0.67023		
09:39:22	1100	1050	1103	1065	6339	0.91900	0.74352	0.66712		
09:39:32	1100	1050	1104	1065	6331	0.91893	0.74346	0.66701		
09:39:42	1050	1050	1096	1119	6323	0.92275	0.74328	0.66991		
09:39:52	1050	1050	1091	1076	6316	0.91977	0.74323	0.66748		
09:40:02	1050	1050	1096	1101	6308	0.92151	0.74357	0.66918		
09:40:12	1050	1050	1099	1140	6300	0.92410	0.74345	0.67115		
09:40:23	1100	1050	1101	1078	6292	0.91990	0.74356	0.66788		
09:40:33	1100	1050	1102	1072	6284	0.91950	0.74306	0.66711		
09:40:43	1100	1100	1115	1196	6277	0.92749	0.74303	0.67349		
09:40:53	1100	1100	1127	1158	6270	0.92521	0.74312	0.67174		
09:41:03	1100	1100	1134	1141	6264	0.92418	0.74285	0.67067		
09:41:13	1100	1100	1130	1116	6244	0.92250	0.74262	0.66912		
09:41:23	1100	1100	1142	1160	6237	0.92533	0.74244	0.67122		
09:41:33	1100	1100	1142	1076	6235	0.91976	0.74263	0.66693		
09:41:43	1100	1100	1124	1070	6223	0.91930	0.74239	0.66635		
09:41:53	1100	1100	1121	1140	6221	0.92408	0.74211	0.66992		
09:42:03	1100	1100	1121	1078	6214	0.91993	0.74217	0.66665		
09:42:13	1100	1100	1110	1106	6207	0.92184	0.74243	0.66842		
09:42:23	1100	1100	1107	1141	6200	0.92417	0.74208	0.66997		
09:42:33	1100	1100	1118	1151	6195	0.92481	0.74211	0.67051		
09:42:43	1100	1100	1117	1057	6188	0.91834	0.74210	0.66532		
09:42:53	1100	1100	1121	1164	6183	0.92561	0.74195	0.67100		
09:43:03	1100	1100	1122	1086	6178	0.92044	0.74200	0.66691		
09:43:13	1100	1050	1110	996	6166	0.91360	0.74200	0.66143		
09:43:23	1050	1050	1099	1048	6156	0.91772	0.74209	0.66481		
09:43:33	1050	1050	1086	1052	6149	0.91800	0.74198	0.66494		
09:43:43	1050	1050	1093	1120	6141	0.92277	0.74225	0.66900		
09:43:53	1050	1050	1073	1003	6134	0.91420	0.74210	0.66200		
09:44:03	1050	1050	1079	1129	6126	0.92340	0.74196	0.66924		
09:44:13	1050	1050	1094	1129	6126	0.92340	0.74196	0.66924		
09:44:28	1050	1050	1089	996	6117	0.91359	0.74187	0.66131		
09:44:38	1050	1050	1088	1043	6111	0.91731	0.74186	0.66428		
09:44:48	1050	1000	1074	989	6104	0.91301	0.74194	0.66091		
09:44:58	1050	1050	1081	1071	6094	0.91937	0.74195	0.66601		
09:45:08	1050	1050	1081	1120	6086	0.92275	0.74181	0.66859		
09:45:21	1050	1050	1080	1066	6080	0.91905	0.74178	0.66560		
09:45:31	1050	1000	1073	1047	6076	0.91765	0.74268	0.66528		
09:45:41	1050	1050	1100	1200	6071	0.92777	0.74333	0.67398		
09:45:51	1100	1050	1111	1096	6068	0.92114	0.74329	0.66863		
09:46:01	1100	1050	1110	1058	6064	0.91846	0.74336	0.66654		
09:46:11	1100	1050	1103	1054	6060	0.91817	0.74329	0.66625		
09:46:21	1100	1050	1112	1139	6054	0.92402	0.74329	0.67094		
09:46:31	1100	1050	1111	1038	6047	0.91692	0.74391	0.66580		
09:46:41	1100	1050	1103	1149	6042	0.92469	0.74325	0.67144		
09:46:51	1050	1050	1098	1050	6036	0.91786	0.74326	0.66597		
09:47:01	1100	1050	1102	1091	6030	0.92084	0.74311	0.66823		
09:47:11	1100	1050	1110	1128	6024	0.92331	0.74319	0.67028		
09:47:21	1100	1050	1104	1097	6020	0.92122	0.74325	0.66866		
09:47:31	1100	1050	1105	1043	6016	0.91731	0.74338	0.66564		
09:47:41	1050	1050	1096	1076	6010	0.91978	0.74357	0.66779		
09:47:51	1100	1050	1107	1144	6004	0.92432	0.74374	0.67159		
09:48:01	1100	1050	1107	1103	6000	0.92163	0.74364	0.66934		
09:48:11	1100	1050	1104	1088	5998	0.92060	0.74453	0.66931		
09:48:21	1050	1050	1099	1050	5996	0.91788	0.74375	0.66643		
09:48:31	1050	1050	1099	1037	5994	0.91689	0.74395	0.66581		
09:48:41	1050	1050	1094	1030	5992	0.91636	0.74384	0.66529		
09:48:51	1050	1000	1068	905	5990	0.90531	0.74388	0.65645		
09:49:01	1050	1000	1062	1047	5988	0.91760	0.74393	0.66636		
09:49:11	1050	1000	1064	1101	5984	0.92153	0.74461	0.67013		
09:49:21	1050	1000	1078	1164	5956	0.92557	0.74408	0.67290		
09:49:31	1050	1050	1082	1075	5964	0.91971	0.74414	0.66825		
09:49:41	1050	1050	1083	1039	5958	0.91703	0.74420	0.66615		
09:49:51	1100	1050	1105	1115	5958	0.92245	0.74420	0.67050		
09:50:01	1100	1050	1102	1013	5958	0.91499	0.74410	0.66442		
09:50:11	1050	1050	1091	996	5953	0.91363	0.74416	0.66338		
09:50:21	1050	1050	1097	1197	5952	0.92758	0.74429	0.67470		
09:50:31	1050	1050	1095	1053	5952	0.91809	0.74441	0.66719		
09:50:41	1050	1050	1090	996	5940	0.91358	0.74439	0.66355		
09:50:51	1050	1050	1089	1101	5928	0.92147	0.74447	0.66996		
09:51:01	1050	1050	1095	1068	5932	0.91922	0.75342	0.67618		
09:51:11	1100	1050	1105	1098	5927	0.92132	0.75380	0.67823		
09:51:21	1050	1050	1099	1156	5925	0.92513	0.75336	0.68093		
09:51:31	1050	1050	1096	1026	5925	0.91601	0.75328	0.67345		
09:51:41	1100	1050	1105	1078	5920	0.91992	0.75343	0.67676		
09:51:52	1050	1050	1098	1031	5918	0.91638	0.75354	0.67398		
09:52:02	1100	1100	1141	1350	5916	0.93552	0.75396	0.68993		
09:52:12	1100	1100	1148	1153	5910	0.92489	0.75340	0.68077		
09:52:22	1150	1100	1160	1226	5910	0.92924	0.75324	0.68416		
09:52:32	1150	1150	1166	1092	5909	0.92087	0.75334	0.67745		
09:52:42	1150	1150	1168	1090	5907	0.92074	0.75340	0.67740		
09:52:52	1150	1150	1169	1046	5905	0.91752	0.75362	0.67498		
09:53:02	1100	1100	1128	1085	5897	0.92041	0.75370	0.67740		
09:53:12	1100	1100	1128	1152	5884	0.92486	0.75363	0.68096		
09:53:22	1100	1050	1105	1061	5875	0.91865	0.75352	0.67581		
09:53:32	1100	1100	1126	1232	5861	0.92954	0.75342	0.68457		
09:53:42	1100	1100	1141	1194	5862	0.92738	0.75333	0.68273		
09:53:52	1150	1150	1176	1287	5863	0.93246	0.75340	0.68693		
09:54:02	1150	1150	1166	997	5861	0.91367	0.75342	0.67167		
09:54:12	1150	1100	1151	1010	5859	0.91475	0.75336	0.67249		
09:54:22	1100	1100	1150	1055	5854	0.91822	0.75329	0.67525		
09:54:32	1100	1100	1131	1110	5845	0.92213	0.75311	0.67827		
09:54:42	1100	1050	1119	1107	5841	0.92192	0.75295	0.67795		
09:54:52	1050	1050	1093	1130	5835	0.92342	0.75294	0.67916		
09:55:02	1050	1050	1089	959	5829	0.91043	0.75284	0.66852		
09:55:12	1050	1050	1099	1102	5821	0.92155	0.75280	0.67752		
09:55:22	1100	1050	1114	1177	5815	0.92641	0.75278	0.68145		
09:55:32	1100	1050	1108	1051	5811	0.91790	0.75267	0.67444		
09:55:42	1100	1050	1109	1112	5807	0.92224	0.75217	0.67751		
09:55:52	1100	1050	1104	1084	5800	0.92033	0.75228	0.67606		
09:56:02	1100	1100	1118	1089	5794	0.92065	0.75218	0.67623		
09:56:12	1100	1100	1127	1169	5789	0.92591	0.75229	0.68060		
09:56:22	1100	1050	1107	1009	5783	0.91466	0.75232	0.67149		
09:56:32	1100	1050	1123	1177	5776	0.92641	0.75220	0.68092		
09:56:42	1100	1050	1118	1066	5769	0.91907	0.75217	0.67494		
09:56:52	1100	1050	1113	1034	5763	0.91666	0.75220	0.67301		
09:57:02	1100	1050	1115	1104	5756	0.92174	0.75224	0.67717		
09:57:12	1100	1050	1101	1047	5747	0.91761	0.75229	0.67386		
09:57:22	1100	1050	1120	1170	5726	0.92598	0.75205	0.68044		
09:57:32	1100	1050	1120	1181	5713	0.92665	0.75218	0.68110		
09:57:42	1100	1050	1118	1042	5704	0.91724	0.75219	0.67347		
09:57:52	1100	1100	1126	1107	5699	0.92191	0.75217	0.67724		
09:58:02	1100	1100	1125	1088	5692	0.92058	0.75219	0.67618		
09:58:12	1100	1050	1117	976	5688	0.91193	0.75208	0.66906		
09:58:22	1100	1050	1106	1073	5680	0.91953	0.75197	0.67513		
09:58:32	1050	1050	1096	1102	5677	0.92160	0.75216	0.67698		
09:58:42	1050	1050	1096	1164	5667	0.92558	0.75215	0.68020		
09:58:52	1100	1050	1108	1094	5650	0.92102	0.75221	0.67656		
09:59:02	1100	1050	1102	1024	5647	0.91586	0.75251	0.67264		
09:59:12	1100	1050	1118	1122	5642	0.92291	0.75255	0.67840		
09:59:22	1100	1100	1123	1127	5633	0.92325	0.75258	0.67870		
09:59:32	1100	1100	1127	1135	5623	0.92374	0.75387	0.68026		
09:59:42	1100	1050	1115	1056	5611	0.91833	0.75370	0.67571		
09:59:52	1100	1050	1113	1064	5603	0.91891	0.75361	0.67610		
10:00:02	1100	1050	1116	1054	5594	0.91814	0.75354	0.67541		
10:00:12	1100	1050	1122	1167	5586	0.92580	0.75342	0.68153		
10:00:22	1100	1050	1122	1108	5576	0.92201	0.75341	0.67844		
10:00:32	1100	1050	1109	1029	5567	0.91622	0.75312	0.67347		
10:00:42	1100	1050	1113	1083	5558	0.92024	0.75304	0.67667		
10:00:52	1100	1050	1113	1065	5550	0.91894	0.75300	0.67558		
10:01:02	1100	1050	1117	1089	5539	0.92070	0.75280	0.67683		
10:01:12	1100	1050	1112	1123	5529	0.92297	0.75271	0.67859		
10:01:22	1100	1050	1107	1051	5521	0.91796	0.75269	0.67450		
10:01:32	1100	1050	1102	987	5517	0.91285	0.75265	0.67032		
10:01:42	1050	1050	1096	1020	5514	0.91557	0.75260	0.67248		
10:01:52	1100	1050	1113	1205	5511	0.92803	0.75249	0.68250		
10:02:02	1100	1050	1119	1140	5508	0.92408	0.75245	0.67926		
10:02:12	1050	1050	1100	949	5503	0.90955	0.75235	0.66737		
10:02:22	1050	1050	1095	998	5504	0.91376	0.75225	0.67070		
10:02:32	1050	1050	1096	999	5494	0.91385	0.75230	0.67082		
10:02:43	1100	1050	1104	1091	5488	0.92085	0.75210	0.67632		
10:02:53	1050	1000	1090	1095	5483	0.92111	0.75208	0.67651		
10:03:03	1050	1000	1077	1014	5477	0.91505	0.75202	0.67154		
10:03:13	1050	1000	1090	1070	5472	0.91932	0.75180	0.67481		
10:03:23	1100	1050	1107	1156	5465	0.92511	0.75179	0.67950		
10:03:33	1100	1050	1120	1122	5459	0.92291	0.75172	0.67765		
10:03:43	1100	1050	1116	1048	5453	0.91773	0.75194	0.67364		
10:03:53	1100	1050	1116	1093	5448	0.92097	0.75293	0.67716		
10:04:03	1100	1050	1116	1096	5442	0.92114	0.75294	0.67731		
10:04:13	1100	1100	1137	1184	5436	0.92678	0.75282	0.68178		
10:04:23	1100	1100	1137	1153	5429	0.92494	0.75299	0.68044		
10:04:33	1100	1100	1149	1211	5392	0.92837	0.75288	0.68313		
10:04:43	1150	1100	1151	1064	5406	0.91886	0.75295	0.67547		
10:04:53	1150	1100	1157	1143	5398	0.92430	0.75292	0.67986		
10:05:03	1100	1050	1119	765	5399	0.88905	0.75284	0.65115		
10:05:13	1100	1050	1112	1118	5400	0.92265	0.75280	0.67841		
10:05:23	1100	1050	1106	1092	5396	0.92089	0.75285	0.67703		
10:05:33	1050	1050	1097	1143	5390	0.92427	0.75300	0.67991		
10:05:43	1050	1000	1089	988	5398	0.91295	0.75272	0.67046		
10:05:53	1050	1000	1080	1063	5377	0.91884	0.75283	0.67534		
10:06:03	1100	1050	1123	1145	5372	0.92443	0.75276	0.67982		
10:06:13	1100	1050	1118	1061	5366	0.91870	0.75286	0.67526		
10:06:23	1100	1050	1111	1025	5360	0.91590	0.75289	0.67301		
10:06:33	1050	1000	1098	1023	5353	0.91578	0.75288	0.67290		
10:06:43	1100	1050	1102	1017	5347	0.91530	0.75324	0.67283		
10:06:53	1100	1050	1102	1065	5339	0.91897	0.75301	0.67561		
10:07:03	1050	1000	1098	1099	5330	0.92135	0.75295	0.67749		
10:07:13	1100	1050	1114	1205	5321	0.92806	0.75274	0.68275		
10:07:23	1100	1050	1118	1060	5314	0.91859	0.75276	0.67508		
10:07:33	1100	1050	1121	1046	5307	0.91758	0.75292	0.67440		
10:07:43	1100	1100	1135	1152	5284	0.92484	0.75270	0.68010		
10:07:54	1100	1100	1136	1070	5274	0.91934	0.75251	0.67546		
10:08:04	1100	1050	1126	1000	5269	0.91395	0.75239	0.67098		
10:08:14	1100	1050	1107	1034	5262	0.91663	0.75211	0.67290		
10:08:24	1050	1050	1100	990	5258	0.91307	0.75197	0.66989		
10:08:34	1100	1050	1103	1069	5250	0.91927	0.75186	0.67482		
10:08:44	1100	1050	1101	1130	5249	0.92344	0.75203	0.67836		
10:08:54	1100	1000	1108	1134	5245	0.92372	0.75176	0.67834		
10:09:04	1100	1050	1131	1207	5243	0.92814	0.75140	0.68160		
10:09:14	1100	1100	1138	1104	5241	0.92171	0.75180	0.67675		
10:09:24	1100	1100	1148	1080	5237	0.92007	0.75168	0.67531		
10:09:34	1100	1100	1146	1051	5233	0.91793	0.75182	0.67370		
10:09:44	1100	1100	1143	1095	5221	0.92112	0.75172	0.67620		
10:09:54	1100	1050	1131	1022	5206	0.91571	0.75155	0.67166		
10:10:04	1100	1050	1110	1011	5200	0.91486	0.75143	0.67086		
10:10:14	1100	1050	1107	1076	5197	0.91977	0.75128	0.67471		
10:10:24	1100	1050	1110	1104	5195	0.92170	0.75100	0.67602		
10:10:34	1100	1050	1122	1166	5191	0.92572	0.75063	0.67894		
10:10:44	1100	1050	1125	1119	5184	0.92274	0.75065	0.67655		
10:10:54	1100	1050	1135	1112	5180	0.92224	0.75053	0.67603		
10:11:04	1150	1100	1154	1192	5175	0.92729	0.75070	0.68028		
10:11:14	1150	1100	1157	1108	5170	0.92196	0.75121	0.67642		
10:11:24	1150	1100	1155	1077	5164	0.91980	0.75178	0.67518		
10:11:34	1100	1100	1141	1033	5159	0.91658	0.75202	0.67278		
10:11:44	1100	1050	1128	1001	5155	0.91401	0.75201	0.67069		
10:11:54	1100	1050	1128	1109	5153	0.92205	0.75216	0.67735		
10:12:04	1100	1050	1115	1063	5149	0.91879	0.75209	0.67464		
10:12:15	1100	1050	1114	1094	5144	0.92100	0.75203	0.67638		
10:12:25	1100	1050	1112	1059	5139	0.91855	0.75110	0.67356		
10:12:35	1100	1050	1111	1024	5135	0.91590	0.75107	0.67138		
10:12:45	1100	1050	1114	1025	5130	0.91592	0.75107	0.67140		
10:12:55	1100	1000	1104	1014	5125	0.91511	0.75115	0.67081		
10:13:05	1050	1000	1097	994	5120	0.91343	0.75117	0.66947		
10:13:15	1050	1000	1088	1009	5116	0.91464	0.75115	0.67043		
10:13:25	1050	1000	1072	915	5112	0.90630	0.75107	0.66360		
10:13:35	1050	1000	1077	1068	5108	0.91915	0.75160	0.67449		
10:13:45	1050	950	1071	974	5101	0.91173	0.75171	0.66857		
10:13:55	1050	1000	1079	1085	5091	0.92040	0.75204	0.67590		
10:14:05	1050	1000	1082	1016	5082	0.91521	0.75186	0.67153		
10:14:15	1050	1000	1080	988	5076	0.91293	0.75196	0.66977		
10:14:25	1050	1000	1096	1062	5071	0.91872	0.75178	0.67430		
10:14:35	1100	1000	1101	1113	5063	0.92229	0.75167	0.67710		
10:14:45	1100	1000	1107	1026	5059	0.91603	0.75220	0.67250		
10:14:56	1100	1000	1103	1044	5053	0.91741	0.75143	0.67293		
10:15:06	1100	1000	1107	1051	5043	0.91796	0.75147	0.67341		
10:15:16	1100	1000	1110	1008	5033	0.91461	0.75157	0.67078		
10:15:26	1050	1000	1100	972	5027	0.91154	0.75114	0.66791		
10:15:36	1050	1000	1090	1017	5021	0.91532	0.75168	0.67146		
10:15:46	1050	1000	1086	990	5015	0.91309	0.75169	0.66966		
10:15:56	1050	1000	1088	1058	5009	0.91845	0.75146	0.67380		
10:16:06	1050	1000	1084	1009	5003	0.91463	0.75159	0.67082		
10:16:16	1050	1000	1084	1008	4990	0.91460	0.75151	0.67072		
10:16:27	1050	1000	1085	972	4982	0.91153	0.75173	0.66843		


			DELHI AIRPORT : 30 m Base line


Time	RVR	 MOR	RVR	MOR	BLM	Trf	 Ref(v)	PD(v)
	(limited)	(limited)	(actual)	(actual)

10:25:09	1100	1050	188	1055	4624	0.91821	0.75629	0.67793		
10:25:19	1100	1050	376	1055	4624	0.91821	0.75629	0.67793		
10:25:29	1100	1050	565	1055	4624	0.91821	0.75629	0.67793		
10:25:39	1100	1000	750	1029	4603	0.91622	0.75581	0.67588		
10:25:49	1050	950	931	987	4596	0.91287	0.75597	0.67329		
10:25:59	1100	1000	1119	1045	4590	0.91751	0.75598	0.67708		
10:26:09	1100	1050	1121	1069	4584	0.91924	0.75586	0.67839		
10:26:19	1100	1000	1118	1030	4577	0.91634	0.75588	0.67604		
10:26:29	1100	1000	1117	1038	4569	0.91698	0.75555	0.67627		
10:26:39	1100	1000	1112	987	4562	0.91288	0.75619	0.67349		
10:26:49	1100	1000	1124	1093	4555	0.92092	0.75616	0.68003		
10:26:59	1100	1000	1122	1020	4548	0.91558	0.75783	0.67716		
10:27:09	1100	1000	1128	1119	4541	0.92272	0.75802	0.68317		
10:27:19	1100	1000	1127	1023	4535	0.91580	0.75813	0.67761		
10:27:29	1100	1050	1136	1117	4529	0.92261	0.75862	0.68362		
10:27:39	1100	1050	1145	1061	4523	0.91869	0.75932	0.68104		
10:27:49	1100	1050	1146	1098	4517	0.92131	0.75961	0.68345		
10:27:59	1100	1050	1147	1031	4510	0.91641	0.75934	0.67919		
10:28:09	1100	1050	1146	1110	4503	0.92212	0.75913	0.68368		
10:28:19	1100	1050	1145	1010	4497	0.91471	0.75905	0.67754		
10:28:29	1100	1050	1139	1059	4490	0.91856	0.75907	0.68071		
10:28:39	1100	1050	1149	1149	4484	0.92465	0.75917	0.68579		
10:28:49	1100	1050	1147	1080	4478	0.92001	0.75899	0.68183		
10:29:00	1100	1050	1148	1039	4473	0.91703	0.75860	0.67904		
10:29:10	1100	1050	1142	1049	4467	0.91778	0.75754	0.67870		
10:29:20	1100	1050	1146	1048	4462	0.91772	0.75827	0.67931		
10:29:30	1100	1050	1148	1070	4456	0.91930	0.75950	0.68170		
10:29:40	1100	1050	1141	1086	4460	0.92048	0.75826	0.68156		
10:29:50	1100	1050	1142	1087	4445	0.92057	0.75925	0.68252		
10:30:00	1100	1050	1141	1024	4440	0.91588	0.75929	0.67871		
10:30:10	1100	1000	1133	981	4433	0.91236	0.76016	0.67660		
10:30:20	1100	1000	1132	1039	4427	0.91699	0.75828	0.67872		
10:30:30	1150	1050	1154	1271	4421	0.93162	0.76025	0.69248		
10:30:40	1150	1050	1154	1115	4415	0.92246	0.76189	0.68645		
10:30:50	1150	1050	1153	1045	4409	0.91751	0.76251	0.68293		
10:31:00	1150	1050	1162	1106	4404	0.92185	0.76263	0.68661		
10:31:10	1150	1100	1178	1116	4399	0.92255	0.76378	0.68822		
10:31:20	1150	1100	1176	1017	4395	0.91535	0.76047	0.67933		
10:31:30	1150	1050	1155	1077	4389	0.91982	0.76035	0.68289		
10:31:40	1100	1050	1142	993	4384	0.91335	0.76033	0.67757		
10:31:50	1150	1050	1152	1134	4377	0.92371	0.76040	0.68613		
10:32:01	1150	1050	1154	1117	4371	0.92261	0.75964	0.68454		
10:32:11	1100	1050	1143	1022	4365	0.91569	0.75943	0.67868		
10:32:21	1100	1050	1146	1034	4359	0.91664	0.75969	0.67969		
10:32:31	1100	1000	1135	981	4354	0.91231	0.76037	0.67675		
10:32:41	1100	1000	1143	1062	4348	0.91871	0.76001	0.68168		
10:32:51	1100	1000	1132	1037	4343	0.91686	0.75932	0.67954		
10:33:01	1100	1000	1120	1006	4337	0.91443	0.76103	0.67908		
10:33:11	1100	1000	1123	1047	4331	0.91760	0.76077	0.68145		
10:33:21	1100	1000	1130	1092	4325	0.92090	0.76057	0.68398		
10:33:31	1100	1000	1146	1116	4319	0.92253	0.76102	0.68572		
10:33:41	1100	1050	1148	1082	4312	0.92020	0.76259	0.68522		
10:33:52	1150	1050	1157	1112	4305	0.92226	0.76174	0.68615		
10:34:02	1150	1050	1171	1133	4298	0.92364	0.76162	0.68717		
10:34:12	1150	1050	1164	984	4291	0.91255	0.76008	0.67669		
10:34:22	1150	1050	1157	1021	4283	0.91564	0.76032	0.67944		
10:34:32	1150	1050	1156	1108	4276	0.92199	0.76081	0.68509		
10:34:42	1150	1050	1159	1106	4268	0.92188	0.76159	0.68570		
10:34:52	1150	1050	1160	1121	4261	0.92282	0.76070	0.68567		
10:35:02	1150	1050	1160	1126	4253	0.92317	0.76071	0.68597		
10:35:12	1150	1050	1170	1068	4237	0.91915	0.76184	0.68368		
10:35:22	1150	1050	1170	1021	4226	0.91564	0.76154	0.68053		
10:35:32	1150	1050	1169	1097	4223	0.92125	0.76154	0.68514		
10:35:42	1150	1050	1159	1013	4218	0.91497	0.76032	0.67889		
10:35:52	1150	1050	1155	1075	4211	0.91972	0.76072	0.68314		
10:36:02	1100	1050	1143	1019	4204	0.91550	0.76050	0.67948		
10:36:12	1100	1050	1149	1118	4198	0.92268	0.76045	0.68533		
10:36:22	1150	1050	1160	1121	4191	0.92288	0.76018	0.68525		
10:36:32	1150	1050	1157	1060	4182	0.91863	0.76045	0.68201		
10:36:42	1150	1050	1163	1068	4174	0.91916	0.76209	0.68391		
10:36:52	1150	1050	1160	1045	4166	0.91750	0.76881	0.68857		
10:37:02	1150	1050	1161	1019	4158	0.91544	0.76860	0.68667		
10:37:12	1150	1050	1161	1114	4149	0.92238	0.76661	0.69063		
10:37:23	1150	1050	1161	1119	4142	0.92274	0.76845	0.69259		
10:37:33	1150	1050	1158	1032	4134	0.91646	0.76875	0.68765		
10:37:43	1150	1050	1159	1076	4126	0.91975	0.76995	0.69146		
10:37:53	1150	1050	1170	1141	4117	0.92417	0.77097	0.69605		
10:38:03	1150	1050	1179	1095	4107	0.92107	0.77171	0.69414		
10:38:13	1150	1050	1182	1136	4097	0.92381	0.77126	0.69601		
10:38:23	1150	1050	1182	1113	4088	0.92235	0.77106	0.69462		
10:38:33	1150	1050	1182	1033	4079	0.91656	0.77119	0.68992		
10:38:43	1150	1050	1179	1043	4070	0.91732	0.77042	0.68986		
10:38:53	1150	1050	1169	1046	4060	0.91756	0.77032	0.68997		
10:39:03	1150	1050	1167	1071	4051	0.91942	0.77025	0.69145		
10:39:13	1150	1050	1161	1079	4042	0.91996	0.76889	0.69068		
10:39:23	1150	1050	1153	1040	4032	0.91712	0.76807	0.68759		
10:39:34	1150	1050	1164	1130	4022	0.92341	0.76851	0.69320		
10:39:44	1150	1050	1167	1065	4013	0.91893	0.76835	0.68934		
10:39:54	1150	1050	1164	1012	4012	0.91490	0.76831	0.68596		
10:40:04	1150	1050	1156	997	3993	0.91366	0.76811	0.68476		
10:40:14	1150	1050	1157	1086	3983	0.92048	0.76793	0.69025		
10:40:24	1150	1050	1157	1035	3974	0.91673	0.76743	0.68669		
10:40:34	1100	1000	1148	1043	3965	0.91732	0.76723	0.68700		
10:40:44	1150	1050	1156	1140	3957	0.92408	0.76760	0.69293		
10:40:54	1150	1050	1162	1060	3950	0.91857	0.76763	0.68840		
10:41:04	1150	1050	1173	1082	3943	0.92017	0.76767	0.68976		
10:41:14	1150	1050	1172	1079	3935	0.92000	0.76841	0.69028		
10:41:24	1150	1050	1178	1084	3926	0.92036	0.76829	0.69047		
10:41:34	1150	1050	1174	1003	3908	0.91416	0.76879	0.68578		
10:41:44	1150	1050	1164	1046	3906	0.91753	0.76937	0.68909		
10:41:54	1150	1050	1168	1092	3896	0.92088	0.76941	0.69191		
10:42:04	1150	1050	1164	1039	3888	0.91706	0.76965	0.68895		
10:42:14	1150	1000	1159	1035	3883	0.91669	0.76974	0.68873		
10:42:24	1150	1000	1155	1045	3876	0.91751	0.76947	0.68917		
10:42:34	1150	1000	1161	1047	3870	0.91764	0.76940	0.68921		
10:42:44	1150	1050	1162	1055	3861	0.91824	0.76969	0.68997		
10:42:54	1150	1000	1151	994	3855	0.91346	0.77005	0.68632		
10:43:04	1100	1000	1150	1032	3848	0.91652	0.77004	0.68885		
10:43:14	1100	1000	1147	1004	3840	0.91426	0.76914	0.68617		
10:43:24	1100	1000	1138	961	3832	0.91056	0.76872	0.68273		
10:43:34	1100	1000	1132	998	3826	0.91377	0.76930	0.68591		
10:43:44	1100	950	1125	987	3819	0.91285	0.76900	0.68488		
10:43:54	1100	950	1131	1044	3812	0.91740	0.76910	0.68874		
10:44:04	1100	950	1126	984	3806	0.91263	0.76953	0.68517		
10:44:14	1150	1050	1162	1335	3799	0.93483	0.76929	0.70338		
10:44:24	1150	1050	1162	1028	3791	0.91614	0.76938	0.68795		
10:44:34	1150	1050	1170	992	3783	0.91331	0.77100	0.68704		
10:44:44	1150	1050	1171	988	3775	0.91297	0.77056	0.68637		
10:44:54	1150	1050	1177	1099	3768	0.92137	0.77048	0.69328		
10:45:04	1150	1050	1193	1113	3761	0.92232	0.77069	0.69426		
10:45:14	1150	1000	1162	1050	3753	0.91784	0.76960	0.68956		
10:45:24	1150	1000	1160	1005	3744	0.91436	0.76977	0.68682		
10:45:34	1150	1050	1167	1055	3736	0.91819	0.77008	0.69028		
10:45:44	1150	1050	1170	1010	3727	0.91472	0.77064	0.68789		
10:45:54	1150	1000	1166	1056	3719	0.91831	0.76964	0.68998		
10:46:04	1150	1000	1166	1018	3714	0.91540	0.76879	0.68681		
10:46:14	1150	1000	1155	1042	3702	0.91728	0.76830	0.68793		
10:46:25	1150	1000	1157	1019	3694	0.91548	0.76847	0.68659		
10:46:35	1100	1000	1150	994	3686	0.91342	0.76828	0.68471		
10:46:45	1150	1000	1157	1062	3677	0.91874	0.76809	0.68895		
10:46:55	1150	1000	1154	1029	3670	0.91625	0.76812	0.68691		
10:47:05	1150	1000	1152	993	3663	0.91335	0.76755	0.68400		
10:47:15	1100	1000	1150	1025	3656	0.91595	0.76705	0.68571		
10:47:25	1100	1000	1149	1008	3649	0.91457	0.76768	0.68513		
10:47:35	1150	1000	1157	1060	3641	0.91857	0.76770	0.68846		
10:47:46	1150	1000	1154	1029	3634	0.91626	0.76791	0.68673		
10:47:56	1100	1000	1146	961	3627	0.91063	0.76760	0.68179		
10:48:06	1100	1000	1146	990	3618	0.91310	0.76756	0.68380		
10:48:16	1100	1000	1148	1038	3610	0.91693	0.76742	0.68685		
10:48:26	1100	1000	1144	975	3601	0.91178	0.76686	0.68209		
10:48:36	1050	900	1090	638	3592	0.86842	0.76704	0.64636		
10:48:46	1050	900	1085	989	3584	0.91304	0.76765	0.68383		
10:48:56	1050	900	1087	972	3576	0.91156	0.76753	0.68250		
10:49:06	1050	900	1087	991	3568	0.91321	0.76751	0.68385		
10:49:16	1050	900	1087	1025	3559	0.91593	0.76838	0.68688		
10:49:26	1050	900	1094	1029	3551	0.91621	0.76862	0.68733		
10:49:36	1100	950	1136	950	3542	0.90962	0.76943	0.68258		
10:49:46	1100	950	1133	962	3534	0.91068	0.76939	0.68342		
10:49:57	1100	950	1141	1035	3526	0.91674	0.76945	0.68851		
10:50:07	1100	950	1142	999	3516	0.91389	0.76981	0.68646		
10:50:17	1100	950	1138	988	3505	0.91293	0.76940	0.68530		
10:50:27	1100	950	1138	997	3495	0.91368	0.76934	0.68587		
10:50:37	1100	950	1140	989	3487	0.91302	0.76903	0.68505		
10:50:47	1100	950	1148	1023	3478	0.91575	0.76897	0.68726		
10:50:57	1100	950	1141	966	3469	0.91105	0.76915	0.68352		
10:51:07	1100	950	1140	990	3459	0.91307	0.76926	0.68529		
10:51:17	1100	950	1142	1004	3448	0.91422	0.76924	0.68623		
10:51:27	1100	950	1144	1006	3439	0.91445	0.76952	0.68667		
10:51:37	1100	950	1141	962	3430	0.91069	0.76923	0.68329		
10:51:47	1100	950	1131	937	3421	0.90838	0.76909	0.68125		
10:51:57	1100	950	1133	974	3411	0.91172	0.76882	0.68378		
10:52:07	1100	950	1130	965	3403	0.91092	0.76905	0.68332		
10:52:17	1100	950	1127	977	3393	0.91196	0.76937	0.68447		
10:52:27	1100	950	1126	990	3384	0.91313	0.76967	0.68571		
10:52:37	1100	950	1125	956	3375	0.91014	0.76959	0.68315		
10:52:47	1100	950	1127	945	3368	0.90916	0.76956	0.68231		
10:52:58	1100	950	1129	984	3359	0.91258	0.76988	0.68544		
10:53:08	1100	950	1125	930	3350	0.90776	0.76979	0.68135		
10:53:18	1100	950	1125	945	3341	0.90913	0.76956	0.68229		
10:53:28	1100	900	1115	937	3331	0.90837	0.77016	0.68219		
10:53:38	1100	900	1112	930	3318	0.90773	0.77045	0.68191		
10:53:48	1100	900	1112	937	3306	0.90838	0.77067	0.68265		
10:53:58	1100	900	1111	972	3298	0.91152	0.77097	0.68553		
10:54:08	1100	950	1120	996	3297	0.91361	0.77168	0.68790		
10:54:18	1100	900	1118	925	3290	0.90729	0.77093	0.68197		
10:54:28	1100	900	1128	1014	3279	0.91507	0.77066	0.68820		
10:54:38	1100	950	1136	995	3271	0.91349	0.77055	0.68679		
10:54:48	1100	950	1140	967	3265	0.91111	0.77067	0.68492		
10:54:58	1100	950	1145	1007	3261	0.91447	0.77063	0.68768		
10:55:08	1100	950	1146	1002	3239	0.91406	0.77026	0.68701		
10:55:18	1150	950	1151	955	3231	0.91010	0.77013	0.68360		
10:55:29	1150	1000	1159	1081	3223	0.92010	0.76964	0.69147		
10:55:39	1150	1000	1160	1000	3214	0.91390	0.76957	0.68626		
10:55:49	1150	1000	1162	977	3220	0.91199	0.76955	0.68465		
10:55:59	1150	1000	1158	966	3215	0.91102	0.76943	0.68374		
10:56:09	1100	950	1150	935	3207	0.90823	0.76944	0.68143		
10:56:19	1150	1000	1165	1083	3198	0.92022	0.76935	0.69131		
10:56:29	1100	950	1147	927	3190	0.90748	0.76942	0.68079		
10:56:39	1100	950	1143	965	3184	0.91092	0.76912	0.68338		
10:56:49	1100	950	1142	966	3176	0.91108	0.76933	0.68370		
10:56:59	1100	950	1140	952	3167	0.90975	0.76949	0.68274		
10:57:09	1100	950	1148	993	3159	0.91336	0.76956	0.68580		
10:57:19	1100	950	1131	941	3148	0.90879	0.76968	0.68211		
10:57:29	1100	950	1136	963	3140	0.91080	0.76953	0.68365		
10:57:39	1100	950	1132	928	3129	0.90757	0.76921	0.68068		
10:57:50	1100	950	1131	952	3114	0.90978	0.76973	0.68298		
10:58:00	1100	950	1137	995	3112	0.91353	0.76967	0.68604		
10:58:10	1100	950	1135	970	3105	0.91137	0.76945	0.68405		
10:58:20	1100	950	1135	939	3096	0.90861	0.76942	0.68173		
10:58:30	1100	950	1133	942	3086	0.90886	0.76936	0.68189		
10:58:40	1100	950	1134	937	3076	0.90843	0.76924	0.68142		
10:58:50	1100	950	1132	927	3066	0.90751	0.76908	0.68052		
10:59:00	1100	900	1127	955	3059	0.91006	0.76929	0.68282		
10:59:10	1100	900	1125	949	3050	0.90956	0.76918	0.68231		
10:59:20	1100	900	1122	909	3041	0.90574	0.76899	0.67897		
10:59:31	1100	900	1121	931	3032	0.90785	0.76901	0.68074		
10:59:41	1100	900	1121	931	3032	0.90785	0.76901	0.68074		
11:00:01	1100	900	1118	905	3003	0.90533	0.76870	0.67837		
11:00:11	1100	900	1115	922	2978	0.90697	0.76868	0.67972		
11:00:21	1100	900	1113	931	2967	0.90785	0.76870	0.68046		
11:00:31	1100	900	1114	908	2957	0.90566	0.76868	0.67863		
11:00:41	1100	900	1114	926	2964	0.90739	0.76873	0.68011		
11:00:51	1100	900	1114	926	2964	0.90739	0.76873	0.68011		
11:01:01	1100	900	1111	880	2927	0.90275	0.76859	0.67614		
11:01:11	1100	900	1117	962	2918	0.91067	0.76875	0.68285		
11:01:21	1100	900	1116	922	2912	0.90700	0.76866	0.67972		
11:01:31	1100	900	1112	868	2899	0.90156	0.76839	0.67497		
11:01:41	1100	900	1110	905	2888	0.90538	0.76849	0.67823		
11:01:51	1100	900	1115	958	2877	0.91037	0.76855	0.68242		
11:02:01	1100	900	1118	898	2866	0.90461	0.76850	0.67760		
11:02:11	1100	900	1115	936	2851	0.90833	0.76837	0.68057		
11:02:21	1100	900	1119	946	2837	0.90923	0.76830	0.68125		
11:02:32	1100	900	1128	934	2830	0.90815	0.76821	0.68028		
11:02:42	1100	900	1128	899	2821	0.90474	0.76814	0.67739		
11:02:52	1100	900	1118	874	2810	0.90218	0.76809	0.67522		
11:03:02	1100	900	1112	848	2797	0.89928	0.76807	0.67280		
11:03:12	1100	850	1101	848	2797	0.89928	0.76807	0.67280		
11:03:42	1100	850	1101	946	2754	0.90923	0.76815	0.68112		
11:03:52	1050	850	1099	911	2743	0.90593	0.76855	0.67874		
11:04:02	1100	850	1102	911	2743	0.90593	0.76855	0.67874		
11:04:22	1100	850	1111	933	2709	0.90809	0.76862	0.68059		
11:04:32	1100	900	1122	925	2696	0.90732	0.77245	0.68334		
11:04:42	1100	900	1129	891	2686	0.90396	0.77271	0.68077		
11:04:53	1100	900	1130	945	2673	0.90916	0.77260	0.68501		
11:05:03	1100	900	1135	945	2673	0.90916	0.77260	0.68501		
11:05:23	1100	900	1135	900	2639	0.90487	0.77281	0.68162		
11:05:33	1100	900	1130	887	2628	0.90356	0.77285	0.68056		
11:05:43	1100	900	1123	868	2619	0.90146	0.77294	0.67889		
11:05:53	1100	900	1126	911	2605	0.90595	0.77397	0.68354		
11:06:03	1100	900	1124	920	2610	0.90682	0.77462	0.68484		
11:06:13	1100	850	1113	858	2599	0.90044	0.77461	0.67950		
11:06:23	1100	850	1112	887	2588	0.90353	0.77642	0.68368		
11:06:33	1100	850	1112	885	2577	0.90326	0.77610	0.68317		
11:06:43	1100	850	1117	903	2567	0.90514	0.77572	0.68441		
11:06:53	1100	850	1113	877	2556	0.90249	0.77587	0.68232		
11:07:03	1100	850	1109	886	2529	0.90339	0.77627	0.68343		
11:07:13	1100	850	1115	894	2519	0.90419	0.77618	0.68402		
11:07:23	1100	850	1118	901	2508	0.90495	0.77622	0.68469		
11:07:34	1100	900	1133	992	2512	0.91329	0.77663	0.69204		
11:07:44	1100	900	1133	894	2503	0.90428	0.77631	0.68421		
11:07:54	1100	900	1136	894	2503	0.90428	0.77631	0.68421		


			DELHI AIRPORT : 30 m Base line


Time	RVR	 MOR	RVR	MOR	BLM	Trf	 Ref(v)	PD(v)
	(limited)	(limited)	(actual)	(actual)

11:50:04	25	25	3	5	441	0.00000	0.01070	0.00000		
11:50:14	25	25	7	5	435	0.00000	0.00204	0.00000		
11:50:24	25	25	11	6	429	0.00000	0.00111	0.00000		
11:50:34	200	50	45	71	423	0.28089	2.49146	0.66260		
11:50:44	225	75	86	88	417	0.36078	2.36027	0.78222		
11:50:54	200	75	123	77	411	0.31034	2.59010	0.75134		
11:51:04	175	50	151	62	405	0.23499	2.80604	0.64073		
11:51:14	175	50	176	58	399	0.21019	2.75075	0.57221		
11:51:24	200	50	207	72	393	0.28685	2.46257	0.66695		
11:51:34	200	50	214	88	387	0.35924	2.36055	0.77932		
11:51:44	200	50	210	76	381	0.30640	2.59434	0.74420		
11:51:54	200	50	205	63	376	0.24227	2.78340	0.65217		
11:52:04	200	50	203	56	370	0.20218	2.80730	0.56556		
11:52:14	200	50	207	68	365	0.26721	2.50816	0.63894		
11:52:24	200	50	213	86	359	0.35202	2.33461	0.75695		
11:52:34	200	50	210	79	354	0.32006	2.54385	0.75818		
11:52:44	1800	1700	1832	9955	349	0.99100	0.30703	0.70690		
11:52:54	1800	1700	1804	5	344	0.00000	0.00333	0.00000		
11:53:04	1700	1600	1779	5	338	0.00000	0.00171	0.00000		
11:53:15	1700	1600	1750	6	333	0.00000	0.00114	0.00000		
11:53:25	1700	1600	1713	6	329	0.00000	0.00084	0.00000		
11:53:35	1600	1600	1679	6	323	0.00000	0.00067	0.00000		
11:53:45	25	25	24	6	318	0.00000	0.00055	0.00000		
11:53:55	25	25	24	6	313	0.00000	0.00042	0.00000		
11:54:05	25	25	25	6	308	0.00000	0.00039	0.00000		
11:54:15	25	25	25	6	303	0.00000	0.00034	0.00000		
11:54:25	25	25	25	6	299	0.00000	0.00031	0.00000		
11:54:35	25	25	26	6	294	0.00000	0.00023	0.00000		
11:54:45	25	25	26	6	289	0.00000	0.00023	0.00000		
11:54:55	25	25	26	6	284	0.00000	0.00018	0.00000		
11:55:05	50	25	58	73	280	0.29296	2.65871	0.73338		
11:55:15	75	25	85	60	275	0.22405	2.83636	0.62224		
11:55:25	100	25	112	60	271	0.22156	2.67329	0.58102		
11:55:35	125	25	145	76	266	0.30717	2.40338	0.69094		
11:55:45	175	25	179	76	266	0.30717	2.40338	0.69094		
11:55:55	200	50	212	76	266	0.30717	2.40338	0.69094		


			DELHI AIRPORT : 30 m Base line


Time	RVR	 MOR	RVR	MOR	BLM	Trf	 Ref(v)	PD(v)
	(limited)	(limited)	(actual)	(actual)

12:55:46	2000	950	449	970	2	0.91136	1.38871	1.23457		
12:55:56	2000	950	895	960	2	0.91053	1.38859	1.23322		
12:56:06	2000	950	1349	980	2	0.91224	1.38885	1.23601		
12:56:16	2000	950	1804	983	2	0.91252	1.38877	1.23636		
12:56:26	2000	950	2213	973	6	0.91168	1.38868	1.23502		
12:56:36	2000	950	2666	978	2	0.91210	1.38859	1.23557		
12:56:46	2000	950	2667	973	2	0.91167	1.38837	1.23472		
12:56:56	2000	950	2678	988	2	0.91295	1.38878	1.23701		
12:57:06	2000	950	2679	984	2	0.91257	1.38877	1.23643		
12:57:16	2000	950	2680	984	2	0.91257	1.38877	1.23643		
12:57:26	2000	1150	3118	2154	2	0.95909	1.38905	1.23590		
12:57:36	2000	1300	3333	1981	2	0.95559	1.38885	1.23077		
12:57:47	2000	1500	3333	2168	2	0.95934	1.38877	1.23601		
12:57:57	2000	1500	3333	2037	2	0.95678	1.38899	1.23258		
12:58:07	2000	1800	3333	2046	2	0.95697	1.38906	1.23291		
12:58:17	2000	2000	3333	2108	2	0.95821	1.38906	1.23467		
12:58:27	2000	2000	3333	2099	2	0.95803	1.38894	1.23430		
12:58:37	2000	2000	3333	2133	2	0.95868	1.38914	1.23541		
12:58:47	2000	2000	3333	2069	2	0.95744	1.38896	1.23349		
12:58:57	2000	2000	3333	2020	2	0.95641	1.38863	1.23174		
12:59:07	2000	2000	3333	2108	2	0.95821	1.38891	1.23453		
12:59:17	2000	2000	3333	2158	2	0.95915	1.38900	1.23595		
12:59:27	2000	2000	3333	1987	2	0.95572	1.38856	1.23069		
12:59:37	2000	2000	3333	2045	2	0.95695	1.38850	1.23239		
12:59:47	2000	2000	3333	2038	2	0.95679	1.38859	1.23224		
12:59:57	2000	2000	3333	2046	2	0.95697	1.38827	1.23221		
13:00:07	2000	2000	3333	2108	2	0.95821	1.38850	1.23417		
13:00:17	2000	2000	3333	2208	2	0.96005	1.38843	1.23672		
13:00:28	2000	2000	3333	2136	2	0.95874	1.38841	1.23484		
13:00:38	2000	2000	3333	2164	2	0.95926	1.38862	1.23576		
13:00:48	2000	2100	3333	2118	2	0.95839	1.38851	1.23444		
13:00:58	2000	2100	3333	2060	2	0.95725	1.38821	1.23255		
13:01:08	2000	2100	3333	2003	2	0.95605	1.38818	1.23083		
13:01:18	2000	2100	3333	2165	2	0.95929	1.38856	1.23575		
13:01:28	2000	2000	3333	1869	2	0.95298	1.38856	1.22681		
13:01:38	2000	2000	3333	1922	2	0.95425	1.38891	1.22892		
13:01:48	2000	1900	3333	1925	2	0.95431	1.38907	1.22915		
13:01:58	2000	1900	3333	1999	2	0.95598	1.38912	1.23156		
13:02:08	2000	1900	3333	1962	2	0.95516	1.38911	1.23039		
13:02:18	2000	1900	3333	2032	2	0.95668	1.38911	1.23254		
13:02:28	2000	1900	3333	2053	2	0.95712	1.38852	1.23264		
13:02:38	2000	1900	3333	1975	2	0.95546	1.38843	1.23021		
13:02:48	2000	1900	3333	1832	2	0.95207	1.38826	1.22526		
13:02:58	2000	1900	3333	1832	2	0.95207	1.38826	1.22526		
13:03:08	2000	1900	3333	1832	2	0.95207	1.38826	1.22526		


			DELHI AIRPORT : 30 m Base line


Time	RVR	 MOR	RVR	MOR	BLM	Trf	 Ref(v)	PD(v)
	(limited)	(limited)	(actual)	(actual)

13:20:17	2000	1800	743	1823	2	0.95183	1.38681	1.22364		
13:20:27	2000	1800	1488	1826	2	0.95192	1.38688	1.22382		
13:20:37	2000	1800	2227	1809	2	0.95148	1.38693	1.22324		
13:20:47	2000	1800	2979	1847	2	0.95244	1.38705	1.22471		
13:20:57	2000	1700	3333	1756	2	0.95004	1.38684	1.22113		
13:21:07	2000	1700	3333	1769	2	0.95040	1.38686	1.22165		
13:21:17	2000	1700	3333	1786	2	0.95085	1.38667	1.22213		
13:21:27	2000	1800	3333	1829	2	0.95198	1.38643	1.22352		
13:21:37	2000	1700	3333	1829	2	0.95198	1.38643	1.22352		
