

			DELHI AIRPORT : 30 m Base line


Time	RVR	 MOR	RVR	MOR	BLM	Trf	 Ref(v)	PD(v)
	(limited)	(limited)	(actual)	(actual)



			DELHI AIRPORT : 30 m Base line


Time	RVR	 MOR	RVR	MOR	BLM	Trf	 Ref(v)	PD(v)
	(limited)	(limited)	(actual)	(actual)

04:37:25	2000	3000	1659	9955	7662	0.99100	1.37068	1.32306		
04:37:35	2000	3000	3318	9955	7660	0.99100	1.37243	1.32578		
04:37:46	2000	3000	3333	9955	7658	0.99100	1.36728	1.32138		
04:37:56	2000	3000	3333	9955	7659	0.99100	1.36780	1.32818		
04:38:06	2000	3000	3333	9955	7659	0.99100	1.38050	1.34084		
04:38:16	2000	3000	3333	9955	7661	0.99100	1.38514	1.34913		
04:38:26	2000	3000	3333	9955	7663	0.99100	1.38608	1.34951		
04:38:36	650	500	3333	515	7667	0.83964	1.38642	1.06451		
04:38:46	2000	3000	3333	9955	7668	0.99100	1.38771	1.35284		
04:38:56	2000	3000	3333	9955	7671	0.99100	1.38763	1.34943		
04:39:06	2000	3000	3333	9955	7678	0.99100	1.38703	1.35418		
04:39:16	2000	3000	3333	9955	7682	0.99100	1.38870	1.35272		
04:39:26	2000	3000	3333	9955	7687	0.99100	1.38926	1.35421		
04:39:36	2000	3000	3333	9955	7687	0.99100	1.38926	1.35421		
04:39:46	2000	3000	3333	9955	7687	0.99100	1.38926	1.35421		


			DELHI AIRPORT : 30 m Base line


Time	RVR	 MOR	RVR	MOR	BLM	Trf	 Ref(v)	PD(v)
	(limited)	(limited)	(actual)	(actual)

04:42:13	2000	3000	1659	9955	7676	0.99100	1.38771	1.35420		
04:42:23	2000	3000	3318	9955	7676	0.99100	1.38723	1.36300		
04:42:33	2000	3000	3333	9955	7678	0.99100	1.38608	1.35259		
04:42:43	2000	3000	3333	9955	7679	0.99100	1.38536	1.35697		
04:42:53	2000	3000	3333	9955	7680	0.99100	1.38500	1.35384		
04:43:04	2000	2100	3333	2154	7682	0.95909	1.38494	1.35254		
04:43:14	2000	2100	3333	2180	7683	0.95955	1.38488	1.35321		
04:43:24	2000	2200	3333	2232	7685	0.96048	1.38463	1.35440		
04:43:34	2000	3000	3333	2458	7683	0.96404	1.38321	1.35853		
04:43:44	2000	3000	3251	373	7666	0.78582	1.38296	1.08211		
04:43:54	1900	1900	1977	2306	7663	0.96173	1.38303	1.35477		
04:44:04	2000	1900	2042	2546	7679	0.96527	1.38191	1.35916		
04:44:14	2000	2000	2042	2309	7690	0.96176	1.38138	1.35321		
04:44:24	2000	2000	2078	2321	7698	0.96197	1.38161	1.35375		
04:44:34	1900	1900	1992	1941	7704	0.95469	1.38135	1.34223		
04:44:44	2000	2200	2278	2250	7707	0.96078	1.37963	1.34998		
04:44:54	2000	2200	2267	2238	7706	0.96058	1.38101	1.35101		
04:45:04	2000	2200	2225	2291	7700	0.96148	1.37502	1.34654		
04:45:14	2000	2200	2193	2121	7690	0.95846	1.36901	1.33602		
04:45:24	2000	2100	2180	2240	7694	0.96062	1.36811	1.33846		
04:45:34	2000	2200	2210	2122	7692	0.95848	1.36561	1.33273		
04:45:44	2000	2300	2392	3344	7695	0.97345	1.36782	1.35783		
04:45:54	2000	2300	2360	2045	7696	0.95694	1.36241	1.32726		
04:46:04	2000	2300	2335	2143	7694	0.95887	1.37163	1.33921		
04:46:14	2000	2300	2367	2312	7696	0.96182	1.37605	1.34808		
04:46:24	2000	2300	2379	2312	7696	0.96182	1.37605	1.34808		


			DELHI AIRPORT : 30 m Base line


Time	RVR	 MOR	RVR	MOR	BLM	Trf	 Ref(v)	PD(v)
	(limited)	(limited)	(actual)	(actual)

04:47:28	2000	2600	445	2673	7711	0.96689	1.38113	1.36090		
04:47:38	2000	2600	887	2651	7711	0.96662	1.37886	1.35825		
04:47:48	2000	2300	1274	2321	7716	0.96197	1.37949	1.35168		
04:47:58	2000	2200	1649	2253	7721	0.96083	1.37713	1.34761		
04:48:08	2000	3000	2177	3169	7726	0.97200	1.36982	1.35759		
04:48:18	2000	2100	2541	2179	7731	0.95953	1.36960	1.33824		
04:48:28	2000	2300	2483	2328	7733	0.96208	1.36968	1.34224		
04:48:38	2000	2400	2447	2436	7739	0.96373	1.36849	1.34360		
04:48:48	2000	2500	2508	2684	7744	0.96702	1.37652	1.35656		
04:48:58	2000	2400	2497	2190	7750	0.95974	1.36826	1.33726		
04:49:08	2000	2300	2367	2388	7750	0.96301	1.37049	1.34446		
04:49:18	2000	2400	2456	2711	7756	0.96734	1.37044	1.35106		
04:49:28	2000	2500	2548	2883	7819	0.96926	1.37621	1.35971		
04:49:38	2000	2600	2624	2889	7754	0.96933	1.38255	1.36607		
04:49:48	2000	2600	2579	2415	7757	0.96343	1.38420	1.35855		
04:49:58	2000	2600	2689	2848	7759	0.96889	1.38494	1.36776		
04:50:08	2000	2700	2795	3029	7768	0.97073	1.38483	1.37050		
04:50:18	2000	2800	2803	2757	7773	0.96788	1.38510	1.36635		
04:50:28	2000	2800	2825	3012	7778	0.97056	1.38522	1.37062		
04:50:38	2000	2800	2889	3275	7785	0.97289	1.38520	1.37422		
04:50:48	2000	3000	3140	3922	7786	0.97732	1.38511	1.38100		
04:50:58	2000	3000	3333	4291	7786	0.97924	1.38462	1.38350		
04:51:09	2000	3000	3333	3380	7770	0.97372	1.38367	1.37399		
04:51:19	2000	3000	3333	3203	7766	0.97229	1.38361	1.37171		
04:51:29	2000	3000	3333	3031	7767	0.97074	1.38487	1.37056		
04:51:39	2000	3000	3333	3392	7774	0.97381	1.38433	1.37479		
04:51:49	2000	3000	3333	3162	7780	0.97194	1.38278	1.37035		
04:51:59	2000	3000	3333	4024	7780	0.97788	1.38446	1.38123		
04:52:09	2000	3000	3333	3719	7782	0.97609	1.38321	1.37721		
04:52:19	2000	3000	3333	3089	7782	0.97129	1.38254	1.36910		
04:52:29	2000	3000	3333	3679	7788	0.97583	1.38255	1.37615		
04:52:39	2000	3000	3333	4300	7792	0.97929	1.38269	1.38164		
04:52:49	2000	3000	3333	4787	7797	0.98138	1.38402	1.38621		
04:52:59	2000	3000	3333	3959	7800	0.97752	1.38257	1.37879		
04:53:09	2000	3000	3333	3448	7804	0.97424	1.38344	1.37456		
04:53:19	2000	3000	3333	4072	7807	0.97814	1.38182	1.37900		
04:53:29	2000	3000	3333	4271	7811	0.97915	1.38111	1.37985		
04:53:39	2000	3000	3333	6798	7827	0.98685	1.38210	1.39276		
04:53:49	2000	3000	3333	9140	7817	0.99020	1.38092	1.39676		
04:53:59	2000	3000	3333	5292	7828	0.98314	1.38107	1.38598		
04:54:09	2000	3000	3333	5043	7833	0.98231	1.38045	1.38408		
04:54:19	2000	3000	3333	8115	7837	0.98897	1.38139	1.39533		
04:54:29	2000	3000	3333	3834	7838	0.97680	1.38053	1.37563		
04:54:39	2000	3000	3333	3132	7839	0.97167	1.38120	1.36837		
04:54:49	2000	3000	3333	4525	7840	0.98031	1.37942	1.37995		
04:54:59	2000	3000	3333	4611	7840	0.98067	1.38054	1.38163		
04:55:09	2000	3000	3333	9955	7843	0.99100	1.38001	1.39829		
04:55:19	2000	3000	3333	5954	7846	0.98500	1.37928	1.38706		
04:55:29	2000	3000	3333	5430	7851	0.98356	1.38171	1.38728		
04:55:39	2000	3000	3333	3553	7853	0.97498	1.38009	1.37239		
04:55:49	2000	3000	3333	7095	7836	0.98739	1.38124	1.39274		
04:55:59	2000	3000	3333	4454	7842	0.98000	1.38017	1.38022		
04:56:09	2000	3000	3333	4454	7842	0.98000	1.38017	1.38022		
04:56:19	2000	3000	3333	4454	7842	0.98000	1.38017	1.38022		


			DELHI AIRPORT : 30 m Base line


Time	RVR	 MOR	RVR	MOR	BLM	Trf	 Ref(v)	PD(v)
	(limited)	(limited)	(actual)	(actual)

05:24:33	2000	3000	1659	9955	8098	0.99100	1.38148	1.42769		
05:24:43	2000	3000	3318	9955	8107	0.99100	1.38163	1.45046		
05:24:53	2000	3000	3333	9955	8114	0.99100	1.38260	1.44003		
05:25:03	2000	3000	3333	9955	8122	0.99100	1.38273	1.42986		
05:25:14	2000	3000	3333	9955	8127	0.99100	1.38274	1.42725		
05:25:24	2000	3000	3333	9955	8131	0.99100	1.38257	1.42983		
05:25:34	2000	3000	3333	9955	8135	0.99100	1.38255	1.44030		
05:25:44	2000	3000	3333	9955	8136	0.99100	1.38256	1.44505		
05:25:54	2000	3000	3333	9955	8135	0.99100	1.38234	1.44709		
05:26:04	2000	3000	3333	9955	8132	0.99100	1.38242	1.44206		
05:26:14	2000	3000	3333	9955	8129	0.99100	1.38227	1.44855		
05:26:24	2000	3000	3333	9955	8136	0.99100	1.38239	1.42851		
05:26:34	2000	3000	3333	9955	8147	0.99100	1.38228	1.44308		
05:26:44	2000	3000	3333	9955	8154	0.99100	1.38228	1.44008		
05:26:54	2000	3000	3333	9955	8157	0.99100	1.38239	1.43834		
05:27:04	2000	3000	3333	9955	8158	0.99100	1.38250	1.44791		
05:27:14	2000	3000	3333	9955	8164	0.99100	1.38226	1.43364		
05:27:24	2000	3000	3333	9955	8163	0.99100	1.38220	1.43788		
05:27:34	2000	3000	3333	9955	8164	0.99100	1.38221	1.42747		
05:27:44	2000	3000	3333	9955	8169	0.99100	1.38212	1.42515		
05:27:54	2000	3000	3333	9955	8168	0.99100	1.38212	1.44033		
05:28:04	2000	3000	3333	9955	8170	0.99100	1.38212	1.44210		
05:28:14	2000	3000	3333	9955	8169	0.99100	1.38189	1.44142		
05:28:24	2000	3000	3333	9955	8168	0.99100	1.38192	1.42477		
05:28:34	2000	3000	3333	9955	8163	0.99100	1.38186	1.43195		
05:28:44	2000	3000	3333	9955	8163	0.99100	1.38182	1.44682		
05:28:54	2000	3000	3333	9955	8155	0.99100	1.38174	1.43807		
05:29:04	2000	3000	3333	9955	8147	0.99100	1.38168	1.44617		
05:29:14	2000	3000	3333	9955	8135	0.99100	1.38140	1.42528		
05:29:25	2000	3000	3333	9955	8129	0.99100	1.38103	1.44006		
05:29:35	2000	3000	3333	9955	8120	0.99100	1.38090	1.43211		
05:29:45	2000	3000	3333	9955	8131	0.99100	1.38078	1.43881		
05:29:55	2000	3000	3333	9955	8138	0.99100	1.38074	1.43797		
05:30:05	2000	3000	3333	9955	8147	0.99100	1.38069	1.43628		
05:30:15	2000	3000	3333	9955	8153	0.99100	1.38051	1.43089		
05:30:25	2000	3000	3333	9955	8167	0.99100	1.38031	1.43288		
05:30:35	2000	3000	3333	9955	8174	0.99100	1.38021	1.43781		
05:30:45	2000	3000	3333	9955	8179	0.99100	1.38011	1.44064		
05:30:55	2000	3000	3333	9955	8180	0.99100	1.37969	1.44457		
05:31:05	2000	3000	3333	9955	8163	0.99100	1.37954	1.45600		
05:31:15	2000	3000	3333	9955	8149	0.99100	1.37933	1.43309		
05:31:25	2000	3000	3333	9955	8147	0.99100	1.37915	1.44678		
05:31:35	2000	3000	3333	9955	8144	0.99100	1.37891	1.43222		
05:31:45	2000	3000	3333	9955	8133	0.99100	1.37869	1.44328		
05:31:55	2000	3000	3333	9955	8134	0.99100	1.37837	1.42735		
05:32:05	2000	3000	3333	9955	8130	0.99100	1.37760	1.41888		
05:32:15	2000	3000	3333	9955	8136	0.99100	1.37738	1.43272		
05:32:25	2000	3000	3333	9955	8152	0.99100	1.37683	1.44325		
05:32:35	2000	3000	3333	9955	8164	0.99100	1.37693	1.44747		
05:32:46	2000	3000	3333	9955	8171	0.99100	1.37589	1.42753		
05:32:56	2000	3000	3333	9955	8178	0.99100	1.37572	1.44739		
05:33:06	2000	3000	3333	9955	8178	0.99100	1.37584	1.42564		
05:33:16	2000	3000	3333	9955	8183	0.99100	1.37572	1.42452		
05:33:26	2000	3000	3333	9955	8179	0.99100	1.37559	1.43065		
05:33:36	2000	3000	3333	9955	8187	0.99100	1.37523	1.42522		
05:33:46	2000	3000	3333	9955	8195	0.99100	1.37535	1.43981		
05:33:56	2000	3000	3333	9955	8204	0.99100	1.37548	1.44427		
05:34:06	2000	3000	3333	9955	8208	0.99100	1.37573	1.44442		
05:34:16	2000	3000	3333	9955	8211	0.99100	1.37582	1.44187		
05:34:26	2000	3000	3333	9955	8213	0.99100	1.37564	1.42553		
05:34:36	2000	3000	3333	9955	8227	0.99100	1.37529	1.43886		
05:34:46	2000	3000	3333	9955	8238	0.99100	1.37495	1.43247		
05:34:56	2000	3000	3333	9955	8247	0.99100	1.37514	1.41834		
05:35:06	2000	3000	3333	9955	8254	0.99100	1.37605	1.44639		
05:35:16	2000	3000	3333	9955	8253	0.99100	1.37601	1.45828		
05:35:26	2000	3000	3333	9955	8255	0.99100	1.37611	1.46021		
05:35:36	2000	3000	3333	9955	8258	0.99100	1.37605	1.43730		
05:35:46	2000	3000	3333	9955	8254	0.99100	1.37604	1.44185		
05:35:56	2000	3000	3333	9955	8246	0.99100	1.37609	1.44098		
05:36:06	2000	3000	3333	9955	8238	0.99100	1.37627	1.45104		
05:36:16	2000	3000	3333	9955	8230	0.99100	1.37623	1.44398		
05:36:26	2000	3000	3333	9955	8223	0.99100	1.37620	1.45240		
05:36:36	2000	3000	3333	9955	8213	0.99100	1.37618	1.44421		
05:36:46	2000	3000	3333	9955	8202	0.99100	1.37607	1.46628		
05:36:56	2000	3000	3333	9955	8197	0.99100	1.37569	1.44243		
05:37:06	2000	3000	3333	9955	8194	0.99100	1.37547	1.46062		
05:37:16	2000	3000	3333	9955	8189	0.99100	1.37542	1.45893		
05:37:27	2000	3000	3333	4335	8181	0.97945	1.37553	1.37474		
05:37:37	2000	3000	3333	9955	8177	0.99100	1.37545	1.45994		
05:37:47	2000	3000	3333	9955	8175	0.99100	1.37573	1.45213		
05:37:57	2000	3000	3333	9955	8177	0.99100	1.37582	1.44208		
05:38:07	2000	3000	3333	9955	8180	0.99100	1.37568	1.42924		
05:38:17	2000	3000	3333	9955	8180	0.99100	1.37575	1.44017		
05:38:27	2000	3000	3333	9955	8187	0.99100	1.37568	1.45490		
05:38:37	2000	3000	3333	9955	8192	0.99100	1.37563	1.43908		
05:38:47	2000	3000	3333	9955	8188	0.99100	1.37540	1.43661		
05:38:57	2000	3000	3333	9955	8195	0.99100	1.37535	1.45037		
05:39:07	2000	3000	3333	9955	8197	0.99100	1.37539	1.44588		
05:39:17	2000	3000	3333	9955	8313	0.99100	1.37533	1.44364		
05:39:27	2000	3000	3333	9955	8194	0.99100	1.37519	1.44570		
05:39:37	2000	3000	3333	9955	8192	0.99100	1.37486	1.44019		
05:39:47	2000	3000	3333	9955	8200	0.99100	1.37482	1.44554		
05:39:57	2000	3000	3333	9955	8213	0.99100	1.37466	1.45208		
05:40:07	2000	3000	3333	9955	8224	0.99100	1.37473	1.45905		
05:40:17	2000	3000	3333	9955	8237	0.99100	1.37463	1.44960		
05:40:27	2000	3000	3333	9955	8242	0.99100	1.37439	1.43479		
05:40:37	2000	3000	3333	9955	8247	0.99100	1.37380	1.43622		
05:40:47	2000	3000	3333	9955	8237	0.99100	1.37359	1.45014		
05:40:57	2000	3000	3333	9955	8223	0.99100	1.37394	1.43882		
05:41:07	2000	3000	3333	9955	8206	0.99100	1.37369	1.43910		
05:41:17	2000	3000	3333	9955	8207	0.99100	1.37357	1.45532		
05:41:27	2000	3000	3333	9955	8214	0.99100	1.37414	1.45904		
05:41:37	2000	3000	3333	9955	8213	0.99100	1.37406	1.44874		
05:41:47	2000	3000	3333	9955	8210	0.99100	1.37295	1.45850		
05:41:57	2000	3000	3333	9955	8214	0.99100	1.37305	1.43425		
05:42:08	2000	3000	3333	9955	8221	0.99100	1.37379	1.44540		
05:42:18	2000	3000	3333	9955	8224	0.99100	1.37422	1.46779		
05:42:28	2000	3000	3333	9955	8226	0.99100	1.37399	1.45683		
05:42:38	2000	3000	3333	148	8228	0.54449	1.37361	0.70336		
05:42:48	2000	3000	3333	9955	8229	0.99100	1.37351	1.46213		
05:42:58	2000	3000	3333	9955	8228	0.99100	1.37302	1.44814		
05:43:08	2000	3000	3333	9955	8231	0.99100	1.37257	1.44916		
05:43:18	2000	3000	3333	9955	8227	0.99100	1.37250	1.44691		
05:43:28	2000	3000	3333	9955	8229	0.99100	1.37245	1.43536		
05:43:38	2000	3000	3333	9955	8232	0.99100	1.37274	1.43824		
05:43:48	2000	3000	3333	9955	8234	0.99100	1.37259	1.44275		
05:43:58	2000	3000	3333	9955	8238	0.99100	1.37251	1.45986		
05:44:08	2000	3000	3333	9955	8246	0.99100	1.37082	1.43992		
05:44:18	2000	3000	3333	9955	8246	0.99100	1.36655	1.42363		
05:44:28	2000	3000	3333	9955	8249	0.99100	1.36514	1.44639		
05:44:38	2000	3000	3333	9955	8245	0.99100	1.36589	1.45709		
05:44:48	2000	3000	3333	9955	8235	0.99100	1.36306	1.44948		
05:44:58	2000	3000	3333	9955	8222	0.99100	1.36338	1.43773		
05:45:08	2000	3000	3333	9955	8209	0.99100	1.36393	1.44088		
05:45:18	2000	3000	3333	9955	8197	0.99100	1.36621	1.44804		
05:45:28	2000	3000	3333	9955	8197	0.99100	1.36559	1.45179		
05:45:38	2000	3000	3333	9955	8204	0.99100	1.36435	1.44829		
05:45:48	2000	3000	3333	9955	8211	0.99100	1.36372	1.43765		
05:45:58	2000	3000	3333	9955	8213	0.99100	1.36384	1.43896		
05:46:08	2000	3000	3333	575	8213	0.85518	1.36477	1.17395		
05:46:18	2000	3000	3333	9955	8222	0.99100	1.36348	1.42779		
05:46:28	2000	3000	3333	9955	8233	0.99100	1.36653	1.45379		
05:46:38	2000	3000	3333	9955	8229	0.99100	1.36779	1.46342		
05:46:48	2000	3000	3333	9955	8235	0.99100	1.36569	1.44465		
05:46:58	2000	3000	3333	9955	8231	0.99100	1.36594	1.44724		
05:47:08	2000	3000	3333	9955	8233	0.99100	1.36484	1.45953		
05:47:18	2000	3000	3333	9955	8231	0.99100	1.36661	1.42909		
05:47:28	2000	3000	3333	9955	8216	0.99100	1.36603	1.43875		
05:47:38	2000	3000	3333	9955	8205	0.99100	1.36622	1.43808		
05:47:48	2000	3000	3333	9955	8197	0.99100	1.36559	1.44767		
05:47:58	2000	3000	3333	9955	8196	0.99100	1.36601	1.45291		
05:48:08	2000	3000	3333	9955	8204	0.99100	1.36593	1.45045		
05:48:18	2000	3000	3333	9955	8199	0.99100	1.36808	1.44903		
05:48:28	2000	3000	3333	9955	8195	0.99100	1.36999	1.44721		
05:48:39	2000	3000	3333	9955	8197	0.99100	1.37075	1.45054		
05:48:49	2000	3000	3333	9955	8201	0.99100	1.37081	1.43187		
05:48:59	2000	3000	3333	9955	8207	0.99100	1.37107	1.43955		
05:49:09	2000	3000	3333	9955	8215	0.99100	1.37077	1.47944		
05:49:19	2000	3000	3333	9955	8238	0.99100	1.37033	1.42794		
05:49:29	2000	3000	3333	9955	8224	0.99100	1.37100	1.44598		
05:49:39	2000	3000	3333	9955	8218	0.99100	1.37075	1.47479		
05:49:49	2000	3000	3333	9955	8212	0.99100	1.37034	1.45742		
05:49:59	2000	3000	3333	9955	8209	0.99100	1.36994	1.44646		
05:50:09	2000	3000	3333	9955	8201	0.99100	1.36965	1.46643		
05:50:19	2000	3000	3333	9955	8199	0.99100	1.36725	1.45239		
05:50:29	2000	3000	3333	9955	8202	0.99100	1.36771	1.44390		
05:50:39	2000	3000	3333	9955	8196	0.99100	1.36627	1.44346		
05:50:49	2000	3000	3333	9955	8186	0.99100	1.36606	1.44082		
05:50:59	2000	3000	3333	9955	8186	0.99100	1.36512	1.46339		
05:51:09	2000	3000	3333	9955	8188	0.99100	1.36454	1.45166		
05:51:19	2000	3000	3333	9955	8188	0.99100	1.36417	1.44992		
05:51:29	2000	3000	3333	9955	8186	0.99100	1.36429	1.45708		
05:51:40	2000	3000	3333	9955	8188	0.99100	1.36647	1.43281		
05:51:50	2000	3000	3333	9955	8195	0.99100	1.36693	1.45108		
05:52:00	2000	3000	3333	9955	8196	0.99100	1.36895	1.44488		
05:52:10	2000	3000	3333	9955	8200	0.99100	1.36848	1.43795		
05:52:20	2000	3000	3333	9955	8202	0.99100	1.36820	1.45208		
05:52:30	2000	3000	3333	9955	8198	0.99100	1.36795	1.44649		
05:52:40	2000	3000	3333	9955	8172	0.99100	1.36660	1.45677		
05:52:50	2000	3000	3333	9955	8156	0.99100	1.36630	1.45603		
05:53:00	2000	3000	3333	9955	8150	0.99100	1.36558	1.40833		
05:53:10	2000	3000	3333	9955	8151	0.99100	1.36737	1.44281		
05:53:20	2000	3000	3333	9955	8144	0.99100	1.36633	1.45833		
05:53:30	2000	3000	3333	9955	8147	0.99100	1.36542	1.46777		
05:53:41	2000	3000	3333	9955	8144	0.99100	1.36616	1.44670		
05:53:51	2000	3000	3333	9955	8143	0.99100	1.36978	1.47200		
05:54:01	2000	3000	3333	9955	8147	0.99100	1.37196	1.46547		
05:54:11	2000	3000	3333	9955	8147	0.99100	1.37068	1.48525		
05:54:21	2000	3000	3333	9955	8147	0.99100	1.36959	1.47989		
05:54:31	2000	3000	3333	9955	8155	0.99100	1.37007	1.48296		
05:54:41	2000	3000	3333	9955	8334	0.99100	1.36963	1.46868		
05:54:51	2000	3000	3333	9955	8173	0.99100	1.36934	1.46296		
05:55:01	2000	3000	3333	9955	8176	0.99100	1.37106	1.46281		
05:55:11	2000	3000	3333	9955	8172	0.99100	1.36980	1.44259		
05:55:21	2000	3000	3333	9955	8175	0.99100	1.36777	1.47558		
05:55:31	2000	3000	3333	9955	8175	0.99100	1.36795	1.44392		
05:55:42	2000	3000	3333	9955	8179	0.99100	1.36640	1.45492		
05:55:52	2000	3000	3333	9955	8179	0.99100	1.36640	1.45492		


			DELHI AIRPORT : 30 m Base line


Time	RVR	 MOR	RVR	MOR	BLM	Trf	 Ref(v)	PD(v)
	(limited)	(limited)	(actual)	(actual)

06:03:33	2000	3000	1659	9955	8225	0.99100	1.37376	1.47733		
06:03:43	2000	3000	3318	9955	8224	0.99100	1.37370	1.44606		
06:03:53	2000	3000	3333	9955	8233	0.99100	1.37376	1.48015		
06:04:03	2000	3000	3333	9955	8248	0.99100	1.37370	1.47521		
06:04:13	2000	3000	3333	9955	8260	0.99100	1.37370	1.46564		
06:04:23	2000	3000	3333	9955	8261	0.99100	1.37371	1.50014		
06:04:33	2000	3000	3333	9955	8265	0.99100	1.37371	1.49303		
06:04:43	2000	3000	3333	9955	8255	0.99100	1.37335	1.48157		
06:04:53	2000	3000	3333	9955	8244	0.99100	1.37348	1.46763		
06:05:03	2000	3000	3333	9955	8240	0.99100	1.37327	1.46451		
06:05:13	2000	3000	3333	9955	8235	0.99100	1.37306	1.44252		
06:05:23	2000	3000	3333	9955	8242	0.99100	1.37280	1.47941		
06:05:33	2000	3000	3333	9955	8244	0.99100	1.37271	1.47957		
06:05:43	2000	3000	3333	9955	8236	0.99100	1.37237	1.48489		
06:05:53	2000	3000	3333	9955	8243	0.99100	1.37242	1.47175		
06:06:03	2000	3000	3333	9955	8248	0.99100	1.37263	1.48175		
06:06:13	2000	3000	3333	9955	8260	0.99100	1.37294	1.48827		
06:06:23	2000	3000	3333	9955	8275	0.99100	1.37323	1.47134		
06:06:33	2000	3000	3333	9955	8283	0.99100	1.37276	1.46121		
06:06:43	2000	3000	3333	9955	8292	0.99100	1.37292	1.46491		
06:06:53	2000	3000	3333	9955	8278	0.99100	1.37313	1.47335		
06:07:03	2000	3000	3333	9955	8258	0.99100	1.37302	1.47749		
06:07:13	2000	3000	3333	9955	8258	0.99100	1.37302	1.48168		
06:07:23	2000	3000	3333	9955	8256	0.99100	1.37292	1.47742		
06:07:33	2000	3000	3333	9955	8259	0.99100	1.37295	1.46476		
06:07:43	2000	3000	3333	9955	8271	0.99100	1.37269	1.46426		
06:07:53	2000	3000	3333	9955	8288	0.99100	1.37184	1.48952		
06:08:03	2000	3000	3333	9955	8320	0.99100	1.37228	1.47764		
06:08:13	2000	3000	3333	9955	8309	0.99100	1.37221	1.49145		
06:08:23	2000	3000	3333	9955	8307	0.99100	1.37210	1.47169		
06:08:33	2000	3000	3333	9955	8307	0.99100	1.37195	1.45693		
06:08:43	2000	3000	3333	9955	8313	0.99100	1.37170	1.48632		
06:08:53	2000	3000	3333	9955	8312	0.99100	1.37188	1.45395		
06:09:03	2000	3000	3333	9955	8301	0.99100	1.37149	1.48721		
06:09:13	2000	3000	3333	9955	8287	0.99100	1.37145	1.46738		
06:09:24	2000	3000	3333	9955	8276	0.99100	1.37136	1.48222		
06:09:34	2000	3000	3333	9955	8272	0.99100	1.37075	1.47691		
06:09:44	2000	3000	3333	9955	8277	0.99100	1.36952	1.46002		
06:09:54	2000	3000	3333	9955	8294	0.99100	1.37032	1.45346		
06:10:04	2000	3000	3333	9955	8308	0.99100	1.36945	1.46424		
06:10:14	2000	3000	3333	9955	8319	0.99100	1.36835	1.46071		
06:10:24	2000	3000	3333	9955	8325	0.99100	1.36690	1.44463		
06:10:34	2000	3000	3333	9955	8333	0.99100	1.36565	1.46234		
06:10:44	2000	3000	3333	9955	8333	0.99100	1.36526	1.45212		
06:10:54	2000	3000	3333	9955	8339	0.99100	1.36375	1.45415		
06:11:04	2000	3000	3333	9955	8344	0.99100	1.36319	1.46701		
06:11:14	2000	3000	3333	9955	8351	0.99100	1.36317	1.45462		
06:11:24	2000	3000	3333	9955	8325	0.99100	1.36248	1.47281		
06:11:34	2000	3000	3333	9955	8309	0.99100	1.36286	1.44738		
06:11:44	2000	3000	3333	9955	8308	0.99100	1.36432	1.46230		
06:11:54	2000	3000	3333	9955	8312	0.99100	1.36415	1.45478		
06:12:04	2000	3000	3333	9955	8318	0.99100	1.36463	1.45326		
06:12:14	2000	3000	3333	9955	8318	0.99100	1.36602	1.46915		
06:12:24	2000	3000	3333	9955	8318	0.99100	1.36602	1.46915		
06:12:34	2000	3000	3333	9955	8300	0.99100	1.36521	1.46967		
06:12:44	2000	3000	3333	9955	8288	0.99100	1.36543	1.45624		
06:12:54	2000	3000	3333	9955	8291	0.99100	1.36602	1.45918		
06:13:04	2000	3000	3333	9955	8303	0.99100	1.36744	1.45623		
06:13:14	2000	3000	3333	9955	8321	0.99100	1.36759	1.49597		
06:13:24	2000	3000	3333	9955	8333	0.99100	1.36690	1.44857		
06:13:34	2000	3000	3333	9955	8329	0.99100	1.36845	1.46262		
06:13:44	2000	3000	3333	9955	8329	0.99100	1.36669	1.41547		
06:13:54	2000	3000	3333	9955	8338	0.99100	1.36682	1.47586		
06:14:04	2000	3000	3333	9955	8343	0.99100	1.36651	1.46236		
06:14:14	2000	3000	3333	9955	8339	0.99100	1.36578	1.45968		
06:14:24	2000	3000	3333	9955	8335	0.99100	1.36594	1.50075		
06:14:34	2000	3000	3333	9955	8557	0.99100	1.36609	1.46151		
06:14:44	2000	3000	3333	9955	8336	0.99100	1.36464	1.46829		
06:14:54	2000	3000	3333	9955	8333	0.99100	1.36505	1.42264		
06:15:04	2000	3000	3333	9955	8329	0.99100	1.36476	1.46357		
06:15:14	2000	3000	3333	9955	8326	0.99100	1.36514	1.45889		
06:15:24	2000	3000	3333	9955	8326	0.99100	1.36624	1.46034		
06:15:34	2000	3000	3333	9955	8326	0.99100	1.36624	1.46034		
06:15:44	2000	3000	3333	9955	8326	0.99100	1.36624	1.46034		


			DELHI AIRPORT : 30 m Base line


Time	RVR	 MOR	RVR	MOR	BLM	Trf	 Ref(v)	PD(v)
	(limited)	(limited)	(actual)	(actual)

06:48:03	150	50	26	72	8310	0.28635	2.53266	0.71119		
06:48:13	175	75	58	92	8314	0.37674	2.31994	0.82987		
06:48:23	175	75	88	84	8309	0.34213	2.50876	0.82354		
06:48:33	150	50	114	70	8295	0.27423	2.73581	0.74003		
06:48:43	125	50	136	59	8280	0.21582	2.82077	0.62282		
06:48:53	150	50	162	70	8268	0.27575	2.53063	0.68780		
06:49:03	175	75	168	93	8258	0.37851	2.31964	0.83325		
06:49:13	175	75	166	86	8255	0.34942	2.51162	0.84006		
06:49:23	150	50	162	71	8248	0.28197	2.73311	0.75728		
06:49:33	150	50	159	59	8245	0.21578	2.81876	0.62229		
06:49:43	150	50	162	68	8248	0.26650	2.53409	0.66880		
06:49:53	150	75	168	94	8252	0.38206	2.31966	0.84026		
06:50:03	150	75	166	84	8249	0.34413	2.51535	0.82998		
06:50:13	150	50	162	71	8239	0.28195	2.74227	0.75977		
06:50:23	150	50	159	59	8236	0.22021	2.81555	0.63218		
06:50:33	150	50	162	72	8233	0.28438	2.52223	0.70404		
06:50:43	150	75	169	90	8229	0.36809	2.31971	0.81272		
06:50:54	150	75	166	85	8218	0.34535	2.51871	0.83371		
06:51:04	150	50	162	69	8214	0.27339	2.74570	0.74074		
