

			DELHI AIRPORT : 30 m Base line


Time	RVR	 MOR	RVR	MOR	BLM	Trf	 Ref(v)	PD(v)
	(limited)	(limited)	(actual)	(actual)

00:00:12	2000	1150	3102	1200	2	0.92775	1.13495	2.80597		
00:00:23	2000	1100	3078	1070	2	0.91932	1.13647	2.78154		
00:00:33	2000	1100	3056	1103	2	0.92165	1.13554	2.78707		
00:00:43	2000	1100	3039	1035	2	0.91673	1.13515	2.76966		
00:00:53	2000	1050	2982	1018	2	0.91535	1.13539	2.76563		
00:01:03	2000	1050	2927	1013	2	0.91501	1.13312	2.75898		
00:01:13	2000	1000	2840	963	2	0.91074	1.13548	2.75045		
00:01:24	2000	1000	2801	967	2	0.91109	1.13408	2.74823		
00:01:34	2000	950	2764	1000	2	0.91393	1.13452	2.75878		
00:01:44	2000	950	2747	989	2	0.91301	1.13483	2.75647		
00:01:54	2000	950	2730	973	2	0.91162	1.13426	2.75045		
00:02:04	2000	950	2695	920	2	0.90679	1.13518	2.73654		
00:02:14	2000	950	2694	960	2	0.91049	1.13340	2.74460		
00:02:25	2000	950	2689	955	2	0.91002	1.13153	2.73850		
00:02:35	2000	950	2660	923	2	0.90705	1.13590	2.73914		
00:02:45	2000	900	2652	967	2	0.91111	1.13566	2.75213		
00:02:55	2000	950	2668	1015	2	0.91518	1.13532	2.76489		
00:03:05	2000	950	2718	1055	2	0.91820	1.13609	2.77687		
00:03:16	2000	950	2764	1085	2	0.92040	1.13405	2.77923		
00:03:26	2000	1000	2812	1082	2	0.92017	1.13493	2.78061		
00:03:36	2000	1000	2856	1041	2	0.91715	1.13635	2.77401		
00:03:46	2000	1000	2874	1017	2	0.91528	1.13465	2.76359		
00:03:56	2000	1000	2864	989	2	0.91300	1.13573	2.75862		
00:04:06	2000	1000	2828	956	2	0.91018	1.13540	2.74840		
00:04:16	2000	1000	2787	975	2	0.91180	1.13564	2.75438		
00:04:27	2000	950	2744	966	2	0.91100	1.13426	2.74838		
00:04:37	2000	950	2716	966	2	0.91105	1.13495	2.75020		
00:04:47	2000	950	2676	909	2	0.90573	1.13523	2.73312		
00:04:57	2000	950	2662	951	2	0.90968	1.13522	2.74630		
00:05:07	2000	900	2655	938	2	0.90851	1.13492	2.74165		
00:05:18	2000	950	2656	977	2	0.91203	1.13656	2.75738		
00:05:28	2000	900	2642	929	2	0.90763	1.13528	2.73959		
00:05:38	2000	900	2648	981	2	0.91232	1.13376	2.75156		
00:05:48	2000	950	2692	1026	2	0.91604	1.13520	2.76749		
00:05:58	2000	950	2728	1049	2	0.91776	1.13480	2.77225		
00:06:09	2000	950	2754	1008	2	0.91461	1.13592	2.76446		
00:06:19	2000	1000	2780	1046	2	0.91757	1.13331	2.76798		
00:06:29	2000	1000	2815	1022	2	0.91574	1.13404	2.76365		
00:06:39	2000	1000	2855	1088	2	0.92063	1.13417	2.78030		
00:06:49	2000	1000	2871	1071	2	0.91943	1.13244	2.77204		
00:06:59	2000	1000	2874	1056	2	0.91831	1.13420	2.77262		
00:07:10	2000	1050	2898	1073	2	0.91956	1.13435	2.77717		
00:07:20	2000	1050	2910	1081	2	0.92013	1.13281	2.77529		
00:07:30	2000	1050	2912	1028	2	0.91614	1.13377	2.76432		
00:07:40	2000	1050	2888	1022	2	0.91568	1.13393	2.76317		
00:07:50	2000	1050	2880	1050	2	0.91786	1.13383	2.77021		
00:08:01	2000	1000	2877	1049	2	0.91777	1.13418	2.77076		
00:08:11	2000	1000	2863	1035	2	0.91671	1.13372	2.76611		
00:08:21	2000	1000	2842	1024	2	0.91582	1.13481	2.76581		
00:08:31	2000	1000	2831	997	2	0.91368	1.13450	2.75791		
00:08:41	2000	1000	2824	1002	2	0.91410	1.13522	2.76106		
00:08:52	2000	1000	2813	1022	2	0.91567	1.13649	2.76939		
00:09:02	2000	1000	2810	1040	2	0.91708	1.13423	2.76859		
00:09:12	2000	1000	2802	1014	2	0.91511	1.13552	2.76514		
00:09:22	2000	1000	2807	1037	2	0.91688	1.13543	2.77084		
00:09:32	2000	1000	2829	1055	2	0.91826	1.13410	2.77220		
00:09:42	2000	1000	2851	1064	2	0.91887	1.13502	2.77648		
00:09:53	2000	1000	2864	1056	2	0.91833	1.13497	2.77456		
00:10:03	2000	1000	2862	1033	2	0.91657	1.13689	2.77338		
00:10:13	2000	1000	2877	1056	2	0.91828	1.13556	2.77583		
00:10:23	2000	1000	2874	1028	2	0.91616	1.13639	2.77080		
00:10:33	2000	1050	2893	1109	2	0.92205	1.13301	2.78218		
00:10:44	2000	1050	2915	1124	2	0.92303	1.13329	2.78612		
00:10:54	2000	1050	2921	1073	2	0.91956	1.13310	2.77411		
00:11:04	2000	1050	2937	1077	2	0.91982	1.13385	2.77679		
00:11:14	2000	1050	2953	1099	2	0.92138	1.13482	2.78437		
00:11:24	2000	1100	2992	1135	2	0.92375	1.13455	2.79165		
00:11:34	2000	1100	3004	1143	2	0.92425	1.13207	2.78721		
00:11:45	2000	1050	2986	1073	2	0.91954	1.13506	2.77883		
00:11:55	2000	1050	2976	1047	2	0.91760	1.13461	2.77125		
00:12:05	2000	1050	2967	1052	2	0.91798	1.13425	2.77164		
00:12:15	2000	1050	2955	1067	2	0.91908	1.13223	2.77037		
00:12:25	2000	1050	2951	1124	2	0.92305	1.13398	2.78790		
00:12:35	2000	1050	2942	1117	2	0.92257	1.13310	2.78414		
00:12:45	2000	1050	2964	1135	2	0.92376	1.13231	2.78616		
00:12:56	2000	1050	2966	1050	2	0.91786	1.13530	2.77380		
00:13:06	2000	1050	2986	1109	2	0.92204	1.13322	2.78266		
00:13:16	2000	1100	3001	1107	2	0.92194	1.13328	2.78246		
00:13:26	2000	1100	3006	1139	2	0.92402	1.13379	2.79065		
00:13:36	2000	1100	3003	1107	2	0.92190	1.13391	2.78390		
00:13:47	2000	1100	3023	1191	2	0.92724	1.13246	2.79812		
00:13:57	2000	1100	3067	1170	2	0.92595	1.13271	2.79445		
00:14:07	2000	1100	3068	1112	2	0.92223	1.13485	2.78729		
00:14:17	2000	1100	3069	1112	2	0.92224	1.13312	2.78309		
00:14:27	2000	1100	3058	1108	2	0.92200	1.13460	2.78591		
00:14:38	2000	1100	3078	1161	2	0.92542	1.13628	2.80146		
00:14:48	2000	1100	3064	1153	2	0.92494	1.13475	2.79611		
00:14:58	2000	1100	3035	1087	2	0.92055	1.13330	2.77790		
00:15:08	2000	1100	3056	1172	2	0.92605	1.13477	2.79987		
00:15:18	2000	1100	3069	1147	2	0.92453	1.13358	2.79186		
00:15:28	2000	1100	3076	1129	2	0.92339	1.13484	2.79116		
00:15:39	2000	1100	3074	1154	2	0.92499	1.13476	2.79628		
00:15:49	2000	1100	3076	1160	2	0.92536	1.13412	2.79595		
00:15:59	2000	1100	3090	1126	2	0.92319	1.13522	2.79143		
00:16:09	2000	1100	3089	1168	2	0.92583	1.13403	2.79729		
00:16:19	2000	1100	3082	1129	2	0.92336	1.13406	2.78913		
00:16:29	2000	1100	3087	1142	2	0.92422	1.13453	2.79316		
00:16:40	2000	1100	3085	1149	2	0.92463	1.13386	2.79289		
00:16:50	2000	1150	3097	1195	2	0.92742	1.13315	2.80044		
00:17:00	2000	1150	3120	1190	2	0.92714	1.13299	2.79910		
00:17:10	2000	1150	3118	1161	2	0.92544	1.13516	2.79877		
00:17:20	2000	1150	3154	1228	2	0.92936	1.13401	2.80902		
00:17:31	2000	1150	3175	1202	2	0.92787	1.13165	2.79822		
00:17:41	2000	1150	3164	1119	2	0.92270	1.13325	2.78494		
00:17:51	2000	1150	3182	1244	2	0.93019	1.13350	2.81053		
00:18:01	2000	1200	3233	1337	2	0.93490	1.13292	2.82480		
00:18:11	2000	1200	3306	1367	2	0.93630	1.13533	2.83549		
00:18:22	2000	1200	3333	1331	2	0.93462	1.13445	2.82767		
00:18:32	2000	1200	3333	1340	2	0.93505	1.13107	2.82068		
00:18:42	2000	1300	3333	1275	2	0.93186	1.13382	2.81689		
00:18:52	2000	1300	3333	1285	2	0.93235	1.13265	2.81563		
00:19:02	2000	1300	3333	1243	2	0.93015	1.13507	2.81430		
00:19:12	2000	1300	3333	1352	2	0.93561	1.13366	2.82899		
00:19:23	2000	1200	3333	1275	2	0.93187	1.13430	2.81812		
00:19:33	2000	1200	3333	1304	2	0.93329	1.13348	2.82081		
00:19:43	2000	1200	3333	1249	2	0.93047	1.13409	2.81294		
00:19:53	2000	1200	3333	1252	2	0.93066	1.13225	2.80900		
00:20:03	2000	1200	3333	1273	2	0.93174	1.13366	2.81611		
00:20:14	2000	1200	3333	1294	2	0.93283	1.13333	2.81890		
00:20:24	2000	1200	3333	1272	2	0.93167	1.13478	2.81863		
00:20:34	2000	1200	3333	1278	2	0.93197	1.13296	2.81514		
00:20:44	2000	1200	3333	1212	2	0.92843	1.13340	2.80441		
00:20:54	2000	1200	3309	1174	2	0.92622	1.13561	2.80251		
00:21:05	2000	1200	3297	1240	2	0.93000	1.13360	2.81014		
00:21:15	2000	1200	3263	1197	2	0.92754	1.13449	2.80415		
00:21:25	2000	1200	3251	1239	2	0.92996	1.13333	2.80934		
00:21:35	2000	1200	3236	1234	2	0.92966	1.13359	2.80897		
00:21:45	2000	1200	3230	1194	2	0.92741	1.13431	2.80326		
00:21:55	2000	1200	3247	1223	2	0.92903	1.13360	2.80691		
00:22:05	2000	1200	3224	1176	2	0.92633	1.13328	2.79712		
00:22:16	2000	1200	3236	1232	2	0.92953	1.13376	2.80897		
00:22:26	2000	1200	3229	1218	2	0.92877	1.13410	2.80728		
00:22:36	2000	1200	3244	1277	2	0.93195	1.13346	2.81629		
00:22:46	2000	1200	3248	1206	2	0.92807	1.13580	2.80915		
00:22:56	2000	1200	3268	1279	2	0.93205	1.13304	2.81559		
00:23:07	2000	1200	3308	1290	2	0.93262	1.13323	2.81796		
00:23:17	2000	1200	3333	1334	2	0.93474	1.13242	2.82302		
00:23:27	2000	1200	3333	1324	2	0.93426	1.13313	2.82318		
00:23:37	2000	1200	3333	1278	2	0.93202	1.13382	2.81742		
00:23:47	2000	1300	3333	1354	2	0.93570	1.13221	2.82569		
00:23:57	2000	1300	3333	1340	2	0.93506	1.13299	2.82549		
00:24:07	2000	1300	3333	1325	2	0.93435	1.13226	2.82131		
00:24:18	2000	1300	3333	1285	2	0.93236	1.13324	2.81712		
00:24:28	2000	1300	3333	1293	2	0.93275	1.13321	2.81835		
00:24:38	2000	1300	3333	1282	2	0.93223	1.13243	2.81466		
00:24:48	2000	1200	3333	1257	2	0.93088	1.13411	2.81436		
00:24:58	2000	1200	3333	1353	2	0.93566	1.13350	2.82876		
00:25:09	2000	1300	3333	1352	2	0.93560	1.13320	2.82782		
00:25:19	2000	1300	3333	1403	2	0.93785	1.13163	2.83140		
00:25:29	2000	1300	3333	1330	2	0.93455	1.13389	2.82605		
00:25:39	2000	1300	3333	1355	2	0.93575	1.13254	2.82668		
00:25:49	2000	1300	3333	1289	2	0.93256	1.13596	2.82456		
00:26:00	2000	1300	3333	1301	2	0.93316	1.13464	2.82327		
00:26:10	2000	1300	3333	1300	2	0.93313	1.13441	2.82260		
00:26:20	2000	1300	3333	1340	2	0.93504	1.13416	2.82834		
00:26:30	2000	1300	3333	1348	2	0.93541	1.13324	2.82730		
00:26:40	2000	1300	3333	1325	2	0.93433	1.13548	2.82926		
00:26:50	2000	1300	3333	1283	2	0.93227	1.13478	2.82065		
00:27:01	2000	1300	3333	1308	2	0.93351	1.13510	2.82558		
00:27:11	2000	1300	3333	1309	2	0.93355	1.13570	2.82722		
00:27:21	2000	1300	3333	1345	2	0.93529	1.13418	2.82925		
00:27:31	2000	1300	3333	1391	2	0.93735	1.13252	2.83196		
00:27:41	2000	1300	3333	1344	2	0.93524	1.13376	2.82802		
00:27:52	2000	1300	3333	1327	2	0.93444	1.13494	2.82829		
00:28:02	2000	1300	3333	1327	2	0.93444	1.13494	2.82829		
00:28:12	2000	1300	3333	1218	2	0.92878	1.13501	2.80956		
00:28:22	2000	1300	3333	1298	2	0.93302	1.13396	2.82111		
00:28:32	2000	1300	3333	1315	2	0.93386	1.13632	2.82980		
00:28:42	2000	1300	3333	1333	2	0.93473	1.13462	2.82846		
00:28:53	2000	1300	3333	1320	2	0.93407	1.13485	2.82684		
00:29:03	2000	1300	3333	1415	2	0.93837	1.13119	2.83204		
00:29:13	2000	1300	3333	1335	2	0.93482	1.13346	2.82588		
00:29:23	2000	1300	3333	1316	2	0.93391	1.13369	2.82342		
00:29:33	2000	1300	3333	1419	2	0.93854	1.13255	2.83599		
00:29:44	2000	1300	3333	1354	2	0.93571	1.13441	2.83122		
00:29:54	2000	1300	3333	1247	2	0.93039	1.13522	2.81546		
00:30:04	2000	1300	3333	1274	2	0.93178	1.13442	2.81813		
00:30:14	2000	1300	3333	1251	2	0.93058	1.13338	2.81154		
00:30:24	2000	1200	3333	1209	2	0.92824	1.13538	2.80867		
00:30:35	2000	1200	3330	1229	2	0.92937	1.13400	2.80902		
00:30:45	2000	1200	3311	1300	2	0.93311	1.13212	2.81685		
00:30:55	2000	1200	3323	1281	2	0.93216	1.13309	2.81609		
00:31:05	2000	1200	3308	1230	2	0.92944	1.13432	2.81007		
00:31:15	2000	1200	3311	1260	2	0.93109	1.13228	2.81049		
00:31:25	2000	1200	3313	1215	2	0.92860	1.13419	2.80695		
00:31:36	2000	1200	3304	1204	2	0.92796	1.13491	2.80658		
00:31:46	2000	1200	3281	1234	2	0.92964	1.13406	2.81007		
00:31:56	2000	1200	3258	1217	2	0.92869	1.13461	2.80827		
00:32:06	2000	1200	3265	1248	2	0.93042	1.13311	2.81032		
00:32:16	2000	1200	3266	1265	2	0.93132	1.13189	2.81031		
00:32:27	2000	1200	3272	1231	2	0.92951	1.13394	2.80936		
00:32:37	2000	1200	3282	1233	2	0.92959	1.13445	2.81087		
00:32:47	2000	1200	3285	1241	2	0.93006	1.13442	2.81238		
00:32:57	2000	1200	3313	1297	2	0.93297	1.13383	2.82062		
00:33:07	2000	1200	3333	1303	2	0.93326	1.13400	2.82200		
00:33:17	2000	1200	3333	1292	2	0.93270	1.13396	2.82006		
00:33:28	2000	1200	3333	1268	2	0.93146	1.13441	2.81704		
00:33:38	2000	1200	3333	1369	2	0.93639	1.13130	2.82571		
00:33:48	2000	1300	3333	1315	2	0.93385	1.13371	2.82325		
00:33:58	2000	1300	3333	1294	2	0.93280	1.13404	2.82059		
00:34:08	2000	1300	3333	1298	2	0.93299	1.13374	2.82048		
00:34:18	2000	1300	3333	1280	2	0.93208	1.13442	2.81911		
00:34:29	2000	1300	3333	1315	2	0.93384	1.13311	2.82174		
00:34:39	2000	1200	3333	1267	2	0.93145	1.13495	2.81834		
00:34:49	2000	1200	3333	1284	2	0.93230	1.13465	2.82043		
00:34:59	2000	1200	3333	1323	2	0.93426	1.13284	2.82245		
00:35:09	2000	1200	3333	1312	2	0.93371	1.13231	2.81931		
00:35:19	2000	1300	3333	1388	2	0.93720	1.13244	2.83127		
00:35:30	2000	1300	3333	1362	2	0.93606	1.13262	2.82792		
00:35:40	2000	1300	3333	1281	2	0.93215	1.13556	2.82218		
00:35:50	2000	1300	3333	1286	2	0.93242	1.13513	2.82202		
00:36:00	2000	1300	3333	1277	2	0.93195	1.13526	2.82079		
00:36:10	2000	1300	3333	1243	2	0.93017	1.13440	2.81268		
00:36:20	2000	1200	3333	1281	2	0.93214	1.13369	2.81749		
00:36:31	2000	1200	3333	1329	2	0.93453	1.13454	2.82759		
00:36:41	2000	1200	3333	1351	2	0.93556	1.13254	2.82606		
00:36:51	2000	1300	3333	1383	2	0.93701	1.13302	2.83207		
00:37:01	2000	1300	3333	1316	2	0.93388	1.13380	2.82360		
00:37:11	2000	1300	3333	1373	2	0.93656	1.13326	2.83116		
00:37:21	2000	1300	3333	1418	2	0.93848	1.13208	2.83464		
00:37:32	2000	1300	3333	1479	2	0.94096	1.13249	2.84390		
00:37:42	2000	1400	3333	1469	2	0.94058	1.13271	2.84320		
00:37:52	2000	1400	3333	1492	2	0.94147	1.13054	2.84070		
00:38:02	2000	1400	3333	1444	2	0.93956	1.13430	2.84379		
00:38:12	2000	1400	3333	1611	2	0.94566	1.13341	2.86190		
00:38:23	2000	1500	3333	1555	2	0.94376	1.13503	2.85965		
00:38:33	2000	1500	3333	1583	2	0.94474	1.13148	2.85396		
00:38:43	2000	1500	3333	1590	2	0.94497	1.13237	2.85699		
00:38:53	2000	1500	3333	1584	2	0.94477	1.13387	2.86009		
00:39:03	2000	1500	3333	1610	2	0.94564	1.13355	2.86217		
00:39:13	2000	1500	3333	1681	2	0.94786	1.13146	2.86431		
00:39:24	2000	1600	3333	1620	2	0.94596	1.13386	2.86402		
00:39:34	2000	1600	3333	1603	2	0.94541	1.13456	2.86398		
00:39:44	2000	1600	3333	1589	2	0.94495	1.13401	2.86104		
00:39:54	2000	1600	3333	1543	2	0.94333	1.13228	2.85128		
00:40:04	2000	1600	3333	1635	2	0.94643	1.13142	2.85945		
00:40:15	2000	1500	3333	1529	2	0.94283	1.13393	2.85377		
00:40:25	2000	1500	3333	1453	2	0.93996	1.13598	2.84933		
00:40:35	2000	1500	3333	1724	2	0.94912	1.13171	2.86914		
00:40:45	2000	1600	3333	1811	2	0.95153	1.13183	2.87746		
00:40:55	2000	1600	3333	1643	2	0.94669	1.13313	2.86461		
00:41:06	2000	1600	3333	1644	2	0.94672	1.13210	2.86211		
00:41:16	2000	1600	3333	1771	2	0.95046	1.13045	2.87039		
00:41:26	2000	1700	3333	1686	2	0.94801	1.13151	2.86491		
00:41:36	2000	1600	3333	1622	2	0.94601	1.13361	2.86357		
00:41:46	2000	1600	3333	1637	2	0.94651	1.13255	2.86256		
00:41:56	2000	1600	3333	1658	2	0.94715	1.13212	2.86361		
00:42:07	2000	1600	3333	1606	2	0.94549	1.13378	2.86228		
00:42:17	2000	1600	3333	1593	2	0.94508	1.13444	2.86256		
00:42:27	2000	1600	3333	1633	2	0.94636	1.13409	2.86596		
00:42:37	2000	1600	3333	1606	2	0.94549	1.13358	2.86175		
00:42:47	2000	1600	3333	1622	2	0.94603	1.13352	2.86341		
00:42:58	2000	1600	3333	1630	2	0.94630	1.13261	2.86200		
00:43:08	2000	1600	3333	1690	2	0.94813	1.13224	2.86717		
00:43:18	2000	1600	3333	1604	2	0.94545	1.13215	2.85802		
00:43:28	2000	1600	3333	1509	2	0.94210	1.13510	2.85429		
00:43:38	2000	1600	3333	1563	2	0.94405	1.13476	2.85992		
00:43:49	2000	1500	3333	1507	2	0.94202	1.13381	2.85077		
00:43:59	2000	1500	3333	1472	2	0.94069	1.13453	2.84814		
00:44:09	2000	1500	3333	1422	2	0.93866	1.13628	2.84573		
00:44:19	2000	1400	3333	1519	2	0.94247	1.13523	2.85585		
00:44:29	2000	1500	3333	1536	2	0.94309	1.13451	2.85609		
00:44:39	2000	1400	3333	1506	2	0.94199	1.13579	2.85564		
00:44:49	2000	1400	3333	1491	2	0.94143	1.13471	2.85106		
00:45:00	2000	1500	3333	1551	2	0.94361	1.13357	2.85548		
00:45:10	2000	1500	3333	1477	2	0.94087	1.13455	2.84879		
00:45:20	2000	1500	3333	1471	2	0.94064	1.13479	2.84861		
00:45:30	2000	1400	3333	1434	2	0.93916	1.13410	2.84195		
00:45:40	2000	1400	3333	1458	2	0.94013	1.13439	2.84593		
00:45:51	2000	1400	3333	1489	2	0.94135	1.13370	2.84824		
00:46:01	2000	1400	3333	1483	2	0.94110	1.13359	2.84714		
00:46:11	2000	1400	3333	1487	2	0.94126	1.13321	2.84671		
00:46:21	2000	1400	3333	1447	2	0.93971	1.13540	2.84703		
00:46:31	2000	1400	3333	1416	2	0.93844	1.13439	2.84027		
00:46:41	2000	1400	3333	1463	2	0.94033	1.13424	2.84622		
00:46:51	2000	1400	3333	1472	2	0.94069	1.13547	2.85051		
00:47:02	2000	1400	3333	1517	2	0.94239	1.13362	2.85153		
00:47:12	2000	1400	3333	1527	2	0.94276	1.13266	2.85034		
00:47:22	2000	1400	3333	1548	2	0.94353	1.13224	2.85184		
00:47:32	2000	1400	3333	1461	2	0.94027	1.13411	2.84567		
00:47:42	2000	1400	3333	1465	2	0.94043	1.13518	2.84890		
00:47:53	2000	1500	3333	1508	2	0.94207	1.13263	2.84797		
00:48:03	2000	1400	3333	1441	2	0.93945	1.13491	2.84496		
00:48:13	2000	1400	3333	1506	2	0.94200	1.13326	2.84932		
00:48:23	2000	1400	3333	1410	2	0.93818	1.13562	2.84249		
00:48:33	2000	1400	3333	1377	2	0.93674	1.13676	2.84051		
00:48:44	2000	1400	3333	1239	2	0.92994	1.14261	2.83229		
00:48:54	2000	1300	3333	1225	2	0.92919	1.14253	2.82956		
00:49:04	2000	1300	3333	1197	2	0.92759	1.14254	2.82419		
00:49:14	2000	1200	3333	1207	2	0.92815	1.14251	2.82601		
00:49:24	2000	1200	3299	1233	2	0.92961	1.14255	2.83103		
00:49:34	2000	1200	3229	1199	2	0.92767	1.14247	2.82429		
00:49:45	2000	1200	3209	1228	3	0.92936	1.14233	2.82962		
00:49:55	2000	1200	3186	1217	3	0.92870	1.14238	2.82754		
00:50:05	2000	1200	3181	1261	3	0.93110	1.14246	2.83579		
00:50:15	2000	1200	3174	1261	3	0.93110	1.14246	2.83579		
00:50:25	2000	1200	3147	1253	4	0.93071	1.14213	2.83368		
00:50:36	2000	1200	3129	1236	4	0.92977	1.14232	2.83100		
00:50:46	2000	1200	3100	1225	5	0.92915	1.14243	2.82919		
00:50:56	2000	1200	3059	1169	5	0.92588	1.14244	2.81820		
00:51:06	2000	1200	3016	1203	6	0.92794	1.14213	2.82437		
00:51:16	2000	1200	2969	1199	6	0.92768	1.14248	2.82437		
00:51:27	2000	1200	2928	1196	7	0.92751	1.14240	2.82358		
00:51:37	2000	1150	2895	1197	7	0.92756	1.14218	2.82322		
00:51:47	2000	1150	2867	1200	7	0.92775	1.14224	2.82401		
00:51:57	2000	1150	2855	1188	8	0.92702	1.14238	2.82191		
00:52:07	2000	1200	2845	1229	8	0.92938	1.14221	2.82942		
00:52:17	2000	1200	2843	1249	9	0.93049	1.14188	2.83232		
00:52:28	2000	1200	2839	1237	9	0.92982	1.14163	2.82946		
00:52:38	2000	1200	2832	1229	10	0.92937	1.14184	2.82847		
00:52:48	2000	1200	2807	1167	10	0.92575	1.14201	2.81671		
00:52:58	2000	1200	2800	1214	11	0.92857	1.14165	2.82528		
00:53:08	2000	1200	2787	1235	12	0.92974	1.14190	2.82986		
00:53:19	2000	1200	2771	1246	12	0.93031	1.14174	2.83137		
00:53:29	2000	1200	2772	1290	13	0.93260	1.14077	2.83665		
00:53:39	2000	1200	2779	1302	13	0.93319	1.13935	2.83508		
00:53:49	2000	1200	2784	1232	14	0.92957	1.14121	2.82756		
00:53:59	2000	1200	2771	1213	14	0.92848	1.14179	2.82534		
00:54:09	2000	1200	2745	1188	15	0.92704	1.14164	2.82012		
00:54:20	2000	1200	2716	1185	16	0.92686	1.14163	2.81949		
00:54:30	2000	1200	2674	1183	16	0.92672	1.14176	2.81934		
00:54:40	2000	1150	2624	1160	17	0.92535	1.14183	2.81491		
00:54:50	2000	1150	2593	1162	18	0.92545	1.14198	2.81563		
00:55:00	2000	1150	2569	1163	18	0.92553	1.14111	2.81377		
00:55:11	2000	1150	2550	1157	19	0.92519	1.14149	2.81354		
00:55:21	2000	1150	2584	1350	20	0.93553	1.13225	2.82522		
00:55:31	2000	1150	2570	1167	20	0.92578	1.14050	2.81310		
00:55:41	2000	1150	2562	1165	21	0.92567	1.14084	2.81356		
00:55:51	2000	1150	2548	1149	22	0.92468	1.14007	2.80834		
00:56:01	2000	1150	2543	1181	23	0.92665	1.14007	2.81495		
00:56:12	2000	1150	2533	1156	24	0.92509	1.14045	2.81065		
00:56:22	2000	1150	2488	1218	25	0.92877	1.14097	2.82430		
00:56:32	2000	1150	2476	1158	25	0.92525	1.14109	2.81276		
00:56:42	2000	1150	2476	1201	26	0.92779	1.14004	2.81871		
00:56:52	2000	1150	2481	1200	27	0.92773	1.14042	2.81945		
00:57:02	2000	1150	2473	1188	28	0.92707	1.14083	2.81822		
00:57:13	2000	1150	2478	1206	29	0.92807	1.14041	2.82056		
00:57:23	2000	1150	2462	1192	30	0.92730	1.14029	2.81767		
00:57:33	2000	1150	2461	1183	31	0.92677	1.14103	2.81773		
00:57:43	2000	1150	2452	1200	32	0.92772	1.14083	2.82041		
00:57:53	2000	1150	2442	1193	33	0.92734	1.14062	2.81863		
00:58:03	2000	1150	2439	1209	34	0.92825	1.14066	2.82178		
00:58:14	2000	1150	2429	1200	35	0.92773	1.14083	2.82044		
00:58:24	2000	1150	2419	1184	36	0.92682	1.14096	2.81771		
00:58:34	2000	1150	2413	1189	37	0.92709	1.14087	2.81841		
00:58:44	2000	1150	2384	1117	38	0.92262	1.14035	2.80210		
00:58:54	2000	1150	2362	1136	39	0.92386	1.14027	2.80607		
00:59:05	2000	1150	2368	1261	40	0.93113	1.14036	2.83070		
00:59:15	2000	1150	2354	1173	41	0.92617	1.14013	2.81349		
00:59:25	2000	1150	2352	1211	43	0.92837	1.14045	2.82166		
00:59:35	2000	1150	2347	1202	44	0.92789	1.14110	2.82164		
00:59:45	2000	1150	2356	1184	45	0.92679	1.14082	2.81726		
00:59:55	2000	1200	2436	1510	47	0.94215	1.12616	2.83196		
01:00:05	2000	1300	2498	1571	48	0.94431	1.12686	2.84087		
01:00:16	2000	1300	2572	1527	49	0.94275	1.12951	2.84238		
01:00:26	2000	1400	2670	1674	50	0.94766	1.12630	2.85056		
01:00:36	2000	1500	2795	1798	52	0.95116	1.12771	2.86577		
01:00:46	2000	1600	2907	1713	53	0.94882	1.12636	2.85456		
01:00:56	2000	1600	2921	1612	54	0.94570	1.12667	2.84502		
01:01:07	2000	1600	2898	1503	55	0.94189	1.12749	2.83445		
01:01:17	2000	1600	2873	1445	56	0.93962	1.12714	2.82605		
01:01:27	2000	1500	2824	1482	58	0.94108	1.12478	2.82496		
01:01:37	2000	1500	2745	1464	59	0.94039	1.12635	2.82662		
01:01:47	2000	1400	2688	1481	60	0.94103	1.12490	2.82508		
01:01:58	2000	1400	2661	1520	61	0.94252	1.12425	2.82837		
01:02:08	2000	1400	2639	1435	63	0.93922	1.12664	2.82345		
01:02:18	2000	1400	2638	1475	64	0.94081	1.12590	2.82686		
01:02:28	2000	1400	2629	1472	66	0.94068	1.12598	2.82665		
01:02:38	2000	1400	2647	1582	67	0.94468	1.12870	2.84676		
01:02:48	2000	1500	2653	1544	69	0.94338	1.12868	2.84237		
01:02:59	2000	1500	2665	1616	71	0.94582	1.12563	2.84278		
01:03:09	2000	1500	2694	1608	72	0.94558	1.12678	2.84489		
01:03:19	2000	1500	2685	1464	74	0.94037	1.12605	2.82579		
01:03:29	2000	1500	2694	1551	75	0.94362	1.12706	2.83909		
01:03:39	2000	1500	2672	1513	77	0.94224	1.12877	2.83883		
01:03:50	2000	1500	2675	1595	79	0.94512	1.12504	2.83898		
01:04:00	2000	1500	2638	1472	81	0.94070	1.12695	2.82913		
01:04:10	2000	1500	2610	1505	82	0.94194	1.12779	2.83538		
01:04:20	2000	1500	2678	1845	84	0.95239	1.12157	2.85422		
01:04:30	2000	1500	2671	1551	86	0.94361	1.12800	2.84145		
01:04:41	2000	1500	2670	1542	88	0.94332	1.12457	2.83183		
01:04:51	2000	1500	2675	1656	89	0.94711	1.12357	2.84183		
01:05:01	2000	1500	2670	1477	91	0.94089	1.12641	2.82840		
01:05:11	2000	1600	2690	1639	93	0.94657	1.12534	2.84452		
01:05:21	2000	1500	2661	1730	95	0.94930	1.12125	2.84320		
01:05:31	2000	1600	2685	1707	97	0.94865	1.12205	2.84310		
01:05:42	2000	1600	2717	1741	99	0.94961	1.12407	2.85138		
01:05:52	2000	1600	2713	1673	100	0.94763	1.12400	2.84466		
01:06:02	2000	1600	2713	1506	102	0.94200	1.12633	2.83190		
01:06:12	2000	1600	2688	1545	104	0.94342	1.12706	2.83845		
01:06:22	2000	1600	2676	1701	106	0.94847	1.12418	2.84788		
01:06:32	2000	1600	2654	1627	108	0.94620	1.12655	2.84636		
01:06:43	2000	1600	2624	1618	110	0.94590	1.12685	2.84614		
01:06:53	2000	1500	2602	1589	112	0.94495	1.12818	2.84634		
01:07:03	2000	1600	2611	1584	114	0.94476	1.12589	2.83992		
01:07:13	2000	1600	2669	1889	116	0.95347	1.12530	2.86727		
01:07:23	2000	1600	2671	1748	118	0.94980	1.12469	2.85359		
01:07:34	2000	1600	2667	1641	120	0.94665	1.12737	2.84992		
01:07:44	2000	1600	2681	1724	122	0.94914	1.12392	2.84944		
01:07:54	2000	1600	2659	1504	125	0.94191	1.12803	2.83587		
01:08:04	2000	1600	2645	1538	127	0.94318	1.12716	2.83789		
01:08:14	2000	1600	2578	1558	129	0.94388	1.12697	2.83973		
01:08:24	2000	1600	2578	1783	131	0.95078	1.12622	2.86072		
01:08:34	2000	1600	2594	1760	133	0.95015	1.12724	2.86120		
01:08:45	2000	1600	2560	1569	135	0.94425	1.12538	2.83695		
01:08:55	2000	1600	2553	1499	138	0.94172	1.12674	2.83201		
01:09:05	2000	1600	2559	1597	140	0.94520	1.12610	2.84191		
01:09:15	2000	1600	2553	1556	142	0.94381	1.12894	2.84448		
01:09:25	2000	1500	2511	1582	144	0.94469	1.12727	2.84318		
01:09:36	2000	1500	2474	1582	144	0.94469	1.12727	2.84318		
01:09:46	2000	1500	2473	1590	149	0.94496	1.12594	2.84071		
01:09:56	2000	1500	2494	1641	151	0.94662	1.12592	2.84617		
01:10:06	2000	1500	2490	1604	154	0.94545	1.12702	2.84507		
01:10:16	2000	1500	2479	1524	156	0.94265	1.12717	2.83617		
01:10:26	2000	1500	2454	1472	158	0.94067	1.12743	2.83025		
01:10:37	2000	1500	2444	1561	163	0.94398	1.12641	2.83866		
01:10:47	2000	1500	2405	1412	166	0.93825	1.12638	2.81958		
01:10:57	2000	1500	2406	1684	169	0.94795	1.12389	2.84543		
01:11:07	2000	1500	2383	1508	171	0.94207	1.12815	2.83670		
01:11:17	2000	1500	2410	1706	174	0.94861	1.12677	2.85490		
01:11:27	2000	1500	2439	1665	176	0.94738	1.12373	2.84313		
01:11:38	2000	1500	2422	1494	179	0.94153	1.12675	2.83140		
01:11:48	2000	1500	2417	1408	181	0.93807	1.12766	2.82218		
01:11:58	2000	1500	2376	1479	184	0.94096	1.12640	2.82861		
01:12:08	2000	1500	2341	1345	186	0.93525	1.12863	2.81527		
01:12:18	2000	1400	2283	1403	189	0.93786	1.12849	2.82359		
01:12:29	2000	1400	2221	1347	192	0.93536	1.12812	2.81435		
01:12:39	2000	1300	2197	1383	194	0.93698	1.12713	2.81727		
01:12:49	2000	1300	2192	1406	197	0.93800	1.12653	2.81912		
01:12:59	2000	1400	2202	1558	200	0.94386	1.12416	2.83260		
01:13:09	2000	1400	2222	1477	203	0.94089	1.12672	2.82919		
01:13:19	2000	1400	2214	1381	206	0.93689	1.12731	2.81740		
01:13:30	2000	1400	2234	1481	208	0.94104	1.12546	2.82654		
01:13:40	2000	1400	2261	1557	211	0.94382	1.12491	2.83435		
01:13:50	2000	1400	2274	1504	214	0.94190	1.12735	2.83413		
01:14:00	2000	1400	2269	1554	217	0.94373	1.12624	2.83740		
01:14:10	2000	1400	2271	1508	219	0.94205	1.12562	2.83026		
01:14:21	2000	1400	2259	1337	222	0.93488	1.12801	2.81249		
01:14:31	2000	1400	2238	1387	225	0.93717	1.12591	2.81482		
01:14:41	2000	1400	2239	1582	228	0.94470	1.12575	2.83937		
01:14:51	2000	1400	2239	1531	231	0.94290	1.12657	2.83548		
01:15:01	2000	1400	2209	1401	234	0.93778	1.12742	2.82064		
01:15:12	2000	1400	2201	1484	237	0.94117	1.12613	2.82863		
01:15:22	2000	1400	2227	1503	240	0.94189	1.12613	2.83102		
01:15:32	2000	1400	2222	1381	243	0.93689	1.12831	2.81990		
01:15:42	2000	1400	2184	1383	245	0.93698	1.12780	2.81892		
01:15:52	2000	1400	2164	1435	248	0.93921	1.12692	2.82413		
01:16:02	2000	1400	2167	1435	248	0.93921	1.12692	2.82413		
01:16:13	2000	1400	2151	1414	254	0.93831	1.12882	2.82591		
01:16:23	2000	1400	2151	1527	257	0.94276	1.12332	2.82684		
01:16:33	2000	1400	2160	1448	260	0.93973	1.12884	2.83065		
01:16:43	2000	1400	2158	1392	263	0.93739	1.12679	2.81778		
01:16:53	2000	1400	2172	1541	266	0.94327	1.12137	2.82361		
01:17:04	2000	1400	2173	1463	269	0.94033	1.12688	2.82773		
01:17:14	2000	1400	2195	1560	272	0.94396	1.12616	2.83795		
01:17:24	2000	1400	2168	1389	275	0.93726	1.12711	2.81814		
01:17:34	2000	1400	2151	1366	278	0.93622	1.12793	2.81672		
01:17:44	2000	1400	2150	1406	281	0.93799	1.12583	2.81735		
01:17:54	2000	1400	2142	1516	284	0.94237	1.12616	2.83268		
01:18:05	2000	1400	2147	1512	287	0.94219	1.12486	2.82884		
01:18:15	2000	1400	2119	1412	290	0.93825	1.12706	2.82130		
01:18:25	2000	1400	2126	1447	293	0.93969	1.12811	2.82871		
01:18:35	2000	1400	2150	1528	296	0.94281	1.12631	2.83451		
01:18:45	2000	1400	2150	1424	299	0.93874	1.12845	2.82639		
01:18:55	2000	1400	2148	1518	302	0.94242	1.12321	2.82544		
01:19:06	2000	1400	2132	1438	305	0.93932	1.12528	2.82037		
01:19:16	2000	1400	2125	1386	308	0.93714	1.12768	2.81917		
01:19:26	2000	1400	2120	1437	311	0.93931	1.12445	2.81826		
01:19:36	2000	1400	2110	1482	315	0.94107	1.12259	2.81941		
01:19:46	2000	1400	2110	1445	318	0.93961	1.12639	2.82413		
01:19:56	2000	1400	2101	1479	321	0.94096	1.12544	2.82622		
01:20:07	2000	1400	2127	1617	324	0.94585	1.12507	2.84148		
01:20:17	2000	1500	2163	1628	328	0.94622	1.12542	2.84358		
01:20:27	2000	1500	2176	1536	332	0.94310	1.12636	2.83561		
01:20:37	2000	1500	2214	1742	335	0.94965	1.12213	2.84660		
01:20:47	2000	1500	2211	1446	339	0.93967	1.12880	2.83037		
01:20:58	2000	1500	2202	1446	343	0.93967	1.12544	2.82194		
01:21:08	2000	1500	2170	1435	346	0.93922	1.12593	2.82169		
01:21:18	2000	1500	2142	1477	350	0.94087	1.12759	2.83132		
01:21:28	2000	1400	2125	1449	353	0.93977	1.12804	2.82879		
01:21:38	2000	1400	2079	1466	357	0.94046	1.12634	2.82682		
01:21:48	2000	1400	2089	1536	364	0.94308	1.12504	2.83221		
01:21:59	2000	1400	2077	1390	368	0.93729	1.12728	2.81866		
01:22:09	2000	1400	2081	1486	371	0.94121	1.12591	2.82823		
01:22:19	2000	1400	2095	1586	375	0.94484	1.12307	2.83309		
01:22:29	2000	1500	2114	1586	375	0.94484	1.12307	2.83309		
01:22:39	2000	1500	2109	1456	382	0.94006	1.12442	2.82066		
01:22:50	2000	1500	2105	1533	386	0.94297	1.12246	2.82536		
01:23:00	2000	1500	2102	1385	389	0.93710	1.12869	2.82154		
01:23:10	2000	1400	2080	1366	393	0.93625	1.12667	2.81370		
01:23:20	2000	1400	2045	1382	396	0.93694	1.12417	2.80974		
01:23:30	2000	1400	2014	1413	400	0.93827	1.12528	2.81691		
01:23:40	2000	1400	2025	1541	403	0.94326	1.12564	2.83432		
01:23:51	2000	1400	2007	1438	406	0.93934	1.12617	2.82269		
01:24:01	2000	1400	2006	1392	410	0.93741	1.12861	2.82238		
01:24:11	2000	1400	2001	1350	414	0.93551	1.12653	2.81089		
01:24:21	1900	1400	1995	1358	417	0.93590	1.12834	2.81668		
01:24:31	1900	1400	1986	1370	420	0.93642	1.12791	2.81735		
01:24:42	1900	1400	1987	1561	423	0.94398	1.12354	2.83143		
01:24:52	2000	1400	2021	1680	427	0.94785	1.12477	2.84734		
01:25:02	2000	1500	2079	1793	430	0.95105	1.12650	2.86230		
01:25:12	2000	2900	3333	9955	433	0.99100	1.12783	3.06015		
01:25:22	2000	3000	3333	9955	436	0.99100	1.12560	2.99926		
01:25:32	2000	3000	3333	7499	438	0.98807	1.12794	2.98884		
01:25:43	2000	3000	3333	6339	441	0.98590	1.12943	2.98558		
01:25:53	2000	3000	3333	9398	444	0.99047	1.12477	2.98838		
01:26:03	2000	3000	3333	4764	447	0.98128	1.12775	2.96582		
01:26:13	2000	3000	3333	6177	449	0.98553	1.12756	2.97942		
01:26:23	2000	3000	3333	7691	452	0.98837	1.12531	2.98285		
01:26:34	2000	3000	3333	9955	455	0.99100	1.12515	2.99368		
01:26:44	2000	3000	3333	9955	459	0.99100	1.12321	3.00244		
01:26:54	2000	3000	3333	9955	462	0.99100	1.12435	2.99276		
01:27:04	2000	3000	3333	9955	466	0.99100	1.12804	3.00916		
01:27:14	2000	3000	3333	9955	470	0.99100	1.12585	3.01486		
01:27:25	2000	3000	3333	9955	474	0.99100	1.12795	3.00798		
01:27:35	2000	3000	3333	9955	477	0.99100	1.12335	3.01848		
01:27:45	2000	3000	3333	9955	481	0.99100	1.12527	3.02114		
01:27:55	2000	3000	3333	9955	485	0.99100	1.12313	3.02019		
01:28:05	2000	3000	3333	9955	489	0.99100	1.12585	3.02358		
01:28:15	2000	3000	3333	9955	493	0.99100	1.12188	3.02120		
01:28:26	2000	3000	3333	9955	496	0.99100	1.12615	3.00724		
01:28:36	2000	3000	3333	9955	501	0.99100	1.12713	3.00738		
01:28:46	2000	3000	3333	9955	506	0.99100	1.12697	2.99998		
01:28:56	2000	3000	3333	9955	510	0.99100	1.12707	3.01475		
01:29:06	2000	3000	3333	9955	515	0.99100	1.12443	3.02207		
01:29:16	2000	3000	3333	9955	520	0.99100	1.12172	3.03208		
01:29:27	2000	3000	3333	9955	524	0.99100	1.12636	3.02450		
01:29:37	2000	3000	3333	9955	528	0.99100	1.12551	3.01475		
01:29:47	2000	3000	3333	9955	533	0.99100	1.12583	3.03611		
01:29:57	2000	3000	3333	9955	538	0.99100	1.12603	3.01990		
01:30:07	2000	3000	3333	9955	543	0.99100	1.12776	3.01531		
01:30:17	2000	3000	3333	9955	547	0.99100	1.12775	3.00835		
01:30:28	2000	3000	3333	9955	552	0.99100	1.12609	3.01411		
01:30:38	2000	3000	3333	9955	556	0.99100	1.12636	3.01543		
01:30:48	2000	3000	3333	9955	560	0.99100	1.12347	3.02465		
01:30:58	2000	3000	3333	9955	563	0.99100	1.12606	3.00948		
01:31:08	2000	3000	3333	9955	566	0.99100	1.12365	3.01394		
01:31:18	2000	3000	3333	9955	571	0.99100	1.12635	3.02021		
01:31:29	2000	3000	3333	9955	575	0.99100	1.12478	3.01384		
01:31:39	2000	3000	3333	9955	579	0.99100	1.12390	3.00089		
01:31:49	2000	3000	3333	9955	583	0.99100	1.12776	3.02615		
01:31:59	2000	3000	3333	9955	587	0.99100	1.12934	3.01669		
01:32:09	2000	3000	3333	9955	591	0.99100	1.12573	3.01524		
01:32:20	2000	3000	3333	9955	596	0.99100	1.12672	3.01500		
01:32:30	2000	3000	3333	9955	598	0.99100	1.12910	3.01038		
01:32:40	2000	3000	3333	9955	601	0.99100	1.12828	3.00440		
01:32:50	2000	3000	3333	9955	601	0.99100	1.12828	3.00440		
01:33:00	2000	3000	3333	9955	601	0.99100	1.12828	3.00440		


			DELHI AIRPORT : 30 m Base line


Time	RVR	 MOR	RVR	MOR	BLM	Trf	 Ref(v)	PD(v)
	(limited)	(limited)	(actual)	(actual)

03:03:32	2000	3000	1659	9955	1982	0.99100	1.13532	3.05518		
03:03:43	2000	3000	3318	9955	1985	0.99100	1.13285	3.08787		
03:03:53	2000	3000	3333	9955	1988	0.99100	1.13907	3.05282		
03:04:03	2000	3000	3333	9955	1989	0.99100	1.13930	3.05885		
03:04:13	2000	3000	3333	9955	1991	0.99100	1.13860	3.07407		
03:04:23	2000	3000	3333	9955	1991	0.99100	1.13847	3.04448		
03:04:33	2000	3000	3333	9955	1993	0.99100	1.13810	3.06243		
03:04:44	2000	3000	3333	9955	1995	0.99100	1.13907	3.07312		
03:04:54	2000	3000	3333	9955	1994	0.99100	1.13631	3.07762		
03:05:04	2000	3000	3333	9955	1994	0.99100	1.13571	3.06665		
03:05:14	2000	3000	3333	9955	1995	0.99100	1.13551	3.07274		
03:05:24	2000	3000	3333	9955	2001	0.99100	1.13326	3.06832		
03:05:34	2000	3000	3333	9955	2002	0.99100	1.13692	3.06364		
03:05:44	2000	3000	3333	9955	2004	0.99100	1.13607	3.07874		
03:05:55	2000	3000	3333	9955	2010	0.99100	1.13815	3.09571		
03:06:05	2000	3000	3333	9955	2010	0.99100	1.13761	3.07208		
03:06:15	2000	3000	3333	9955	2009	0.99100	1.13564	3.09171		
03:06:25	2000	3000	3333	9955	2004	0.99100	1.13631	3.06650		
03:06:35	2000	3000	3333	9955	2004	0.99100	1.13728	3.06006		
03:06:46	2000	3000	3333	9955	2005	0.99100	1.13802	3.05948		
03:06:56	2000	3000	3333	9955	2009	0.99100	1.13899	3.06488		
03:07:06	2000	3000	3333	9955	2008	0.99100	1.13831	3.07238		
03:07:16	2000	3000	3333	9955	2004	0.99100	1.13829	3.07019		
03:07:26	2000	3000	3333	9955	2005	0.99100	1.13899	3.07876		
03:07:36	2000	3000	3333	9955	2007	0.99100	1.13886	3.07685		
03:07:47	2000	3000	3333	9955	2008	0.99100	1.13860	3.08430		
03:07:57	2000	3000	3333	9955	2016	0.99100	1.13950	3.05284		
03:08:07	2000	3000	3333	9955	2013	0.99100	1.13870	3.06825		
03:08:17	2000	3000	3333	9955	2014	0.99100	1.13843	3.06491		
03:08:27	2000	3000	3333	9955	2013	0.99100	1.13827	3.06774		
03:08:37	2000	3000	3333	9955	2011	0.99100	1.13874	3.06168		
03:08:48	2000	3000	3333	9955	2010	0.99100	1.13755	3.07930		
03:08:58	2000	3000	3333	9955	2011	0.99100	1.13860	3.08397		
03:09:08	2000	3000	3333	9955	2016	0.99100	1.13801	3.04583		
03:09:18	2000	3000	3333	9955	2025	0.99100	1.13888	3.05028		
03:09:28	2000	3000	3333	9955	2033	0.99100	1.13768	3.05410		
03:09:39	2000	3000	3333	9955	2039	0.99100	1.13772	3.04797		
03:09:49	2000	3000	3333	9955	2039	0.99100	1.13783	3.07380		
03:09:59	2000	3000	3333	9955	2036	0.99100	1.13747	3.03604		
03:10:09	2000	3000	3333	9955	2035	0.99100	1.13972	3.04194		
03:10:19	2000	3000	3333	9955	2034	0.99100	1.13863	3.06345		
03:10:29	2000	3000	3333	9955	2033	0.99100	1.13763	3.06031		
03:10:40	2000	3000	3333	9955	2029	0.99100	1.13732	3.06652		
03:10:50	2000	3000	3333	9955	2026	0.99100	1.13718	3.08647		
03:11:00	2000	3000	3333	9955	2025	0.99100	1.13787	3.08475		
03:11:10	2000	3000	3333	9955	2030	0.99100	1.13790	3.06623		
03:11:20	2000	3000	3333	9955	2036	0.99100	1.12908	3.10746		
03:11:30	2000	3000	3333	9955	2041	0.99100	1.12811	3.10458		
03:11:41	2000	3000	3333	9955	2048	0.99100	1.12622	3.10153		
03:11:51	2000	3000	3333	9955	2055	0.99100	1.12127	3.09068		
03:12:01	2000	3000	3333	9955	2064	0.99100	1.12107	3.09837		
03:12:11	2000	3000	3333	9955	2069	0.99100	1.12205	3.10299		
03:12:21	2000	3000	3333	9955	2073	0.99100	1.12605	3.07453		
03:12:31	2000	3000	3333	9955	2072	0.99100	1.13694	3.08158		
03:12:41	2000	3000	3333	9955	2069	0.99100	1.13571	3.05995		
03:12:51	2000	3000	3333	9955	2068	0.99100	1.13693	3.06249		
03:13:01	2000	3000	3333	9955	2071	0.99100	1.13633	3.05847		
03:13:11	2000	3000	3333	9955	2073	0.99100	1.13727	3.07092		
03:13:21	2000	3000	3333	9955	2076	0.99100	1.14059	3.08809		
03:13:32	2000	3000	3333	9955	2079	0.99100	1.14034	3.10588		
03:13:42	2000	3000	3333	9955	2082	0.99100	1.14028	3.08635		
03:13:52	2000	3000	3333	9955	2086	0.99100	1.14061	3.08513		
03:14:02	2000	3000	3333	9955	2090	0.99100	1.14056	3.09580		
03:14:12	2000	3000	3333	9955	2094	0.99100	1.14045	3.07042		
03:14:23	2000	3000	3333	9955	2096	0.99100	1.14044	3.08893		
03:14:33	2000	3000	3333	9955	2100	0.99100	1.14041	3.08059		
03:14:43	2000	3000	3333	9955	2103	0.99100	1.14059	3.06705		
03:14:53	2000	3000	3333	9955	2104	0.99100	1.14048	3.08576		
03:15:03	2000	3000	3333	9955	2103	0.99100	1.14028	3.05985		
03:15:13	2000	3000	3333	9955	2101	0.99100	1.14021	3.06199		
03:15:23	2000	3000	3333	9955	2101	0.99100	1.14046	3.06329		
03:15:33	2000	3000	3333	9955	2102	0.99100	1.12450	3.09704		
03:15:43	2000	3000	3333	9955	2103	0.99100	1.12300	3.10827		
03:15:53	2000	3000	3333	9955	2106	0.99100	1.13387	3.08100		
03:16:04	2000	3000	3333	9955	2107	0.99100	1.13449	3.09683		
03:16:14	2000	3000	3333	9955	2107	0.99100	1.13578	3.10256		
03:16:24	2000	3000	3333	9955	2109	0.99100	1.13649	3.08690		
03:16:34	2000	3000	3333	9955	2110	0.99100	1.13645	3.07848		
03:16:44	2000	3000	3333	9955	2112	0.99100	1.13572	3.07488		
03:16:54	2000	3000	3333	9955	2115	0.99100	1.13680	3.08314		
03:17:04	2000	3000	3333	9955	2117	0.99100	1.13567	3.08345		
03:17:15	2000	3000	3333	9955	2116	0.99100	1.13748	3.07916		
03:17:25	2000	3000	3333	9955	2114	0.99100	1.13610	3.07857		
03:17:35	2000	3000	3333	9955	2111	0.99100	1.13580	3.09948		
03:17:45	2000	3000	3333	9955	2107	0.99100	1.13596	3.10003		
03:17:55	2000	3000	3333	9955	2105	0.99100	1.13611	3.08999		
03:18:05	2000	3000	3333	9955	2104	0.99100	1.13650	3.08167		
03:18:15	2000	3000	3333	9955	2099	0.99100	1.13631	3.08379		
03:18:25	2000	3000	3333	9955	2096	0.99100	1.13718	3.08976		
03:18:36	2000	3000	3333	9955	2096	0.99100	1.13809	3.08959		
03:18:46	2000	3000	3333	9955	2098	0.99100	1.13746	3.09837		
03:18:56	2000	3000	3333	9955	2099	0.99100	1.13701	3.09169		
03:19:06	2000	3000	3333	9955	2099	0.99100	1.13706	3.09002		
03:19:16	2000	3000	3333	9955	2097	0.99100	1.13708	3.07018		
03:19:26	2000	3000	3333	9955	2094	0.99100	1.13773	3.07626		
03:19:36	2000	3000	3333	9955	2091	0.99100	1.13727	3.07597		
03:19:46	2000	3000	3333	9955	2088	0.99100	1.13635	3.08539		
03:19:56	2000	3000	3333	9955	2083	0.99100	1.13680	3.08445		
03:20:07	2000	3000	3333	9955	2078	0.99100	1.13781	3.09487		
03:20:17	2000	3000	3333	9955	2072	0.99100	1.13818	3.10143		
03:20:27	2000	3000	3333	9955	2068	0.99100	1.13808	3.08955		
03:20:37	2000	3000	3333	9955	2075	0.99100	1.13743	3.09883		
03:20:47	2000	3000	3333	9955	2081	0.99100	1.13717	3.10553		
03:20:57	2000	3000	3333	9955	2084	0.99100	1.13793	3.10671		
03:21:07	2000	3000	3333	9955	2084	0.99100	1.13706	3.09797		
03:21:18	2000	3000	3333	9955	2083	0.99100	1.13721	3.10261		
03:21:28	2000	3000	3333	9955	2082	0.99100	1.13356	3.11784		
03:21:38	2000	3000	3333	9955	2079	0.99100	1.13549	3.12144		
03:21:48	2000	3000	3333	9955	2076	0.99100	1.13628	3.11334		
03:21:58	2000	3000	3333	9955	2078	0.99100	1.13385	3.12241		
03:22:08	2000	3000	3333	9955	2080	0.99100	1.13022	3.12685		
03:22:18	2000	3000	3333	9955	2081	0.99100	1.13709	3.11611		
03:22:28	2000	3000	3333	9955	2079	0.99100	1.13683	3.12040		
03:22:38	2000	3000	3333	9955	2076	0.99100	1.13682	3.12267		
03:22:48	2000	3000	3333	9955	2076	0.99100	1.13380	3.12804		
03:22:58	2000	3000	3333	9955	2076	0.99100	1.13687	3.12412		
03:23:08	2000	3000	3333	9955	2075	0.99100	1.13706	3.12947		
03:23:19	2000	3000	3333	9955	2077	0.99100	1.13515	3.13718		
03:23:29	2000	3000	3333	9955	2077	0.99100	1.13323	3.13772		
03:23:39	2000	3000	3333	9955	2077	0.99100	1.13536	3.11968		
03:23:49	2000	3000	3333	9955	2078	0.99100	1.13522	3.12570		
03:23:59	2000	3000	3333	9955	2078	0.99100	1.13568	3.10283		
03:24:09	2000	3000	3333	9955	2079	0.99100	1.13501	3.12018		
03:24:19	2000	3000	3333	9955	2081	0.99100	1.13457	3.12058		
03:24:29	2000	3000	3333	9955	2085	0.99100	1.13298	3.14216		
03:24:39	2000	3000	3333	9955	2087	0.99100	1.13451	3.13944		
03:24:49	2000	3000	3333	9955	2089	0.99100	1.13322	3.13535		
03:24:59	2000	3000	3333	9955	2091	0.99100	1.13446	3.12361		
03:25:10	2000	3000	3333	9955	2091	0.99100	1.13446	3.12361		
03:25:20	2000	3000	3333	9955	2096	0.99100	1.12940	3.14368		
03:25:30	2000	3000	3333	9955	2100	0.99100	1.12723	3.12461		
03:25:40	2000	3000	3333	9955	2103	0.99100	1.12763	3.11265		
03:25:50	2000	3000	3333	9955	2105	0.99100	1.12718	3.13279		
03:26:00	2000	3000	3333	9955	2107	0.99100	1.12394	3.13132		
03:26:10	2000	3000	3333	9955	2105	0.99100	1.12392	3.12164		
03:26:20	2000	3000	3333	9955	2102	0.99100	1.12293	3.15196		
03:26:31	2000	3000	3333	9955	2100	0.99100	1.12525	3.13789		
03:26:41	2000	3000	3333	9955	2098	0.99100	1.12408	3.14570		
03:26:51	2000	3000	3333	9955	2096	0.99100	1.12696	3.11492		
03:27:01	2000	3000	3333	9955	2094	0.99100	1.12613	3.13250		
03:27:11	2000	3000	3333	9955	2093	0.99100	1.12793	3.12232		
03:27:21	2000	3000	3333	9955	2092	0.99100	1.12442	3.14140		
03:27:31	2000	3000	3333	9955	2090	0.99100	1.12656	3.11850		
03:27:41	2000	3000	3333	9955	2086	0.99100	1.12623	3.12335		
03:27:51	2000	3000	3333	9955	2084	0.99100	1.12970	3.12075		
03:28:02	2000	3000	3333	9955	2075	0.99100	1.12904	3.06467		
03:28:12	2000	3000	3333	9955	2081	0.99100	1.12348	3.10061		
03:28:22	2000	3000	3333	4989	2084	0.98212	1.12694	2.96647		
03:28:32	2000	3000	3333	9955	2081	0.99100	1.12365	3.09631		
03:28:42	2000	3000	3333	9955	2089	0.99100	1.12710	3.08000		
03:28:52	2000	3000	3333	9955	2092	0.99100	1.12535	3.10595		
03:29:02	2000	3000	3333	9955	2092	0.99100	1.12684	3.10605		
03:29:12	2000	3000	3333	9955	2091	0.99100	1.12514	3.11438		
03:29:22	2000	3000	3333	9955	2090	0.99100	1.12612	3.11761		
03:29:33	2000	3000	3333	9955	2091	0.99100	1.12737	3.11403		
03:29:43	2000	3000	3333	9955	2094	0.99100	1.12897	3.11212		
03:29:53	2000	3000	3333	9955	2095	0.99100	1.12815	3.10061		
03:30:03	2000	3000	3333	9955	2097	0.99100	1.12425	3.10041		
03:30:13	2000	3000	3333	9955	2099	0.99100	1.12552	3.10412		
03:30:23	2000	3000	3333	9955	2102	0.99100	1.12957	3.10775		
03:30:33	2000	3000	3333	9955	2103	0.99100	1.12766	3.11451		
03:30:44	2000	3000	3333	9955	2102	0.99100	1.12527	3.08996		
03:30:54	2000	3000	3333	9955	2101	0.99100	1.12463	3.10534		
03:31:04	2000	3000	3333	9955	2100	0.99100	1.12433	3.10320		
03:31:14	2000	3000	3333	9955	2101	0.99100	1.12510	3.10588		
03:31:24	2000	3000	3333	9955	2101	0.99100	1.12633	3.08373		
03:31:34	2000	3000	3333	9955	2102	0.99100	1.12568	3.10149		
03:31:44	2000	3000	3333	9955	2102	0.99100	1.12809	3.08178		
03:31:54	2000	3000	3333	9955	2105	0.99100	1.13016	3.09831		
03:32:04	2000	3000	3333	9955	2107	0.99100	1.12446	3.12351		
03:32:14	2000	3000	3333	9955	2108	0.99100	1.12398	3.10677		
03:32:24	2000	3000	3333	9955	2109	0.99100	1.12510	3.11601		
03:32:35	2000	3000	3333	9955	2106	0.99100	1.12571	3.12194		
03:32:45	2000	3000	3333	9955	2105	0.99100	1.12347	3.09580		
03:32:55	2000	3000	3333	9955	2105	0.99100	1.12574	3.10198		
03:33:05	2000	3000	3333	9955	2107	0.99100	1.12849	3.10950		
03:33:15	2000	3000	3333	9955	2111	0.99100	1.12427	3.11581		
03:33:25	2000	3000	3333	9955	2114	0.99100	1.12670	3.12296		
03:33:35	2000	3000	3333	9955	2118	0.99100	1.12854	3.13073		
03:33:45	2000	3000	3333	9955	2122	0.99100	1.12689	3.13129		
03:33:56	2000	3000	3333	9955	2124	0.99100	1.12406	3.12020		
03:34:06	2000	3000	3333	9955	2127	0.99100	1.12557	3.12039		
03:34:16	2000	3000	3333	9955	2133	0.99100	1.12633	3.11106		
03:34:26	2000	3000	3333	9955	2140	0.99100	1.12919	3.09506		
03:34:36	2000	3000	3333	9955	2144	0.99100	1.12806	3.11701		
03:34:46	2000	3000	3333	9955	2144	0.99100	1.12390	3.11710		
03:34:56	2000	3000	3333	9955	2142	0.99100	1.12619	3.11740		
03:35:06	2000	3000	3333	9955	2138	0.99100	1.12396	3.11403		
03:35:16	2000	3000	3333	9955	2131	0.99100	1.12773	3.11242		
03:35:27	2000	3000	3333	9955	2122	0.99100	1.12592	3.13067		
03:35:37	2000	3000	3333	9955	2115	0.99100	1.12681	3.13423		
03:35:47	2000	3000	3333	9955	2110	0.99100	1.12698	3.13817		
03:35:57	2000	3000	3333	9955	2105	0.99100	1.12531	3.12478		
03:36:07	2000	3000	3333	9955	2102	0.99100	1.12668	3.12719		
03:36:17	2000	3000	3333	9955	2100	0.99100	1.12594	3.12803		
03:36:27	2000	3000	3333	9955	2099	0.99100	1.12479	3.15396		
03:36:37	2000	3000	3333	9955	2101	0.99100	1.12395	3.14938		
03:36:48	2000	3000	3333	9955	2104	0.99100	1.12577	3.14324		
03:36:58	2000	3000	3333	9955	2109	0.99100	1.12827	3.13258		
03:37:08	2000	3000	3333	9955	2111	0.99100	1.12680	3.14159		
03:37:18	2000	3000	3333	9955	2112	0.99100	1.12495	3.14507		
03:37:28	2000	3000	3333	9955	2109	0.99100	1.12701	3.13867		
03:37:38	2000	3000	3333	9955	2107	0.99100	1.12369	3.13714		
03:37:48	2000	3000	3333	9955	2106	0.99100	1.13149	3.12998		
03:37:58	2000	3000	3333	9955	2109	0.99100	1.12967	3.15013		
03:38:09	2000	3000	3333	9955	2115	0.99100	1.12523	3.15501		
03:38:19	2000	3000	3333	9955	2120	0.99100	1.12840	3.13298		
03:38:29	2000	3000	3333	9955	2124	0.99100	1.12939	3.13316		
03:38:39	2000	3000	3333	9955	2126	0.99100	1.12715	3.12753		
03:38:49	2000	3000	3333	9955	2127	0.99100	1.12804	3.12628		
03:38:59	2000	3000	3333	9955	2130	0.99100	1.12698	3.12740		
03:39:09	2000	3000	3333	9955	2133	0.99100	1.12632	3.13732		
03:39:19	2000	3000	3333	9955	2133	0.99100	1.12494	3.10899		
03:39:29	2000	3000	3333	9955	2134	0.99100	1.12717	3.11136		
03:39:40	2000	3000	3333	9955	2133	0.99100	1.12754	3.11998		
03:39:50	2000	3000	3333	9955	2130	0.99100	1.12716	3.12777		
03:40:00	2000	3000	3333	9955	2132	0.99100	1.12780	3.10515		
03:40:10	2000	3000	3333	9955	2133	0.99100	1.12548	3.10643		
03:40:20	2000	3000	3333	9955	2133	0.99100	1.12558	3.12490		
03:40:30	2000	3000	3333	9955	2129	0.99100	1.12574	3.14490		
03:40:40	2000	3000	3333	9955	2128	0.99100	1.12717	3.13142		
03:40:51	2000	3000	3333	9955	2130	0.99100	1.12775	3.13605		
03:41:01	2000	3000	3333	9955	2134	0.99100	1.12512	3.14129		
03:41:11	2000	3000	3333	9955	2143	0.99100	1.12859	3.12732		
03:41:21	2000	3000	3333	9955	2147	0.99100	1.12869	3.10174		
03:41:31	2000	3000	3333	9955	2152	0.99100	1.12726	3.12354		
03:41:42	2000	3000	3333	9955	2155	0.99100	1.12668	3.12936		
03:41:52	2000	3000	3333	9955	2157	0.99100	1.12758	3.12305		
03:42:02	2000	3000	3333	9955	2160	0.99100	1.12635	3.13335		
03:42:12	2000	3000	3333	9955	2162	0.99100	1.12624	3.14326		
03:42:22	2000	3000	3333	9955	2163	0.99100	1.12578	3.15414		
03:42:33	2000	3000	3333	9955	2162	0.99100	1.12649	3.13419		
03:42:43	2000	3000	3333	9955	2156	0.99100	1.12738	3.13335		
03:42:53	2000	3000	3333	9955	2160	0.99100	1.12765	3.14462		
03:43:03	2000	3000	3333	9955	2161	0.99100	1.12718	3.14317		
03:43:13	2000	3000	3333	9955	2161	0.99100	1.12620	3.12453		
03:43:24	2000	3000	3333	9955	2163	0.99100	1.12910	3.12778		
03:43:34	2000	3000	3333	9955	2163	0.99100	1.13079	3.10906		
03:43:44	2000	3000	3333	9955	2161	0.99100	1.12563	3.12257		
03:43:54	2000	3000	3333	9955	2163	0.99100	1.12964	3.10608		
03:44:04	2000	3000	3333	9955	2164	0.99100	1.12851	3.10621		
03:44:14	2000	3000	3333	9955	2161	0.99100	1.12720	3.10805		
03:44:25	2000	3000	3333	9955	2159	0.99100	1.12998	3.10649		
03:44:35	2000	3000	3333	9955	2161	0.99100	1.13170	3.07249		
03:44:45	2000	3000	3333	9955	2162	0.99100	1.13168	3.09398		
03:44:55	2000	3000	3333	9955	2165	0.99100	1.12760	3.08259		
03:45:05	2000	3000	3333	9955	2168	0.99100	1.13337	3.08484		
03:45:16	2000	3000	3333	9955	2171	0.99100	1.12986	3.08859		
03:45:26	2000	3000	3333	9955	2173	0.99100	1.12867	3.09205		
03:45:36	2000	3000	3333	9955	2175	0.99100	1.13074	3.09410		
03:45:46	2000	3000	3333	9955	2177	0.99100	1.13299	3.09478		
03:45:56	2000	3000	3333	9955	2179	0.99100	1.13049	3.09963		
03:46:07	2000	3000	3333	9955	2184	0.99100	1.12636	3.08619		
03:46:17	2000	3000	3333	9955	2183	0.99100	1.12839	3.11598		
03:46:27	2000	3000	3333	9955	2183	0.99100	1.12771	3.11032		
03:46:37	2000	3000	3333	9955	2178	0.99100	1.13024	3.10141		
03:46:47	2000	3000	3333	9955	2169	0.99100	1.13052	3.10067		
03:46:57	2000	3000	3333	9955	2171	0.99100	1.12875	3.10393		
03:47:08	2000	3000	3333	9955	2176	0.99100	1.13245	3.10282		
03:47:18	2000	3000	3333	9955	2178	0.99100	1.12713	3.09075		
03:47:28	2000	3000	3333	9955	2175	0.99100	1.13168	3.09009		
03:47:38	2000	3000	3333	9955	2169	0.99100	1.12960	3.09277		
03:47:48	2000	3000	3333	9955	2167	0.99100	1.13128	3.09926		
03:47:59	2000	3000	3333	9955	2170	0.99100	1.13007	3.10328		
03:48:09	2000	3000	3333	9955	2175	0.99100	1.13014	3.10194		
03:48:19	2000	3000	3333	9955	2186	0.99100	1.13108	3.09212		
03:48:29	2000	3000	3333	9955	2198	0.99100	1.12751	3.09905		
03:48:39	2000	3000	3333	9955	2202	0.99100	1.13253	3.07539		
03:48:49	2000	3000	3333	9955	2198	0.99100	1.12968	3.04408		
03:49:00	2000	3000	3333	9955	2196	0.99100	1.13166	3.04330		
03:49:10	2000	3000	3333	9955	2201	0.99100	1.12934	3.05546		
03:49:20	2000	3000	3333	9955	2202	0.99100	1.13028	3.05951		
03:49:30	2000	3000	3333	9955	2201	0.99100	1.12859	3.07746		
03:49:41	2000	3000	3333	9955	2198	0.99100	1.13004	3.07575		
03:49:51	2000	3000	3333	9955	2191	0.99100	1.12873	3.08630		
03:50:01	2000	3000	3333	9955	2192	0.99100	1.13013	3.06634		
03:50:11	2000	3000	3333	9955	2196	0.99100	1.13084	3.06334		
03:50:21	2000	3000	3333	9955	2197	0.99100	1.12997	3.07087		
03:50:31	2000	3000	3333	9955	2199	0.99100	1.12913	3.06448		
03:50:42	2000	3000	3333	9955	2200	0.99100	1.12600	3.07053		
03:50:52	2000	3000	3333	9955	2202	0.99100	1.12766	3.07136		
03:51:02	2000	3000	3333	9955	2202	0.99100	1.13050	3.07599		
03:51:12	2000	3000	3333	9955	2204	0.99100	1.12966	3.06772		
03:51:22	2000	3000	3333	9955	2210	0.99100	1.13047	3.05532		
03:51:33	2000	3000	3333	9955	2210	0.99100	1.12952	3.05448		
03:51:43	2000	3000	3333	9955	2209	0.99100	1.12839	3.06496		
03:51:53	2000	3000	3333	9955	2208	0.99100	1.13042	3.04259		
03:52:03	2000	3000	3333	9955	2207	0.99100	1.12987	3.06062		
03:52:13	2000	3000	3333	9955	2205	0.99100	1.13065	3.05633		
03:52:23	2000	3000	3333	9955	2194	0.99100	1.12718	3.06207		
03:52:34	2000	3000	3333	9955	2188	0.99100	1.12699	3.05990		
03:52:44	2000	3000	3333	9955	2191	0.99100	1.12627	3.07483		
03:52:54	2000	3000	3333	9955	2189	0.99100	1.12854	3.05527		
03:53:04	2000	3000	3333	9955	2187	0.99100	1.12925	3.05322		
03:53:14	2000	3000	3333	9955	2182	0.99100	1.12803	3.06237		
03:53:24	2000	3000	3333	9955	2176	0.99100	1.12947	3.05157		
03:53:34	2000	3000	3333	9955	2169	0.99100	1.13042	3.05711		
03:53:44	2000	3000	3333	9955	2164	0.99100	1.12969	3.06057		
03:53:54	2000	3000	3333	9955	2161	0.99100	1.12802	3.06219		
03:54:05	2000	3000	3333	9955	2159	0.99100	1.12792	3.02766		
03:54:15	2000	3000	3333	9955	2158	0.99100	1.12697	3.04696		
03:54:25	2000	3000	3333	9955	2160	0.99100	1.12962	3.04319		
03:54:35	2000	3000	3333	9955	2164	0.99100	1.13136	3.03500		
03:54:45	2000	3000	3333	9955	2166	0.99100	1.12754	3.04413		
03:54:55	2000	3000	3333	9955	2168	0.99100	1.13247	3.05987		
03:55:05	2000	3000	3333	9955	2166	0.99100	1.12987	3.04578		
03:55:15	2000	3000	3333	9955	2165	0.99100	1.12844	3.06148		
03:55:25	2000	3000	3333	9955	2166	0.99100	1.12785	3.06025		
03:55:35	2000	3000	3333	9955	2174	0.99100	1.12999	3.04962		
03:55:45	2000	3000	3333	9955	2187	0.99100	1.13111	3.05423		
03:55:55	2000	3000	3333	9955	2200	0.99100	1.12841	3.04013		
03:56:05	2000	3000	3333	9955	2209	0.99100	1.12970	3.06576		
03:56:16	2000	3000	3333	9955	2216	0.99100	1.12842	3.06633		
03:56:26	2000	3000	3333	9955	2225	0.99100	1.13047	3.07292		
03:56:36	2000	3000	3333	9955	2231	0.99100	1.12872	3.06559		
03:56:46	2000	3000	3333	9955	2236	0.99100	1.12896	3.07895		
03:56:56	2000	3000	3333	9955	2240	0.99100	1.12656	3.06538		
03:57:07	2000	3000	3333	9955	2241	0.99100	1.12955	3.08280		
03:57:17	2000	3000	3333	9955	2238	0.99100	1.12974	3.06795		
03:57:27	2000	3000	3333	9955	2239	0.99100	1.13094	3.06013		
03:57:37	2000	3000	3333	9955	2239	0.99100	1.13064	3.05727		
03:57:47	2000	3000	3333	9955	2242	0.99100	1.13115	3.03191		
03:57:58	2000	3000	3333	9955	2242	0.99100	1.13507	3.05801		
03:58:08	2000	3000	3333	9955	2242	0.99100	1.13488	3.04626		
03:58:18	2000	3000	3333	9955	2244	0.99100	1.13314	3.06314		
03:58:28	2000	3000	3333	9955	2242	0.99100	1.13397	3.05493		
03:58:38	2000	3000	3333	9955	2251	0.99100	1.13176	3.04832		
03:58:48	2000	3000	3333	9955	2254	0.99100	1.13412	3.08180		
03:58:59	2000	3000	3333	9955	2257	0.99100	1.13413	3.05024		
03:59:09	2000	3000	3333	9955	2258	0.99100	1.13467	3.05319		
03:59:19	2000	3000	3333	9955	2265	0.99100	1.13393	3.05618		
03:59:29	2000	3000	3333	9955	2270	0.99100	1.13628	3.04588		
03:59:39	2000	3000	3333	9955	2272	0.99100	1.13646	3.05798		
03:59:50	2000	3000	3333	9955	2274	0.99100	1.13354	3.06218		
04:00:00	2000	3000	3333	9955	2275	0.99100	1.13498	3.05113		
04:00:10	2000	3000	3333	9955	2277	0.99100	1.13514	3.03483		
04:00:20	2000	3000	3333	9955	2276	0.99100	1.13461	3.04525		
04:00:30	2000	3000	3333	9955	2273	0.99100	1.13517	3.05359		
04:00:40	2000	3000	3333	9955	2270	0.99100	1.13542	3.05726		
04:00:51	2000	3000	3333	9955	2269	0.99100	1.13507	3.05999		
04:01:01	2000	3000	3333	9955	2263	0.99100	1.13364	3.07579		
04:01:11	2000	3000	3333	9955	2261	0.99100	1.13422	3.06540		
04:01:21	2000	3000	3333	9955	2257	0.99100	1.13409	3.06730		
04:01:31	2000	3000	3333	9955	2255	0.99100	1.13551	3.04155		
04:01:42	2000	3000	3333	9955	2255	0.99100	1.13397	3.06742		
04:01:52	2000	3000	3333	9955	2251	0.99100	1.13547	3.05486		
04:02:02	2000	3000	3333	9955	2247	0.99100	1.13425	3.05923		
04:02:12	2000	3000	3333	9955	2241	0.99100	1.13578	3.06397		
04:02:22	2000	3000	3333	9955	2232	0.99100	1.13574	3.06270		
04:02:32	2000	3000	3333	9955	2224	0.99100	1.13545	3.05058		
04:02:43	2000	3000	3333	9955	2216	0.99100	1.13519	3.08274		
04:02:53	2000	3000	3333	9955	2212	0.99100	1.13409	3.05292		
04:03:03	2000	3000	3333	9955	2212	0.99100	1.13409	3.05292		
04:03:13	2000	3000	3333	9955	2209	0.99100	1.13484	3.05217		
04:03:23	2000	3000	3333	9955	2211	0.99100	1.13503	3.05838		
04:03:34	2000	3000	3333	9955	2214	0.99100	1.13323	3.07204		
04:03:44	2000	3000	3333	9955	2218	0.99100	1.13459	3.08162		
04:03:54	2000	3000	3333	9955	2223	0.99100	1.13520	3.04421		
04:04:04	2000	3000	3333	9955	2227	0.99100	1.13538	3.04758		
04:04:14	2000	3000	3333	9955	2228	0.99100	1.13443	3.04326		
04:04:25	2000	3000	3333	9955	2233	0.99100	1.13453	3.06385		
04:04:35	2000	3000	3333	9955	2238	0.99100	1.13515	3.04518		
04:04:45	2000	3000	3333	9955	2242	0.99100	1.13549	3.06305		
04:04:55	2000	3000	3333	9955	2243	0.99100	1.13484	3.05249		
04:05:05	2000	3000	3333	9955	2243	0.99100	1.13531	3.05463		
04:05:15	2000	3000	3333	9955	2238	0.99100	1.13533	3.06954		
04:05:26	2000	3000	3333	9955	2235	0.99100	1.13419	3.07998		
04:05:36	2000	3000	3333	9955	2236	0.99100	1.13608	3.05660		
04:05:46	2000	3000	3333	9955	2239	0.99100	1.13433	3.04086		
04:05:56	2000	3000	3333	9955	2242	0.99100	1.13385	3.05210		
04:06:06	2000	3000	3333	9955	2245	0.99100	1.13444	3.06082		
04:06:17	2000	3000	3333	9955	2249	0.99100	1.13513	3.06195		
04:06:27	2000	3000	3333	9955	2250	0.99100	1.13384	3.07852		
04:06:37	2000	3000	3333	9955	2251	0.99100	1.13529	3.07000		
04:06:47	2000	3000	3333	9955	2252	0.99100	1.13505	3.06731		
04:06:57	2000	3000	3333	9955	2254	0.99100	1.13552	3.06137		
04:07:08	2000	3000	3333	9955	2256	0.99100	1.13534	3.07274		
04:07:18	2000	3000	3333	9955	2254	0.99100	1.13489	3.06110		
04:07:28	2000	3000	3333	9955	2253	0.99100	1.13650	3.07491		
04:07:38	2000	3000	3333	9955	2252	0.99100	1.13534	3.08271		
04:07:48	2000	3000	3333	9955	2249	0.99100	1.13643	3.06671		
04:07:58	2000	3000	3333	9955	2242	0.99100	1.13680	3.07251		
04:08:08	2000	3000	3333	9955	2239	0.99100	1.13630	3.08336		
04:08:18	2000	3000	3333	9955	2235	0.99100	1.13587	3.07308		
04:08:28	2000	3000	3333	9955	2231	0.99100	1.13619	3.06465		
04:08:38	2000	3000	3333	9955	2229	0.99100	1.13585	3.06654		
04:08:48	2000	3000	3333	9955	2227	0.99100	1.13472	3.05772		
04:08:58	2000	3000	3333	9955	2226	0.99100	1.13668	3.07687		
04:09:08	2000	3000	3333	9955	2224	0.99100	1.13459	3.09833		
04:09:19	2000	3000	3333	9955	2221	0.99100	1.13400	3.06606		
04:09:29	2000	3000	3333	9955	2218	0.99100	1.13534	3.08561		
04:09:39	2000	3000	3333	9955	2217	0.99100	1.13485	3.07919		
04:09:49	2000	3000	3333	9955	2219	0.99100	1.13706	3.06839		
04:09:59	2000	3000	3333	9955	2220	0.99100	1.13670	3.07988		
04:10:09	2000	3000	3333	9955	2220	0.99100	1.13295	3.08765		
04:10:19	2000	3000	3333	9955	2220	0.99100	1.13721	3.09793		
04:10:29	2000	3000	3333	9955	2220	0.99100	1.13513	3.09288		
04:10:39	2000	3000	3333	9955	2220	0.99100	1.13555	3.09664		
04:10:49	2000	3000	3333	9955	2220	0.99100	1.13532	3.09423		
04:10:59	2000	3000	3333	9955	2217	0.99100	1.13670	3.09697		
04:11:09	2000	3000	3333	9955	2211	0.99100	1.13624	3.08954		
04:11:19	2000	3000	3333	9955	2205	0.99100	1.13541	3.08645		
04:11:30	2000	3000	3333	9955	2199	0.99100	1.13651	3.11111		
04:11:40	2000	3000	3333	9955	2193	0.99100	1.13656	3.10208		
04:11:50	2000	3000	3333	9955	2187	0.99100	1.13754	3.11308		
04:12:00	2000	3000	3333	9955	2183	0.99100	1.13557	3.10093		
04:12:10	2000	3000	3333	9955	2177	0.99100	1.13682	3.07982		
04:12:20	2000	3000	3333	9955	2170	0.99100	1.13601	3.09489		
04:12:30	2000	3000	3333	9955	2166	0.99100	1.13683	3.07180		
04:12:40	2000	3000	3333	9955	2161	0.99100	1.13694	3.08741		
04:12:50	2000	3000	3333	9955	2158	0.99100	1.13767	3.07619		
04:13:00	2000	3000	3333	9955	2157	0.99100	1.13824	3.08258		
04:13:10	2000	3000	3333	9955	2158	0.99100	1.13681	3.08386		
04:13:20	2000	3000	3333	9955	2161	0.99100	1.13746	3.09770		
04:13:30	2000	3000	3333	9955	2163	0.99100	1.13828	3.08874		
04:13:40	2000	3000	3333	9955	2164	0.99100	1.13717	3.08627		
04:13:51	2000	3000	3333	9955	2166	0.99100	1.13694	3.08887		
04:14:01	2000	3000	3333	9955	2168	0.99100	1.13928	3.09671		
04:14:11	2000	3000	3333	9955	2167	0.99100	1.13710	3.09811		
04:14:21	2000	3000	3333	9955	2165	0.99100	1.13726	3.10941		
04:14:31	2000	3000	3333	9955	2165	0.99100	1.13724	3.10778		
04:14:41	2000	3000	3333	9955	2166	0.99100	1.13722	3.09093		
04:14:51	2000	3000	3333	9955	2166	0.99100	1.13754	3.10641		
04:15:01	2000	3000	3333	9955	2164	0.99100	1.13640	3.11125		
04:15:11	2000	3000	3333	9955	2160	0.99100	1.13869	3.09532		
04:15:21	2000	3000	3333	9955	2154	0.99100	1.13776	3.08854		
04:15:31	2000	3000	3333	9955	2153	0.99100	1.13715	3.05102		
04:15:41	2000	3000	3333	9955	2151	0.99100	1.13898	3.05445		
04:15:51	2000	3000	3333	9955	2151	0.99100	1.13812	3.06857		
04:16:02	2000	3000	3333	9955	2148	0.99100	1.13700	3.07720		
04:16:12	2000	3000	3333	9955	2145	0.99100	1.13772	3.06307		
04:16:22	2000	3000	3333	9955	2144	0.99100	1.13624	3.07440		
04:16:32	2000	3000	3333	9955	2143	0.99100	1.14145	3.06935		
04:16:42	2000	3000	3333	9955	2140	0.99100	1.14276	3.07023		
04:16:52	2000	3000	3333	9955	2141	0.99100	1.14282	3.07323		
04:17:02	2000	3000	3333	9955	2147	0.99100	1.14287	3.05833		
04:17:12	2000	3000	3333	9955	2150	0.99100	1.14299	3.06800		
04:17:22	2000	3000	3333	9955	2153	0.99100	1.14296	3.06395		
04:17:32	2000	3000	3333	9955	2154	0.99100	1.14289	3.05961		
04:17:42	2000	3000	3333	9955	2152	0.99100	1.14304	3.05780		
04:17:52	2000	3000	3333	9955	2147	0.99100	1.14300	3.05304		
04:18:02	2000	3000	3333	9500	2149	0.99057	1.14305	3.03729		
04:18:12	2000	3000	3333	9955	2147	0.99100	1.14307	3.04787		
04:18:23	2000	3000	3333	9955	2142	0.99100	1.14292	3.04964		
04:18:33	2000	3000	3333	9955	2137	0.99100	1.14297	3.05051		
04:18:43	2000	3000	3333	7455	2132	0.98800	1.14292	3.02830		
04:18:53	2000	3000	3333	7455	2132	0.98800	1.14292	3.02830		
04:19:03	2000	3000	3333	9955	2120	0.99100	1.14293	3.05296		
04:19:13	2000	3000	3333	9955	2120	0.99100	1.14287	3.04953		
04:19:23	2000	3000	3333	9955	2119	0.99100	1.14288	3.06097		
04:19:33	2000	3000	3333	9955	2119	0.99100	1.14288	3.06097		
04:19:43	2000	3000	3333	9955	2121	0.99100	1.14290	3.06783		
04:19:53	2000	3000	3333	9955	2122	0.99100	1.14291	3.06325		
04:20:03	2000	3000	3333	9955	2124	0.99100	1.14296	3.05705		
04:20:13	2000	3000	3333	9955	2126	0.99100	1.14295	3.06797		
04:20:23	2000	3000	3333	9955	2128	0.99100	1.14293	3.07162		
04:20:33	2000	3000	3333	9955	2125	0.99100	1.14293	3.04450		
04:20:44	2000	3000	3333	9955	2129	0.99100	1.14294	3.04034		
04:20:54	2000	3000	3333	9955	2129	0.99100	1.14292	3.04242		
04:21:04	2000	3000	3333	9955	2131	0.99100	1.14283	3.04426		
04:21:14	2000	3000	3333	6790	2133	0.98683	1.14273	3.02387		
04:21:24	2000	3000	3333	9955	2132	0.99100	1.14270	3.03851		
04:21:34	2000	3000	3333	7547	2134	0.98815	1.14274	3.02831		
04:21:44	2000	3000	3333	9955	2135	0.99100	1.14266	3.03933		
04:21:54	2000	3000	3333	7917	2137	0.98870	1.14266	3.02995		
04:22:04	2000	3000	3333	7071	2141	0.98735	1.14266	3.02543		
04:22:14	2000	3000	3333	7455	2147	0.98800	1.14266	3.02761		
04:22:24	2000	3000	3333	7453	2152	0.98800	1.14265	3.02757		
04:22:34	2000	3000	3333	7837	2156	0.98858	1.14264	3.02951		
04:22:44	2000	3000	3333	6827	2160	0.98690	1.14263	3.02384		
04:22:55	2000	3000	3333	9955	2160	0.99100	1.14267	3.04853		
04:23:05	2000	3000	3333	9955	2160	0.99100	1.14273	3.04000		
04:23:15	2000	3000	3333	9955	2160	0.99100	1.14276	3.04296		
04:23:25	2000	3000	3333	9955	2159	0.99100	1.14280	3.05683		
04:23:35	2000	3000	3333	9955	2159	0.99100	1.14286	3.05648		
04:23:45	2000	3000	3333	9955	2161	0.99100	1.14284	3.04915		
04:23:55	2000	3000	3333	9955	2162	0.99100	1.14293	3.05952		
04:24:05	2000	3000	3333	9955	2160	0.99100	1.14288	3.05389		
04:24:15	2000	3000	3333	9955	2156	0.99100	1.14292	3.06119		
04:24:25	2000	3000	3333	9955	2154	0.99100	1.14293	3.06454		
04:24:35	2000	3000	3333	9955	2156	0.99100	1.14292	3.06373		
04:24:45	2000	3000	3333	9955	2158	0.99100	1.14294	3.06966		
04:24:55	2000	3000	3333	9955	2156	0.99100	1.14291	3.05174		
04:25:06	2000	3000	3333	9955	2150	0.99100	1.14294	3.04062		
04:25:16	2000	3000	3333	9955	2156	0.99100	1.14295	3.03942		
04:25:26	2000	3000	3333	9955	2159	0.99100	1.14293	3.06890		
04:25:36	2000	3000	3333	5724	2160	0.98440	1.14291	3.01616		
04:25:46	2000	3000	3333	9955	2172	0.99100	1.14287	3.03827		
04:25:56	2000	3000	3333	9428	2174	0.99050	1.14278	3.03633		
04:26:06	2000	3000	3333	9955	2176	0.99100	1.14277	3.03995		
04:26:16	2000	3000	3333	9955	2175	0.99100	1.14276	3.05027		
04:26:26	2000	3000	3333	9955	2174	0.99100	1.14283	3.04686		
04:26:36	2000	3000	3333	9955	2172	0.99100	1.14283	3.06350		
04:26:46	2000	3000	3333	9955	2164	0.99100	1.14288	3.06322		
04:26:56	2000	3000	3333	9955	2159	0.99100	1.14290	3.07043		
04:27:06	2000	3000	3333	9955	2156	0.99100	1.14295	3.05758		
04:27:16	2000	3000	3333	9955	2155	0.99100	1.14296	3.04764		
04:27:27	2000	3000	3333	9955	2157	0.99100	1.14296	3.07435		
04:27:37	2000	3000	3333	9955	2156	0.99100	1.14305	3.04963		
04:27:47	2000	3000	3333	9955	2156	0.99100	1.14302	3.05348		
04:27:57	2000	3000	3333	9955	2154	0.99100	1.14304	3.05271		
04:28:07	2000	3000	3333	9821	2154	0.99088	1.14305	3.03832		
04:28:17	2000	3000	3333	9955	2154	0.99100	1.14300	3.04537		
04:28:27	2000	3000	3333	9955	2154	0.99100	1.14301	3.04579		
04:28:37	2000	3000	3333	9955	2151	0.99100	1.14303	3.05722		
04:28:47	2000	3000	3333	9955	2147	0.99100	1.14306	3.05457		
04:28:57	2000	3000	3333	9955	2144	0.99100	1.14305	3.05227		
04:29:07	2000	3000	3333	9955	2141	0.99100	1.14307	3.05594		
04:29:17	2000	3000	3333	9955	2135	0.99100	1.14304	3.06645		
04:29:27	2000	3000	3333	9955	2127	0.99100	1.14309	3.05274		
04:29:38	2000	3000	3333	9955	2121	0.99100	1.14312	3.07060		
04:29:48	2000	3000	3333	9955	2118	0.99100	1.14310	3.04219		
04:29:58	2000	3000	3333	9955	2120	0.99100	1.14315	3.04728		
04:30:08	2000	3000	3333	9955	2122	0.99100	1.14317	3.05404		
04:30:18	2000	3000	3333	9955	2125	0.99100	1.14317	3.05736		
04:30:28	2000	3000	3333	9955	2127	0.99100	1.14323	3.05769		
04:30:38	2000	3000	3333	9955	2128	0.99100	1.14321	3.04713		
04:30:48	2000	3000	3333	9955	2128	0.99100	1.14320	3.04123		
04:30:58	2000	3000	3333	9955	2127	0.99100	1.14329	3.03952		
04:31:08	2000	3000	3333	8491	2123	0.98946	1.14325	3.03407		
04:31:18	2000	3000	3333	7991	2113	0.98880	1.14324	3.03184		
04:31:28	2000	3000	3333	9955	2110	0.99100	1.14321	3.04298		
04:31:38	2000	3000	3333	9955	2108	0.99100	1.14329	3.04051		
04:31:48	2000	3000	3333	9955	2106	0.99100	1.14330	3.05444		
04:31:59	2000	3000	3333	7991	2107	0.98880	1.14332	3.03205		
04:32:09	2000	3000	3333	9955	2109	0.99100	1.14335	3.04111		
04:32:19	2000	3000	3333	9808	2114	0.99087	1.14340	3.03921		
04:32:29	2000	3000	3333	9955	2122	0.99100	1.14339	3.04059		
04:32:39	2000	3000	3333	9955	2130	0.99100	1.14342	3.04809		
04:32:49	2000	3000	3333	9955	2136	0.99100	1.14343	3.04207		
04:32:59	2000	3000	3333	6266	2141	0.98574	1.14344	3.02207		
04:33:09	2000	3000	3333	7924	2143	0.98871	1.14345	3.03208		
04:33:19	2000	3000	3333	9955	2141	0.99100	1.14349	3.04661		
04:33:29	2000	3000	3333	9955	2140	0.99100	1.14347	3.04869		
04:33:39	2000	3000	3333	9955	2138	0.99100	1.14351	3.05030		
04:33:49	2000	3000	3333	9955	2136	0.99100	1.14352	3.04677		
04:33:59	2000	3000	3333	7790	2136	0.98851	1.14350	3.03156		
04:34:09	2000	3000	3333	8618	2136	0.98961	1.14354	3.03536		
04:34:20	2000	3000	3333	9955	2135	0.99100	1.14355	3.04298		
04:34:30	2000	3000	3333	7338	2135	0.98781	1.14352	3.02925		
04:34:40	2000	3000	3333	7366	2135	0.98786	1.14355	3.02948		
04:34:50	2000	3000	3333	6371	2139	0.98597	1.14349	3.02299		
04:35:00	2000	3000	3333	6636	2143	0.98653	1.14352	3.02494		
04:35:10	2000	3000	3333	5101	2146	0.98251	1.14346	3.01126		
04:35:20	2000	3000	3333	5274	2150	0.98308	1.14345	3.01315		
04:35:30	2000	3000	3333	5885	2152	0.98482	1.14348	3.01909		
04:35:40	2000	3000	3333	5265	2153	0.98305	1.14340	3.01292		
04:35:50	2000	3000	3333	6949	2151	0.98713	1.14339	3.02662		
04:36:00	2000	3000	3333	9137	2147	0.99020	1.14336	3.03686		
04:36:10	2000	3000	3333	6969	2145	0.98717	1.14337	3.02669		
04:36:20	2000	3000	3333	7064	2147	0.98734	1.14339	3.02732		
04:36:31	2000	3000	3333	6289	2149	0.98579	1.14342	3.02219		
04:36:41	2000	3000	3333	6319	2159	0.98586	1.14340	3.02236		
04:36:51	2000	3000	3333	7462	2163	0.98801	1.14339	3.02958		
04:37:01	2000	3000	3333	8182	2165	0.98906	1.14336	3.03303		
04:37:11	2000	3000	3333	9942	2165	0.99099	1.14335	3.03949		
04:37:21	2000	3000	3333	9955	2160	0.99100	1.14338	3.04057		
04:37:31	2000	3000	3333	5593	2158	0.98404	1.14338	3.01618		
04:37:41	2000	3000	3333	4198	2156	0.97879	1.14344	2.99868		
04:37:51	2000	3000	3333	8184	2153	0.98906	1.14336	3.03304		
04:38:01	2000	3000	3333	7949	2152	0.98874	1.14336	3.03196		
04:38:11	2000	3000	3333	7164	2151	0.98752	1.14334	3.02778		
04:38:21	2000	3000	3333	7380	2154	0.98788	1.14341	3.02919		
04:38:31	2000	3000	3333	5263	2155	0.98305	1.14346	3.01306		
04:38:41	2000	3000	3333	6584	2154	0.98642	1.14344	3.02437		
04:38:52	2000	3000	3333	8588	2153	0.98957	1.14348	3.03508		
04:39:02	2000	3000	3333	5901	2151	0.98486	1.14350	3.01928		
04:39:12	2000	3000	3333	9955	2149	0.99100	1.14349	3.07717		
04:39:22	2000	3000	3333	7768	2146	0.98848	1.14347	3.03137		
04:39:32	2000	3000	3333	6178	2145	0.98554	1.14349	3.02152		
04:39:42	2000	3000	3333	5738	2146	0.98444	1.14351	3.01787		
04:39:52	2000	3000	3333	6979	2149	0.98719	1.14349	3.02707		
04:40:02	2000	3000	3333	5943	2148	0.98497	1.14352	3.01969		
04:40:12	2000	3000	3333	5021	2144	0.98223	1.14348	3.01038		
04:40:22	2000	3000	3333	5478	2144	0.98371	1.14349	3.01536		
04:40:32	2000	3000	3333	6165	2143	0.98551	1.14341	3.02121		
04:40:42	2000	3000	3333	7845	2138	0.98859	1.14342	3.03162		
04:40:52	2000	3000	3333	6450	2136	0.98614	1.14341	3.02335		
04:41:03	2000	3000	3333	6767	2135	0.98679	1.14343	3.02557		
04:41:13	2000	3000	3333	4279	2137	0.97919	1.14339	2.99990		
04:41:23	2000	3000	3333	3280	2139	0.97294	1.14344	2.97899		
04:41:33	2000	3000	3333	3717	2140	0.97608	1.14346	2.98962		
04:41:43	2000	3000	3333	4278	2142	0.97918	1.14342	2.99996		
04:41:53	2000	3000	3333	4558	2143	0.98045	1.14341	3.00419		
04:42:03	2000	3000	3333	4639	2145	0.98079	1.14331	3.00506		
04:42:13	2000	3000	3333	4468	2150	0.98006	1.14329	3.00256		
04:42:23	2000	3000	3333	4543	2157	0.98038	1.14326	3.00358		
04:42:33	2000	3000	3333	4414	2165	0.97982	1.14325	3.00164		
04:42:43	2000	3000	3333	5918	2169	0.98491	1.14325	3.01877		
04:42:53	2000	3000	3333	5603	2175	0.98407	1.14325	3.01594		
04:43:03	2000	3000	3333	5738	2178	0.98444	1.14331	3.01735		
04:43:13	2000	3000	3333	4576	2180	0.98052	1.14335	3.00428		
04:43:24	2000	3000	3333	5645	2183	0.98418	1.14334	3.01657		
04:43:34	2000	3000	3333	5627	2187	0.98413	1.14336	3.01645		
04:43:44	2000	3000	3333	4956	2194	0.98201	1.14338	3.00935		
04:43:54	2000	3000	3333	6847	2202	0.98694	1.14340	3.02601		
04:44:04	2000	3000	3333	4429	2208	0.97989	1.14340	3.00227		
04:44:14	2000	3000	3333	3361	2215	0.97358	1.14340	2.98104		
04:44:24	2000	3000	3333	3459	2221	0.97432	1.14337	2.98346		
04:44:34	2000	3000	3333	4084	2224	0.97820	1.14336	2.99651		
04:44:44	2000	3000	3333	5491	2226	0.98374	1.14330	3.01498		
04:44:54	2000	3000	3333	4584	2227	0.98056	1.14331	3.00430		
04:45:04	2000	3000	3333	3372	2224	0.97366	1.14337	2.98126		
04:45:14	2000	3000	3333	4071	2221	0.97814	1.14339	2.99636		
04:45:24	2000	3000	3333	5352	2219	0.98332	1.14334	3.01368		
04:45:34	2000	3000	3333	6784	2216	0.98682	1.14330	3.02534		
04:45:45	2000	3000	3333	5939	2214	0.98496	1.14333	3.01916		
04:45:55	2000	3000	3333	5810	2211	0.98463	1.14333	3.01804		
04:46:05	2000	3000	3333	6576	2210	0.98641	1.14332	3.02400		
04:46:15	2000	3000	3333	4975	2211	0.98207	1.14330	3.00936		
04:46:25	2000	3000	3333	4975	2211	0.98207	1.14330	3.00936		
04:46:35	2000	3000	3333	4552	2221	0.98042	1.14333	3.00389		
04:46:45	2000	3000	3333	5239	2226	0.98297	1.14338	3.01259		
04:46:55	2000	3000	3333	2864	2231	0.96907	1.14336	2.96577		
04:47:05	2000	3000	3333	4355	2237	0.97955	1.14336	3.00102		
04:47:15	2000	3000	3333	4606	2240	0.98065	1.14331	3.00461		
04:47:25	2000	3000	3333	4211	2243	0.97885	1.14333	2.99861		
04:47:35	2000	3000	3333	2676	2244	0.96692	1.14339	2.95864		
04:47:45	2000	3000	3333	3545	2246	0.97493	1.14335	2.98548		
04:47:56	2000	3000	3333	3074	2248	0.97114	1.14329	2.97257		
04:48:06	2000	3000	3333	3354	2248	0.97352	1.14330	2.98060		
04:48:16	2000	3000	3333	3683	2250	0.97586	1.14333	2.98854		
04:48:26	2000	3000	3333	4061	2250	0.97808	1.14327	2.99586		
04:48:36	2000	3000	3333	4689	2250	0.98099	1.14327	3.00564		
04:48:46	2000	3000	3333	4689	2250	0.98099	1.14327	3.00564		
04:48:56	2000	3000	3333	5393	2243	0.98345	1.14343	3.01434		
04:49:06	2000	3000	3333	6275	2237	0.98576	1.14347	3.02222		
04:49:16	2000	3000	3333	5657	2231	0.98422	1.14349	3.01708		
04:49:26	2000	3000	3333	5351	2225	0.98332	1.14347	3.01401		
04:49:36	2000	3000	3333	5357	2220	0.98334	1.14349	3.01413		
04:49:46	2000	3000	3333	5852	2216	0.98474	1.14353	3.01894		
04:49:56	2000	3000	3333	5551	2213	0.98392	1.14356	3.01626		
04:50:06	2000	3000	3333	5615	2210	0.98410	1.14358	3.01692		
04:50:17	2000	3000	3333	7232	2211	0.98763	1.14364	3.02897		
04:50:27	2000	3000	3333	3911	2213	0.97725	1.14365	2.99405		
04:50:37	2000	3000	3333	5078	2216	0.98243	1.14362	3.01142		
04:50:47	2000	3000	3333	5764	2219	0.98451	1.14359	3.01832		
04:50:57	2000	3000	3333	6123	2222	0.98541	1.14360	3.02138		
04:51:07	2000	3000	3333	6143	2227	0.98546	1.14359	3.02151		
04:51:17	2000	3000	3333	5883	2232	0.98482	1.14356	3.01929		
04:51:27	2000	3000	3333	5778	2235	0.98454	1.14358	3.01842		
04:51:37	2000	3000	3333	7020	2234	0.98726	1.14350	3.02735		
04:51:47	2000	3000	3333	6789	2235	0.98683	1.14355	3.02603		
04:51:57	2000	3000	3333	9827	2234	0.99088	1.14346	3.03943		
04:52:07	2000	3000	3333	7389	2230	0.98789	1.14334	3.02905		
04:52:17	2000	3000	3333	6922	2227	0.98708	1.14335	3.02635		
04:52:28	2000	3000	3333	9955	2221	0.99100	1.14344	3.04204		
04:52:38	2000	3000	3333	6815	2211	0.98688	1.14352	3.02612		
04:52:48	2000	3000	3333	7182	2196	0.98755	1.14322	3.02757		
04:52:58	2000	3000	3333	5391	2193	0.98345	1.14328	3.01393		
04:53:08	2000	3000	3333	4798	2195	0.98142	1.14306	3.00653		
04:53:18	2000	3000	3333	5593	2198	0.98404	1.14302	3.01523		
04:53:28	2000	3000	3333	5584	2205	0.98401	1.14291	3.01486		
04:53:38	2000	3000	3333	5291	2213	0.98313	1.14223	3.01011		
04:53:48	2000	3000	3333	4756	2223	0.98125	1.14230	3.00398		
04:53:58	2000	3000	3333	6696	2234	0.98665	1.14208	3.02153		
04:54:08	2000	3000	3333	5284	2248	0.98311	1.14215	3.00983		
04:54:18	2000	3000	3333	6535	2260	0.98632	1.14206	3.02038		
04:54:28	2000	3000	3333	4318	2268	0.97937	1.14132	2.99508		
04:54:38	2000	3000	3333	6420	2275	0.98608	1.14066	3.01586		
04:54:49	2000	3000	3333	3606	2279	0.97535	1.14188	2.98303		
04:54:59	2000	3000	3333	4168	2282	0.97864	1.14115	2.99217		
04:55:09	2000	3000	3333	5203	2283	0.98285	1.14167	3.00769		
04:55:19	2000	3000	3333	5426	2281	0.98355	1.14009	3.00587		
04:55:29	2000	3000	3333	4739	2280	0.98119	1.14039	2.99873		
04:55:39	2000	3000	3333	5335	2278	0.98327	1.14055	3.00615		
04:55:49	2000	3000	3333	6041	2275	0.98521	1.13995	3.01108		
04:55:59	2000	3000	3333	6210	2272	0.98561	1.14040	3.01361		
04:56:09	2000	3000	3333	4650	2269	0.98083	1.14037	2.99748		
04:56:19	2000	3000	3333	5574	2265	0.98398	1.14094	3.00957		
04:56:29	2000	3000	3333	7145	2259	0.98748	1.14087	3.02113		
04:56:39	2000	3000	3333	5188	2254	0.98280	1.14065	3.00484		
04:56:49	2000	3000	3333	6964	2249	0.98716	1.14099	3.02036		
04:57:00	2000	3000	3333	7019	2243	0.98726	1.14121	3.02128		
04:57:10	2000	3000	3333	9111	2237	0.99017	1.14096	3.03039		
04:57:20	2000	3000	3333	9767	2232	0.99083	1.14028	3.03079		
04:57:30	2000	3000	3333	6654	2227	0.98657	1.14036	3.01670		
04:57:40	2000	3000	3333	6721	2226	0.98670	1.14047	3.01744		
04:57:50	2000	3000	3333	5323	2226	0.98323	1.14065	3.00629		
04:58:00	2000	3000	3333	5326	2225	0.98324	1.14143	3.00837		
04:58:10	2000	3000	3333	5394	2224	0.98345	1.14089	3.00766		
04:58:20	2000	3000	3333	5135	2222	0.98263	1.14076	3.00454		
04:58:30	2000	3000	3333	6073	2222	0.98529	1.14078	3.01353		
04:58:40	2000	3000	3333	6325	2221	0.98587	1.14118	3.01654		
04:58:50	2000	3000	3333	5485	2219	0.98373	1.14123	3.00947		
04:59:00	2000	3000	3333	5540	2217	0.98389	1.14125	3.01006		
04:59:10	2000	3000	3333	6678	2216	0.98661	1.14087	3.01821		
04:59:21	2000	3000	3333	3495	2216	0.97458	1.14159	2.97968		
04:59:31	2000	3000	3333	3995	2216	0.97772	1.14097	2.98863		
04:59:41	2000	3000	3333	3160	2216	0.97192	1.14094	2.96906		
04:59:51	2000	3000	3333	5131	2216	0.98261	1.14076	3.00449		
05:00:01	2000	3000	3333	5026	2217	0.98225	1.14126	3.00460		
05:00:11	2000	3000	3333	3093	2224	0.97132	1.14106	2.96737		
05:00:21	2000	3000	3333	3594	2228	0.97527	1.14117	2.98092		
05:00:31	2000	3000	3333	3186	2234	0.97214	1.14105	2.97011		
05:00:41	2000	3000	3333	3869	2240	0.97701	1.14142	2.98740		
05:00:51	2000	3000	3333	4213	2244	0.97887	1.14109	2.99278		
05:01:01	2000	3000	3333	4208	2247	0.97884	1.14151	2.99380		
05:01:11	2000	3000	3333	4055	2249	0.97805	1.14091	2.98956		
05:01:21	2000	3000	3333	4568	2250	0.98049	1.14109	2.99823		
05:01:32	2000	3000	3333	4269	2253	0.97914	1.14160	2.99503		
05:01:42	2000	3000	3333	3973	2257	0.97760	1.14140	2.98935		
05:01:52	2000	3000	3333	4945	2261	0.98196	1.14056	3.00179		
05:02:02	2000	3000	3333	4699	2260	0.98103	1.14041	2.99826		
05:02:12	2000	3000	3333	4212	2256	0.97886	1.14109	2.99275		
05:02:22	2000	3000	3333	4572	2251	0.98051	1.14065	2.99714		
05:02:32	2000	3000	3333	5068	2243	0.98240	1.14173	3.00633		
05:02:42	2000	3000	3333	3799	2236	0.97659	1.14149	2.98617		
05:02:52	2000	3000	3333	4786	2230	0.98137	1.14112	3.00127		
05:03:02	2000	3000	3333	4968	2225	0.98205	1.14121	3.00378		
05:05:34	2000	3000	3333	4797	2219	0.98141	1.14091	3.00086		
05:05:44	2000	3000	3333	5123	2213	0.98259	1.14099	3.00501		
05:05:54	2000	3000	3333	3550	2203	0.97497	1.14056	2.97831		
05:06:04	2000	3000	3333	4279	2180	0.97919	1.14144	2.99478		
05:06:14	2000	3000	3333	5318	2169	0.98322	1.14082	3.00668		
05:06:25	2000	3000	3333	4809	2158	0.98146	1.14119	3.00175		
05:06:35	2000	3000	3333	4457	2147	0.98001	1.14105	2.99651		
05:06:45	2000	3000	3333	2858	2139	0.96900	1.14196	2.96191		
05:06:55	2000	3000	3333	3579	2136	0.97517	1.14157	2.98161		
05:07:05	2000	3000	3333	3362	2133	0.97358	1.14152	2.97616		
05:07:15	2000	3000	3333	3651	2132	0.97565	1.14182	2.98389		
05:07:25	2000	3000	3333	3951	2130	0.97748	1.14213	2.99085		
05:07:35	2000	3000	3333	3745	2127	0.97625	1.14168	2.98555		
05:07:45	2000	3000	3333	4154	2125	0.97857	1.14196	2.99406		
05:07:55	2000	3000	3333	3406	2121	0.97392	1.14178	2.97797		
05:08:05	2000	3000	3333	3095	2120	0.97134	1.14200	2.96989		
05:08:15	2000	3000	3333	3003	2121	0.97047	1.14215	2.96735		
05:08:25	2000	3000	3333	3195	2123	0.97223	1.14177	2.97226		
05:08:35	2000	3000	3333	4065	2122	0.97810	1.14175	2.99195		
05:08:46	2000	3000	3333	3911	2125	0.97725	1.14195	2.98960		
05:08:56	2000	3000	3333	3954	2129	0.97749	1.14136	2.98888		
05:09:06	2000	3000	3333	3883	2133	0.97709	1.14220	2.98972		
05:09:16	2000	3000	3333	3541	2134	0.97490	1.14209	2.98209		
05:09:26	2000	3000	3333	4512	2133	0.98025	1.14168	2.99898		
05:09:36	2000	3000	3333	3993	2135	0.97771	1.14214	2.99165		
05:09:46	2000	3000	3333	4731	2136	0.98116	1.14217	3.00331		
05:09:56	2000	3000	3333	4565	2138	0.98048	1.14182	3.00011		
05:10:06	2000	3000	3333	4380	2141	0.97966	1.14198	2.99779		
05:10:16	2000	3000	3333	4357	2143	0.97955	1.14181	2.99698		
05:10:26	2000	3000	3333	4129	2144	0.97844	1.14194	2.99358		
05:10:36	2000	3000	3333	3654	2148	0.97567	1.14244	2.98557		
05:10:46	2000	3000	3333	3584	2151	0.97520	1.14167	2.98198		
05:10:57	2000	3000	3333	3116	2155	0.97153	1.14158	2.96942		
05:11:07	2000	3000	3333	4075	2156	0.97816	1.14231	2.99360		
05:11:17	2000	3000	3333	4560	2156	0.98046	1.14253	3.00191		
05:11:27	2000	3000	3333	4627	2155	0.98074	1.14235	3.00238		
05:11:37	2000	3000	3333	4452	2151	0.97999	1.14203	2.99901		
05:11:47	2000	3000	3333	4441	2149	0.97994	1.14136	2.99709		
05:11:57	2000	3000	3333	4224	2147	0.97892	1.14229	2.99610		
05:12:07	2000	3000	3333	4909	2145	0.98183	1.14220	3.00567		
05:12:17	2000	3000	3333	4599	2145	0.98062	1.14208	3.00128		
05:12:27	2000	3000	3333	5382	2145	0.98342	1.14205	3.01059		
05:12:37	2000	3000	3333	4040	2145	0.97797	1.14201	2.99218		
05:12:47	2000	3000	3333	7482	2146	0.98804	1.14136	3.02431		
05:12:57	2000	3000	3333	6138	2147	0.98544	1.14097	3.01455		
05:13:07	2000	3000	3333	5737	2152	0.98443	1.14243	3.01501		
05:13:18	2000	3000	3333	6220	2156	0.98563	1.14261	3.01952		
05:13:28	2000	3000	3333	5807	2161	0.98462	1.14217	3.01495		
05:13:38	2000	3000	3333	5087	2165	0.98246	1.14260	3.00884		
05:13:48	2000	3000	3333	4953	2168	0.98199	1.14203	3.00576		
05:13:58	2000	3000	3333	4953	2168	0.98199	1.14203	3.00576		
05:14:08	2000	3000	3333	4801	2174	0.98143	1.14224	3.00441		
05:14:18	2000	3000	3333	5499	2174	0.98377	1.14224	3.01227		
05:14:28	2000	3000	3333	4896	2175	0.98178	1.14263	3.00663		
05:14:39	2000	3000	3333	7586	2176	0.98821	1.14198	3.02650		
05:14:49	2000	3000	3333	6161	2176	0.98550	1.14224	3.01809		
05:14:59	2000	3000	3333	4590	2177	0.98058	1.14403	3.00627		
05:15:09	2000	3000	3333	4848	2180	0.98161	1.14340	3.00806		
05:15:19	2000	3000	3333	3682	2178	0.97585	1.14284	2.98723		
05:15:29	2000	3000	3333	3716	2176	0.97607	1.14213	2.98611		
05:15:40	2000	3000	3333	3254	2174	0.97272	1.14235	2.97542		
05:15:50	2000	3000	3333	2912	2170	0.96957	1.14277	2.96592		
05:16:00	2000	3000	3333	2957	2164	0.97003	1.14258	2.96697		
05:16:10	2000	3000	3266	3080	2158	0.97120	1.14305	2.97215		
05:16:20	2000	3000	3333	4553	2146	0.98043	1.14278	3.00246		
05:16:30	2000	3000	3332	3240	2137	0.97260	1.14254	2.97553		
05:16:41	2000	3000	3290	3002	2130	0.97047	1.14280	2.96903		
05:16:51	2000	3000	3333	3556	2124	0.97501	1.14272	2.98409		
05:17:01	2000	3000	3333	3350	2113	0.97349	1.14289	2.97943		
05:17:11	2000	3000	3333	3048	2104	0.97090	1.14311	2.97129		
05:17:21	2000	3000	3302	3619	2097	0.97544	1.14282	2.98580		
05:17:32	2000	3000	3333	4152	2087	0.97855	1.14298	2.99669		
05:17:42	2000	3000	3333	3806	2078	0.97663	1.14328	2.99100		
05:17:52	2000	3000	3333	2803	2073	0.96840	1.14314	2.96296		
05:18:02	2000	3000	3333	3464	2066	0.97435	1.14309	2.98285		
05:18:12	2000	3000	3333	3593	2060	0.97526	1.14309	2.98591		
05:18:22	2000	3000	3333	3276	2057	0.97290	1.14272	2.97700		
05:18:32	2000	3000	3322	2994	2053	0.97039	1.14302	2.96932		
05:18:42	2000	3000	3213	3148	2051	0.97181	1.14321	2.97462		
05:18:52	2000	3000	3282	3221	2050	0.97245	1.14281	2.97571		
05:19:02	2000	3000	3242	3223	2049	0.97246	1.14344	2.97739		
05:19:13	2000	3000	3096	2717	2045	0.96742	1.14318	2.95976		
05:19:23	2000	3000	3089	3232	2046	0.97254	1.14270	2.97573		
05:19:33	2000	3000	3139	3296	2046	0.97306	1.14270	2.97749		
05:19:43	2000	3000	3146	3190	2047	0.97218	1.14299	2.97529		
05:19:53	2000	3000	3221	3672	2047	0.97579	1.14279	2.98690		
05:20:03	2000	3000	3214	3179	2047	0.97209	1.14333	2.97585		
05:20:13	2000	3000	3333	4378	2046	0.97965	1.14314	3.00080		
05:20:23	2000	3000	3333	3050	2046	0.97092	1.14276	2.97044		
05:20:33	2000	3000	3333	3118	2048	0.97155	1.14315	2.97358		
05:20:43	2000	3000	3333	2659	2050	0.96672	1.14341	2.95801		
05:20:53	2000	3000	3133	2417	2047	0.96345	1.14325	2.94660		
05:21:03	2000	2900	2937	2005	2047	0.95611	1.14307	2.92145		
05:21:13	2000	2800	2888	4084	2057	0.97821	1.14274	2.99489		
05:21:24	2000	3000	3061	4084	2057	0.97821	1.14274	2.99489		
05:21:34	2000	3000	3010	2814	2041	0.96852	1.14386	2.96522		
05:21:44	2000	3000	3065	2986	2037	0.97031	1.14366	2.97072		
05:21:54	2000	3000	3160	2990	2034	0.97035	1.14357	2.97064		
05:22:04	2000	3000	3283	2744	2030	0.96774	1.14377	2.96236		
05:22:14	2000	3000	3026	2540	2030	0.96519	1.14306	2.95196		
05:22:24	2000	2700	2725	2280	2027	0.96129	1.14397	2.94119		
05:22:34	2000	2500	2568	1871	2026	0.95304	1.14375	2.91283		
05:22:44	2000	2400	2418	2086	2028	0.95778	1.14355	2.92827		
05:22:54	2000	2500	2599	4074	2033	0.97815	1.14363	2.99703		
05:23:04	2000	2500	2571	2579	2038	0.96570	1.14371	2.95536		
05:23:14	2000	2500	2548	2403	2040	0.96324	1.14416	2.94822		
05:23:24	2000	2500	2538	2215	2040	0.96018	1.14433	2.93837		
05:23:34	2000	2600	2613	2324	2042	0.96201	1.14437	2.94462		
05:23:45	2000	2700	2701	2615	2045	0.96617	1.14432	2.95851		
05:23:55	2000	2400	2485	2778	2048	0.96812	1.14435	2.96514		
05:24:05	2000	2500	2551	2976	2048	0.97021	1.14411	2.97157		
05:24:15	2000	2500	2561	2462	2055	0.96411	1.14381	2.95024		
05:24:25	2000	2500	2525	1997	2062	0.95594	1.14383	2.92280		
05:24:35	2000	2400	2470	1997	2062	0.95594	1.14383	2.92280		
05:24:45	2000	2200	2301	1488	2091	0.94131	1.14387	2.87368		
05:24:55	2000	2200	2276	2625	2096	0.96629	1.14436	2.95902		
05:25:05	2000	2100	2152	2233	2098	0.96049	1.14396	2.93847		
05:25:15	2000	2000	2114	2233	2098	0.96049	1.14396	2.93847		
05:25:25	2000	2300	2320	3236	2112	0.97257	1.14356	2.97808		
05:25:35	2000	2500	2589	3612	2116	0.97539	1.14417	2.98915		
05:25:45	2000	2800	2836	3080	2115	0.97121	1.14390	2.97437		
05:25:56	2000	3000	3012	3678	2110	0.97583	1.14343	2.98870		
05:26:06	2000	3000	3231	3551	2105	0.97498	1.14351	2.98604		
05:26:16	2000	3000	3333	3829	2100	0.97677	1.14399	2.99332		
05:26:26	2000	3000	3333	3541	2096	0.97491	1.14396	2.98698		
05:26:36	2000	3000	3333	3385	2094	0.97376	1.14380	2.98271		
05:26:46	2000	3000	3333	3289	2086	0.97301	1.14399	2.98066		
05:26:56	2000	3000	3333	4015	2080	0.97784	1.14372	2.99621		
05:27:06	2000	3000	3333	2978	2062	0.97023	1.14364	2.97042		
05:27:17	2000	3000	3333	3308	2065	0.97316	1.14364	2.98026		
05:27:27	2000	3000	3333	3960	2062	0.97753	1.14383	2.99547		
05:27:37	2000	3000	3333	2940	2057	0.96985	1.14353	2.96885		
05:27:47	2000	3000	3333	2940	2057	0.96985	1.14353	2.96885		
05:27:57	2000	3000	3166	2875	2064	0.96918	1.14366	2.96692		
05:28:07	2000	3000	3284	3682	2069	0.97585	1.14381	2.98978		
05:28:18	2000	3000	3251	3110	2071	0.97148	1.14352	2.97430		
05:28:28	2000	3000	3167	3457	2074	0.97431	1.14390	2.98480		
05:28:38	2000	3000	3320	3859	2082	0.97695	1.14386	2.99359		
05:28:48	2000	3000	3329	2993	2090	0.97037	1.14353	2.97061		
05:28:58	2000	3000	3333	4001	2097	0.97776	1.14349	2.99534		
05:29:09	2000	3000	3333	4001	2097	0.97776	1.14349	2.99534		
05:29:19	2000	3000	3333	4787	2101	0.98137	1.14336	3.00717		
05:29:29	2000	3000	3333	7318	2101	0.98778	1.14348	3.02903		
05:29:39	2000	3000	3333	3646	2098	0.97562	1.14376	2.98885		
05:29:49	2000	3000	3333	3634	2096	0.97554	1.14372	2.98849		
05:30:00	2000	3000	3333	3255	2096	0.97273	1.14396	2.97965		
05:30:10	2000	3000	3333	3274	2099	0.97288	1.14432	2.98111		
05:30:20	2000	3000	3333	4139	2100	0.97849	1.14386	2.99878		
05:30:30	2000	3000	3333	3656	2098	0.97568	1.14383	2.98925		
05:30:40	2000	3000	3333	2789	2098	0.96825	1.14402	2.96473		
05:30:50	2000	3000	3333	3551	2097	0.97497	1.14375	2.98665		
05:31:01	2000	3000	3333	3320	2100	0.97325	1.14391	2.98129		
05:31:11	2000	3000	3333	3099	2105	0.97138	1.14373	2.97450		
05:31:21	2000	3000	3263	3163	2109	0.97195	1.14366	2.97624		
05:31:31	2000	3000	3199	3276	2111	0.97290	1.14372	2.97960		
05:31:41	2000	3000	3329	3568	2112	0.97509	1.14421	2.98825		
05:31:52	2000	3000	3206	2811	2114	0.96848	1.14385	2.96508		
05:32:02	2000	3000	3211	3353	2106	0.97352	1.14381	2.98192		
05:32:12	2000	3000	3333	3874	2107	0.97704	1.14374	2.99357		
05:32:22	2000	3000	3333	3465	2110	0.97436	1.14386	2.98489		
05:32:32	2000	3000	3333	3093	2108	0.97132	1.14413	2.97534		
05:32:43	2000	3000	3333	3468	2108	0.97438	1.14418	2.98578		
05:32:53	2000	3000	3333	3818	2113	0.97670	1.14406	2.99328		
05:33:03	2000	3000	3333	3760	2118	0.97635	1.14405	2.99207		
05:33:13	2000	3000	3333	3653	2121	0.97567	1.14418	2.99011		
05:33:23	2000	3000	3333	3606	2125	0.97535	1.14400	2.98857		
05:33:33	2000	3000	3333	3959	2128	0.97752	1.14281	2.99277		
05:33:44	2000	3000	3333	3633	2128	0.97553	1.14320	2.98710		
05:33:54	2000	3000	3333	3696	2127	0.97595	1.14334	2.98886		
05:34:04	2000	3000	3333	4380	2129	0.97966	1.14330	3.00126		
05:34:14	2000	3000	3333	3168	2130	0.97199	1.14343	2.97578		
05:34:24	2000	3000	3333	3408	2123	0.97394	1.14276	2.98060		
05:34:34	2000	3000	3333	2552	2129	0.96534	1.14375	2.95425		
05:34:45	2000	3000	3292	2552	2129	0.96534	1.14375	2.95425		
