

			DELHI AIRPORT : 30 m Base line


Time	RVR	 MOR	RVR	MOR	BLM	Trf	 Ref(v)	PD(v)
	(limited)	(limited)	(actual)	(actual)

02:40:06	2000	3000	3333	9955	2261	0.99100	1.14290	3.08553		
02:40:16	2000	3000	3333	9955	2255	0.99100	1.14190	3.09335		
02:40:27	2000	3000	3333	9955	2250	0.99100	1.14152	3.11431		
02:40:37	2000	3000	3333	9955	2245	0.99100	1.14173	3.10915		
02:40:47	2000	3000	3333	9955	2239	0.99100	1.14065	3.12412		
02:40:57	2000	3000	3333	9955	2234	0.99100	1.14076	3.11483		
02:41:07	2000	3000	3333	9955	2230	0.99100	1.13961	3.10459		
02:41:18	2000	3000	3333	9955	2226	0.99100	1.14104	3.11834		
02:41:28	2000	3000	3333	9955	2222	0.99100	1.14115	3.11506		
02:41:38	2000	3000	3333	9955	2217	0.99100	1.13969	3.13436		
02:41:48	2000	3000	3333	9955	2217	0.99100	1.13969	3.13436		
02:41:58	2000	3000	3333	9955	2210	0.99100	1.13818	3.10720		
02:42:08	2000	3000	3333	9955	2207	0.99100	1.13863	3.10653		
02:42:19	2000	3000	3333	9955	2204	0.99100	1.13931	3.08936		
02:42:29	2000	3000	3333	9955	2202	0.99100	1.14012	3.10273		
02:42:39	2000	3000	3333	9955	2200	0.99100	1.13836	3.11802		
02:42:49	2000	3000	3333	9955	2200	0.99100	1.14059	3.10734		
02:42:59	2000	3000	3333	9955	2202	0.99100	1.13959	3.09886		
02:43:10	2000	3000	3333	9955	2203	0.99100	1.13947	3.11045		
02:43:20	2000	3000	3333	9955	2206	0.99100	1.13834	3.11350		
02:43:30	2000	3000	3333	9955	2209	0.99100	1.13879	3.11538		
02:43:40	2000	3000	3333	9955	2212	0.99100	1.13917	3.09983		
02:43:50	2000	3000	3333	9955	2218	0.99100	1.13747	3.09394		
02:44:01	2000	3000	3333	9955	2223	0.99100	1.13890	3.12256		
02:44:11	2000	3000	3333	9955	2230	0.99100	1.14053	3.05272		
02:44:21	2000	3000	3333	9955	2237	0.99100	1.13816	3.05463		
02:44:31	2000	3000	3333	9955	2244	0.99100	1.13966	3.03624		
02:44:41	2000	3000	3333	9955	2252	0.99100	1.13801	3.02761		
02:44:51	2000	3000	3333	9955	2259	0.99100	1.14032	3.05691		
02:45:02	2000	3000	3333	9955	2267	0.99100	1.13816	3.00606		
02:45:12	2000	3000	3333	9955	2274	0.99100	1.13917	3.05698		
02:45:22	2000	3000	3333	9955	2281	0.99100	1.13739	3.05767		
02:45:32	2000	3000	3333	9955	2289	0.99100	1.13768	3.09129		
02:45:42	2000	3000	3333	9955	2296	0.99100	1.13953	3.06170		
02:45:53	2000	3000	3333	9955	2305	0.99100	1.13713	3.01813		
02:46:03	2000	3000	3333	9955	2313	0.99100	1.13880	3.02684		
02:46:13	2000	3000	3333	9955	2321	0.99100	1.13569	3.06290		
02:46:23	2000	3000	3333	9955	2327	0.99100	1.13826	3.06249		
02:46:33	2000	3000	3333	9955	2331	0.99100	1.13931	3.09726		
02:46:44	2000	3000	3333	9955	2341	0.99100	1.13884	3.06350		
02:46:54	2000	3000	3333	9955	2348	0.99100	1.13993	2.96873		
02:47:04	2000	3000	3333	9955	2356	0.99100	1.13843	3.05805		
02:47:14	2000	3000	3333	9955	2364	0.99100	1.14003	3.05671		
02:47:24	2000	3000	3333	9955	2374	0.99100	1.13736	3.08248		
02:47:34	2000	3000	3333	9955	2384	0.99100	1.13755	3.07384		
02:47:45	2000	3000	3333	9955	2395	0.99100	1.13870	3.03439		
02:47:55	2000	3000	3333	9955	2405	0.99100	1.13899	3.03287		
02:48:05	2000	3000	3333	9955	2414	0.99100	1.13585	3.01730		
02:48:15	2000	3000	3333	9955	2424	0.99100	1.13799	3.06642		
02:48:25	2000	3000	3333	9955	2444	0.99100	1.13721	3.03011		
02:48:36	2000	3000	3333	9955	2454	0.99100	1.13910	2.98442		
02:48:46	2000	3000	3333	9955	2463	0.99100	1.13936	3.01328		
02:48:56	2000	3000	3333	9955	2472	0.99100	1.13693	3.01881		
02:49:06	2000	3000	3333	9955	2481	0.99100	1.13941	2.99009		
02:49:16	2000	3000	3333	9955	2490	0.99100	1.13555	3.02612		
02:49:27	2000	3000	3333	9955	2499	0.99100	1.13847	2.94477		
02:49:37	2000	3000	3333	9955	2510	0.99100	1.13949	3.01323		
02:49:47	2000	3000	3333	9955	2520	0.99100	1.13963	3.05688		
02:49:57	2000	3000	3333	9955	2530	0.99100	1.13927	3.02788		
02:50:07	2000	3000	3333	9955	2541	0.99100	1.13666	3.05577		
02:50:17	2000	3000	3333	9955	2552	0.99100	1.13942	3.06731		
02:50:27	2000	3000	3333	9955	2563	0.99100	1.13921	3.03659		
02:50:37	2000	3000	3333	9955	2573	0.99100	1.13936	2.91164		
02:50:47	2000	3000	3333	9955	2584	0.99100	1.13844	2.93259		
02:50:57	2000	3000	3333	9955	2594	0.99100	1.13653	3.00744		
02:51:07	2000	3000	3333	9955	2607	0.99100	1.13708	3.04386		
02:51:17	2000	3000	3333	9955	2617	0.99100	1.13533	3.06595		
02:51:27	2000	3000	3333	9955	2628	0.99100	1.13416	3.07159		
02:51:37	2000	3000	3333	9955	2641	0.99100	1.13580	3.03630		
02:51:47	2000	3000	3333	9955	2653	0.99100	1.13819	3.03748		
02:51:57	2000	3000	3333	9955	2665	0.99100	1.13660	3.03475		
02:52:08	2000	3000	3333	9955	2677	0.99100	1.13733	2.97092		
02:52:18	2000	3000	3333	9955	2689	0.99100	1.13614	3.01728		
02:52:28	2000	3000	3333	9955	2689	0.99100	1.13614	3.01728		
02:52:38	2000	3000	3333	9955	2689	0.99100	1.13614	3.01728		
02:52:58	2000	3000	3333	9955	2744	0.99100	1.13762	3.08442		
02:53:08	2000	3000	3333	9955	2744	0.99100	1.13762	3.08442		
02:53:19	2000	3000	3333	9955	2774	0.99100	1.13801	3.06935		
02:53:29	2000	3000	3333	9955	2789	0.99100	1.13622	3.06526		
02:53:39	2000	3000	3333	9955	2802	0.99100	1.13788	3.07671		
02:53:49	2000	3000	3333	9955	2815	0.99100	1.13806	3.07465		
02:53:59	2000	3000	3333	9955	2815	0.99100	1.13806	3.07465		
02:54:10	2000	3000	3333	9955	2815	0.99100	1.13806	3.07465		
02:54:20	2000	3000	3333	9955	2854	0.99100	1.14014	3.03227		
02:54:30	2000	3000	3333	9955	2870	0.99100	1.13906	3.08462		
02:54:40	2000	3000	3333	9955	2885	0.99100	1.13665	3.06572		
02:54:50	2000	3000	3333	9955	2899	0.99100	1.13715	3.08222		
02:55:00	2000	3000	3333	9955	2913	0.99100	1.13667	3.06561		
02:55:11	2000	3000	3333	9955	2926	0.99100	1.13689	3.07902		
02:55:21	2000	3000	3333	9955	2940	0.99100	1.13720	3.08714		
02:55:31	2000	3000	3333	9955	2953	0.99100	1.13615	3.10284		
02:55:41	2000	3000	3333	9955	2968	0.99100	1.13776	3.10313		
02:55:51	2000	3000	3333	9955	2983	0.99100	1.13701	3.07825		
02:56:02	2000	3000	3333	9955	3000	0.99100	1.13895	3.08170		
02:56:12	2000	3000	3333	9955	3015	0.99100	1.13951	3.06739		
02:56:22	2000	3000	3333	9955	3030	0.99100	1.13876	3.06000		
02:56:32	2000	3000	3333	9955	3045	0.99100	1.13859	3.05338		
02:56:42	2000	3000	3333	9955	3059	0.99100	1.13981	3.07270		
02:56:53	2000	3000	3333	9955	3075	0.99100	1.13773	3.08625		
02:57:03	2000	3000	3333	9955	3090	0.99100	1.13826	3.07601		
02:57:13	2000	3000	3333	9955	3107	0.99100	1.14018	3.06733		
02:57:23	2000	3000	3333	9955	3124	0.99100	1.14125	3.04810		
02:57:33	2000	3000	3333	9955	3139	0.99100	1.13948	3.06815		
02:57:43	2000	3000	3333	9955	3156	0.99100	1.14024	3.07964		
02:57:54	2000	3000	3333	9955	3173	0.99100	1.13978	3.06705		
02:58:04	2000	3000	3333	9955	3189	0.99100	1.13991	3.07316		
02:58:14	2000	3000	3333	9955	3207	0.99100	1.14001	3.07621		
02:58:24	2000	3000	3333	9955	3224	0.99100	1.13936	3.07009		
02:58:34	2000	3000	3333	9955	3242	0.99100	1.14043	3.06275		
02:58:45	2000	3000	3333	9955	3262	0.99100	1.13914	3.07440		
02:58:55	2000	3000	3333	9955	3281	0.99100	1.13898	3.09922		
02:59:05	2000	3000	3333	9955	3301	0.99100	1.13906	3.10133		
02:59:15	2000	3000	3333	9955	3322	0.99100	1.13854	3.07870		
02:59:25	2000	3000	3333	9955	3340	0.99100	1.13980	3.10034		
02:59:36	2000	3000	3333	9955	3358	0.99100	1.14000	3.07946		
02:59:46	2000	3000	3333	9955	3376	0.99100	1.13883	3.07718		
02:59:56	2000	3000	3333	9955	3393	0.99100	1.13878	3.08868		
03:00:06	2000	3000	3333	9955	3410	0.99100	1.14342	3.09696		
03:00:16	2000	3000	3333	9955	3428	0.99100	1.13990	3.09030		
03:00:26	2000	3000	3333	9955	3445	0.99100	1.13941	3.09906		
03:00:37	2000	3000	3333	9955	3462	0.99100	1.13873	3.09130		
03:00:47	2000	3000	3333	9955	3462	0.99100	1.13873	3.09130		


			DELHI AIRPORT : 30 m Base line


Time	RVR	 MOR	RVR	MOR	BLM	Trf	 Ref(v)	PD(v)
	(limited)	(limited)	(actual)	(actual)

