

			DELHI AIRPORT : 30 m Base line


Time	RVR	 MOR	RVR	MOR	BLM	Trf	 Ref(v)	PD(v)
	(limited)	(limited)	(actual)	(actual)

05:23:50	2000	3000	1659	9955	2777	0.99100	1.14254	2.99697		
05:24:00	2000	3000	3318	9955	2778	0.99100	1.14252	3.01806		
05:24:10	2000	3000	3333	9955	2763	0.99100	1.14224	3.02908		
05:24:21	2000	3000	3333	9955	2810	0.99100	1.14225	3.02671		
05:24:31	2000	3000	3333	9955	2788	0.99100	1.14180	3.03814		
05:24:41	2000	3000	3333	9955	2709	0.99100	1.14198	3.02317		
05:24:51	2000	3000	3333	9955	2808	0.99100	1.14154	3.03329		
05:25:01	2000	3000	3333	9955	2821	0.99100	1.14114	3.03537		
05:25:12	2000	3000	3333	9955	2761	0.99100	1.14015	3.01527		
05:25:22	2000	3000	3333	9955	2694	0.99100	1.13984	3.04816		
05:25:32	2000	3000	3333	9955	2625	0.99100	1.13849	2.99897		
05:25:42	2000	3000	3333	9955	2623	0.99100	1.13800	3.00329		
05:25:52	2000	3000	3333	9955	2658	0.99100	1.13971	2.99333		
05:26:02	2000	3000	3333	9955	2658	0.99100	1.13971	2.99333		
05:26:13	2000	3000	3333	9955	2734	0.99100	1.13989	3.01079		
05:26:23	2000	3000	3333	9955	2625	0.99100	1.13927	3.01737		
05:26:33	2000	3000	3333	9955	2566	0.99100	1.13946	3.00568		
05:26:43	2000	3000	3333	9955	2563	0.99100	1.13884	3.01942		
05:26:53	2000	3000	3333	9955	2612	0.99100	1.13906	3.00573		
05:27:04	2000	3000	3333	9955	2749	0.99100	1.13829	3.03308		
05:27:14	2000	3000	3333	9955	2792	0.99100	1.13857	3.04118		
05:27:24	2000	3000	3333	9955	2802	0.99100	1.13966	3.04357		
05:27:34	2000	3000	3333	9955	2842	0.99100	1.13972	3.02239		
05:27:44	2000	3000	3333	9955	2886	0.99100	1.13877	3.01948		
05:27:55	2000	3000	3333	9955	2918	0.99100	1.13972	3.00324		
05:28:05	2000	3000	3333	9955	2929	0.99100	1.13851	3.01591		
05:28:15	2000	3000	3333	9955	2969	0.99100	1.13892	3.02738		
05:28:25	2000	3000	3333	9955	3005	0.99100	1.14004	3.04151		
05:28:35	2000	3000	3333	9955	3030	0.99100	1.13915	3.07931		
05:28:45	2000	3000	3333	9955	3041	0.99100	1.13991	3.04723		
05:28:55	2000	3000	3333	9955	3059	0.99100	1.13914	3.04628		
05:29:06	2000	3000	3333	9955	3070	0.99100	1.13889	3.04822		
05:29:16	2000	3000	3333	9955	3082	0.99100	1.14029	3.01959		
05:29:26	2000	3000	3333	9955	3085	0.99100	1.13983	3.05324		
05:29:36	2000	3000	3333	9955	3097	0.99100	1.14019	3.04378		
05:29:46	2000	3000	3333	9955	3099	0.99100	1.13998	3.00494		
05:29:56	2000	3000	3333	9955	3099	0.99100	1.13959	3.00586		
05:30:06	2000	3000	3333	9955	3092	0.99100	1.13985	3.01802		
05:30:17	2000	3000	3333	9955	3092	0.99100	1.13985	3.01802		
05:30:27	2000	3000	3333	9955	3067	0.99100	1.14044	3.04913		
05:30:37	2000	3000	3333	9955	3041	0.99100	1.14010	3.00572		
05:30:47	2000	3000	3333	9955	3033	0.99100	1.13975	2.97383		
05:30:57	2000	3000	3333	9955	3033	0.99100	1.13975	2.97383		
05:31:08	2000	3000	3333	9955	2997	0.99100	1.13960	2.96628		
05:31:18	2000	3000	3333	9955	2934	0.99100	1.13932	2.99129		
05:31:28	2000	3000	3333	9955	2839	0.99100	1.14031	3.00846		
05:31:38	2000	3000	3333	9955	2787	0.99100	1.13897	2.97978		
05:31:48	2000	3000	3333	9955	2750	0.99100	1.13928	2.97118		
05:31:59	2000	3000	3333	9955	2666	0.99100	1.13974	2.98521		
05:32:09	2000	3000	3333	9955	2480	0.99100	1.13917	2.98130		
05:32:19	2000	3000	3333	9955	2404	0.99100	1.13934	2.97840		
05:32:29	2000	3000	3333	9955	2379	0.99100	1.13923	2.96208		
05:32:39	2000	3000	3333	9955	2367	0.99100	1.13808	2.94826		
05:32:49	2000	3000	3333	9955	2350	0.99100	1.13993	2.97716		
05:33:00	2000	3000	3333	9955	2349	0.99100	1.13920	2.96538		
05:33:10	2000	3000	3333	9955	2329	0.99100	1.14009	2.90387		
05:33:20	2000	3000	3333	9955	2353	0.99100	1.13962	2.85408		
05:33:30	2000	3000	3333	9955	2420	0.99100	1.13904	2.85705		
05:33:40	2000	3000	3333	9955	2471	0.99100	1.13929	2.88115		
05:33:51	2000	3000	3333	9955	2534	0.99100	1.14001	2.87373		
05:34:01	2000	3000	3333	9955	2562	0.99100	1.13979	2.91178		
05:34:11	2000	3000	3333	9955	2616	0.99100	1.13939	2.89600		
05:34:21	2000	3000	3333	9955	2659	0.99100	1.13969	2.90649		
05:34:31	2000	3000	3333	9955	2707	0.99100	1.14037	2.92903		
05:34:42	2000	3000	3333	9955	2728	0.99100	1.13961	2.93637		
05:34:52	2000	3000	3333	9955	2746	0.99100	1.13859	2.94886		
05:35:02	2000	3000	3333	9955	2759	0.99100	1.14006	2.96482		
05:35:12	2000	3000	3333	9955	2763	0.99100	1.13998	2.95031		
05:35:22	2000	3000	3333	9955	2761	0.99100	1.13950	2.89576		
05:35:32	2000	3000	3333	9955	2737	0.99100	1.13974	2.94689		
05:35:43	2000	3000	3333	9955	2701	0.99100	1.13951	2.92610		
05:35:53	2000	3000	3333	9955	2694	0.99100	1.13963	2.96424		
05:36:03	2000	3000	3333	9955	2699	0.99100	1.13859	2.92800		
05:36:13	2000	3000	3333	9955	2691	0.99100	1.13946	2.94635		
05:36:23	2000	3000	3333	9955	2690	0.99100	1.13966	2.95099		
05:36:34	2000	3000	3333	9955	2666	0.99100	1.13953	2.94332		
05:36:44	2000	3000	3333	9955	2582	0.99100	1.13945	2.93521		
05:36:54	2000	3000	3333	9955	2613	0.99100	1.13971	2.95140		
05:37:04	2000	3000	3333	9955	2621	0.99100	1.13974	2.94264		
05:37:14	2000	3000	3333	9955	2610	0.99100	1.13953	2.95578		
05:37:25	2000	3000	3333	9955	2589	0.99100	1.13898	2.96733		
05:37:35	2000	3000	3333	9955	2557	0.99100	1.14024	2.94347		
05:37:45	2000	3000	3333	9955	2570	0.99100	1.14064	2.87580		
05:37:55	2000	3000	3333	9955	2584	0.99100	1.14243	2.95026		
05:38:05	2000	3000	3333	9955	2577	0.99100	1.14190	2.93653		
05:38:15	2000	3000	3333	9955	2543	0.99100	1.14207	2.94480		
05:38:26	2000	3000	3333	9955	2515	0.99100	1.14241	2.93087		
05:38:36	2000	3000	3333	9955	2497	0.99100	1.14081	2.83736		
05:38:46	2000	3000	3333	9955	2437	0.99100	1.14194	2.92389		
05:38:56	2000	3000	3333	9955	2360	0.99100	1.14137	2.94251		
05:39:06	2000	3000	3333	9955	2347	0.99100	1.14150	2.88390		
05:39:17	2000	3000	3333	9955	2432	0.99100	1.14152	2.92985		
05:39:27	2000	3000	3333	9955	2411	0.99100	1.14239	2.91000		
05:39:37	2000	3000	3333	9955	2193	0.99100	1.14238	2.94386		
05:39:47	2000	3000	3333	9955	2167	0.99100	1.14162	2.93396		
05:39:57	2000	3000	3333	9955	2154	0.99100	1.14143	2.96628		
05:40:07	2000	3000	3333	9955	2107	0.99100	1.14239	2.93553		
05:40:17	2000	3000	3333	9955	2133	0.99100	1.14175	2.94248		
05:40:27	2000	3000	3333	9955	2084	0.99100	1.14146	2.92663		
05:40:37	2000	3000	3333	9955	2028	0.99100	1.14119	2.95318		
05:40:47	2000	3000	3333	9955	1989	0.99100	1.14228	2.94822		
05:40:57	2000	3000	3333	9955	2008	0.99100	1.14052	2.94196		
05:41:07	2000	3000	3333	9955	2082	0.99100	1.14226	2.91699		
05:41:17	2000	3000	3333	9955	2044	0.99100	1.14175	2.87373		
05:41:27	2000	3000	3333	9955	2073	0.99100	1.14130	2.90889		
05:41:37	2000	3000	3333	9955	2126	0.99100	1.14197	2.89452		
05:41:47	2000	3000	3333	9955	2130	0.99100	1.14218	2.90774		
05:41:57	2000	3000	3333	9955	2094	0.99100	1.14197	2.89368		
05:42:07	2000	3000	3333	9955	2110	0.99100	1.14191	2.90333		
05:42:17	2000	3000	3333	9955	2189	0.99100	1.14256	2.91584		
05:42:27	2000	3000	3333	9955	2278	0.99100	1.14241	2.90342		
05:42:37	2000	3000	3333	9955	2284	0.99100	1.14255	2.91872		
05:42:47	2000	3000	3333	9955	2309	0.99100	1.14121	2.92660		
05:42:57	2000	3000	3333	9955	2320	0.99100	1.14161	2.89891		
05:43:08	2000	3000	3333	9955	2299	0.99100	1.14147	2.96427		
05:43:18	2000	3000	3333	9955	2305	0.99100	1.14216	2.92820		
05:43:28	2000	3000	3333	9955	2289	0.99100	1.14240	2.99084		
05:43:38	2000	3000	3333	9955	2253	0.99100	1.14254	2.97172		
05:43:48	2000	3000	3333	9955	2279	0.99100	1.14180	2.94849		
05:43:58	2000	3000	3333	9955	2190	0.99100	1.14219	2.95976		
05:44:09	2000	3000	3333	9955	2150	0.99100	1.14198	2.94197		
05:44:19	2000	3000	3333	9955	2114	0.99100	1.14182	2.91474		
05:44:29	2000	3000	3333	9955	2124	0.99100	1.14247	2.90900		
05:44:39	2000	3000	3333	9955	2220	0.99100	1.14241	2.89643		
05:44:49	2000	3000	3333	9955	2129	0.99100	1.14189	2.92344		
05:44:59	2000	3000	3333	9955	2135	0.99100	1.14175	2.91637		
05:45:10	2000	3000	3333	9955	2028	0.99100	1.14128	2.92324		
05:45:20	2000	3000	3333	9955	2051	0.99100	1.14082	2.92396		
05:45:30	2000	3000	3333	9955	2051	0.99100	1.14082	2.92396		
05:45:40	2000	3000	3333	9955	2129	0.99100	1.14146	2.91626		
05:45:50	2000	3000	3333	9955	1994	0.99100	1.14169	2.93356		
05:46:01	2000	3000	3333	9955	1965	0.99100	1.14160	2.92464		
05:46:11	2000	3000	3333	9955	2008	0.99100	1.14123	2.92665		
05:46:21	2000	3000	3333	9955	2098	0.99100	1.14204	2.93818		
05:46:31	2000	3000	3333	9955	2085	0.99100	1.14162	2.94052		
05:46:41	2000	3000	3333	9955	2060	0.99100	1.14224	2.92913		
05:46:51	2000	3000	3333	9955	1970	0.99100	1.14122	2.92978		
05:47:02	2000	3000	3333	9955	1953	0.99100	1.14158	2.92267		
05:47:12	2000	3000	3333	9955	1913	0.99100	1.14203	2.92904		
05:47:22	2000	3000	3333	9955	1874	0.99100	1.14213	2.92612		
05:47:32	2000	3000	3333	9955	1864	0.99100	1.14178	2.91751		
05:47:42	2000	3000	3333	9955	1864	0.99100	1.14178	2.91751		
05:47:53	2000	3000	3333	9955	1868	0.99100	1.14205	2.92564		
05:48:03	2000	3000	3333	9955	1872	0.99100	1.14087	2.91042		
05:48:13	2000	3000	3333	9955	1980	0.99100	1.14190	2.91610		
05:48:23	2000	3000	3333	9955	2053	0.99100	1.14122	2.92362		
05:48:33	2000	3000	3333	9955	2113	0.99100	1.14146	2.93880		
05:48:43	2000	3000	3333	9955	2157	0.99100	1.14028	2.91692		
05:48:54	2000	3000	3333	9955	2208	0.99100	1.14148	2.94067		
05:49:04	2000	3000	3333	9955	2219	0.99100	1.14304	2.95260		
05:49:14	2000	3000	3333	9955	2184	0.99100	1.14148	2.94419		
05:49:24	2000	3000	3333	9955	2236	0.99100	1.14171	2.94072		
05:49:34	2000	3000	3333	9955	2294	0.99100	1.14091	2.91865		
05:49:45	2000	3000	3333	9955	2346	0.99100	1.14222	2.91237		
05:49:55	2000	3000	3333	9955	2346	0.99100	1.14222	2.91237		
05:50:05	2000	3000	3333	9955	2411	0.99100	1.14200	2.91132		
05:50:15	2000	3000	3333	9955	2411	0.99100	1.14200	2.91132		
05:50:25	2000	3000	3333	9955	2425	0.99100	1.14152	2.93382		
05:50:36	2000	3000	3333	9955	2432	0.99100	1.14115	2.91251		
05:50:46	2000	3000	3333	9955	2440	0.99100	1.14193	2.93152		
05:50:56	2000	3000	3333	9955	2438	0.99100	1.14192	2.95787		
05:51:06	2000	3000	3333	9955	2438	0.99100	1.14242	2.93616		
05:51:16	2000	3000	3333	9955	2443	0.99100	1.14292	2.96114		
05:51:26	2000	3000	3333	9955	2446	0.99100	1.14211	2.94737		
05:51:37	2000	3000	3333	9955	2446	0.99100	1.14202	2.96440		
05:51:47	2000	3000	3333	9955	2446	0.99100	1.14215	2.97548		
05:51:57	2000	3000	3333	9955	2446	0.99100	1.14178	2.95099		
05:52:07	2000	3000	3333	9955	2446	0.99100	1.14222	2.96956		
05:52:17	2000	3000	3333	9955	2447	0.99100	1.14084	2.96975		
05:52:28	2000	3000	3333	9955	2448	0.99100	1.14188	2.98080		
05:52:38	2000	3000	3333	9955	2450	0.99100	1.14172	2.99320		
05:52:48	2000	3000	3333	9955	2451	0.99100	1.14178	2.97952		
05:52:58	2000	3000	3333	9955	2452	0.99100	1.14223	2.97658		
05:53:08	2000	3000	3333	9955	2454	0.99100	1.14118	2.93569		
05:53:19	2000	3000	3333	9955	2457	0.99100	1.14197	2.96408		
05:53:29	2000	3000	3333	9955	2457	0.99100	1.14267	2.96558		
05:53:39	2000	3000	3333	9955	2457	0.99100	1.14204	2.98175		
05:53:49	2000	3000	3333	9955	2451	0.99100	1.14258	2.96480		
05:53:59	2000	3000	3333	9955	2454	0.99100	1.14219	2.95016		
05:54:09	2000	3000	3333	9955	2454	0.99100	1.14210	2.98314		
05:54:19	2000	3000	3333	9955	2451	0.99100	1.14253	2.95263		
05:54:29	2000	3000	3333	9955	2447	0.99100	1.14256	2.96472		
05:54:39	2000	3000	3333	9955	2441	0.99100	1.14250	2.97448		
05:54:50	2000	3000	3333	9955	2432	0.99100	1.14226	2.98355		
05:55:00	2000	3000	3333	9955	2423	0.99100	1.14257	2.98334		
05:55:10	2000	3000	3333	9955	2412	0.99100	1.14244	2.98433		
05:55:20	2000	3000	3333	9955	2405	0.99100	1.14241	2.95608		
05:55:30	2000	3000	3333	9955	2399	0.99100	1.14192	2.96022		
05:55:40	2000	3000	3333	9955	2396	0.99100	1.14143	2.97021		
05:55:50	2000	3000	3333	9955	2393	0.99100	1.14214	2.96503		
05:56:01	2000	3000	3333	9955	2390	0.99100	1.14218	2.97458		
05:56:11	2000	3000	3333	9955	2374	0.99100	1.14190	2.96441		
05:56:21	2000	3000	3333	9955	2366	0.99100	1.14184	2.89311		
05:56:31	2000	3000	3333	9955	2355	0.99100	1.14277	2.98458		
05:56:41	2000	3000	3333	9955	2331	0.99100	1.14239	2.96977		
05:56:52	2000	3000	3333	9955	2311	0.99100	1.14333	2.97398		
05:57:02	2000	3000	3333	9955	2346	0.99100	1.14221	3.01071		
05:57:12	2000	3000	3333	9955	2375	0.99100	1.14266	3.02410		
05:57:22	2000	3000	3333	9955	2376	0.99100	1.14256	3.01372		
05:57:32	2000	3000	3333	9955	2374	0.99100	1.14310	2.98013		
05:57:43	2000	3000	3333	9955	2367	0.99100	1.14253	2.98924		
05:57:53	2000	3000	3333	9955	2364	0.99100	1.14280	2.98046		
05:58:03	2000	3000	3333	9955	2362	0.99100	1.14293	3.01430		
05:58:13	2000	3000	3333	9955	2377	0.99100	1.14301	2.99788		
05:58:23	2000	3000	3333	9955	2390	0.99100	1.14259	2.97326		
05:58:33	2000	3000	3333	9955	2399	0.99100	1.14258	2.98239		
05:58:44	2000	3000	3333	9955	2392	0.99100	1.14300	2.92285		
05:58:54	2000	3000	3333	9955	2413	0.99100	1.14458	2.89205		
05:59:04	2000	3000	3333	9955	2423	0.99100	1.14468	2.97399		
05:59:14	2000	3000	3333	9955	2425	0.99100	1.14413	2.99993		
05:59:24	2000	3000	3333	9955	2428	0.99100	1.14393	3.01131		
05:59:35	2000	3000	3333	9955	2430	0.99100	1.14470	3.00076		
05:59:45	2000	3000	3333	9955	2430	0.99100	1.14470	3.00076		
05:59:55	2000	3000	3333	9955	2430	0.99100	1.14462	2.99920		
06:00:05	2000	3000	3333	9955	2428	0.99100	1.14467	3.01100		
06:00:15	2000	3000	3333	9955	2425	0.99100	1.14298	2.99691		
06:00:26	2000	3000	3333	9955	2420	0.99100	1.14412	2.95660		
06:00:36	2000	3000	3333	9955	2409	0.99100	1.14419	2.99542		
06:00:46	2000	3000	3333	9955	2405	0.99100	1.14469	2.98793		
06:00:56	2000	3000	3333	9955	2399	0.99100	1.14436	3.01483		
06:01:06	2000	3000	3333	9955	2398	0.99100	1.14351	2.89802		
06:01:16	2000	3000	3333	9955	2400	0.99100	1.14384	2.91399		
06:01:27	2000	3000	3333	9955	2405	0.99100	1.14385	2.91719		
06:01:37	2000	3000	3333	9955	2407	0.99100	1.14361	2.93918		
06:01:47	2000	3000	3333	9955	2406	0.99100	1.14345	2.93729		
06:01:57	2000	3000	3333	9955	2404	0.99100	1.14472	2.98437		
06:02:07	2000	3000	3333	9955	2399	0.99100	1.14390	2.90698		
06:02:18	2000	3000	3333	9955	2397	0.99100	1.14460	2.94734		
06:02:28	2000	3000	3333	9955	2393	0.99100	1.14432	2.92700		
06:02:38	2000	3000	3333	9955	2392	0.99100	1.14357	2.97961		
06:02:48	2000	3000	3333	9955	2392	0.99100	1.14453	2.92915		
06:02:58	2000	3000	3333	9955	2393	0.99100	1.14495	2.93796		
06:03:09	2000	3000	3333	9955	2397	0.99100	1.14325	2.94291		
06:03:19	2000	3000	3333	9955	2406	0.99100	1.14403	2.93903		
06:03:29	2000	3000	3333	9955	2389	0.99100	1.14468	2.94778		
06:03:39	2000	3000	3333	9955	2414	0.99100	1.14482	2.84519		
06:03:49	2000	3000	3333	9955	2422	0.99100	1.14507	2.69429		
06:03:59	2000	3000	3333	1939	2431	0.95464	1.14400	2.41088		
06:04:10	2000	3000	3333	9955	2433	0.99100	1.14438	2.60727		
06:04:20	2000	3000	3333	9955	2438	0.99100	1.14365	2.82190		
06:04:30	2000	3000	3333	9955	2447	0.99100	1.14337	2.87024		
06:04:40	2000	3000	3333	9955	2446	0.99100	1.14417	2.93054		
06:04:50	2000	3000	3333	9955	2437	0.99100	1.14420	2.93921		
06:05:01	2000	3000	3333	9955	2430	0.99100	1.14446	2.89092		
06:05:11	2000	3000	3333	9955	2414	0.99100	1.14394	2.94757		
06:05:21	2000	3000	3333	9955	2402	0.99100	1.14372	2.93260		
06:05:31	2000	3000	3333	9955	2394	0.99100	1.14318	2.92737		
06:05:41	2000	3000	3333	9955	2382	0.99100	1.14453	2.93917		
06:05:51	2000	3000	3333	9955	2368	0.99100	1.14386	2.94047		
06:06:01	2000	3000	3333	9955	2368	0.99100	1.14386	2.94047		
06:06:11	2000	3000	3333	9955	2368	0.99100	1.14400	2.92401		
06:06:21	2000	3000	3333	9955	2368	0.99100	1.14400	2.92401		
06:06:32	2000	3000	3333	9955	2385	0.99100	1.14390	2.92797		
06:06:42	2000	3000	3333	9955	2395	0.99100	1.14366	2.91845		
06:06:52	2000	3000	3333	9955	2399	0.99100	1.14363	2.93322		
06:07:02	2000	3000	3333	9955	2403	0.99100	1.14470	2.92106		
06:07:12	2000	3000	3333	9955	2407	0.99100	1.14422	2.95568		
06:07:22	2000	3000	3333	9955	2410	0.99100	1.14433	2.91376		
06:07:33	2000	3000	3333	9955	2412	0.99100	1.14392	2.93166		
06:07:43	2000	3000	3333	9955	2415	0.99100	1.14482	2.94771		
06:07:53	2000	3000	3333	9955	2422	0.99100	1.14427	2.94752		
06:08:03	2000	3000	3333	9955	2427	0.99100	1.14359	2.94843		
06:08:13	2000	3000	3333	9955	2429	0.99100	1.14410	2.92063		
06:08:24	2000	3000	3333	9955	2427	0.99100	1.14390	2.95594		
06:08:34	2000	3000	3333	9955	2427	0.99100	1.14390	2.95594		
06:08:44	2000	3000	3333	9955	2425	0.99100	1.14442	2.95876		
06:08:54	2000	3000	3333	9955	2429	0.99100	1.14445	2.94549		
06:09:04	2000	3000	3333	9955	2434	0.99100	1.14377	2.95290		
06:09:15	2000	3000	3333	9955	2434	0.99100	1.14501	2.95065		
06:09:25	2000	3000	3333	9955	2425	0.99100	1.14404	2.96114		
06:09:35	2000	3000	3333	9955	2408	0.99100	1.14434	2.95256		
06:09:45	2000	3000	3333	9955	2382	0.99100	1.14383	2.90896		
06:09:55	2000	3000	3333	9955	2362	0.99100	1.14390	2.91075		
06:10:05	2000	3000	3333	9955	2331	0.99100	1.14430	2.91392		
06:10:16	2000	3000	3333	9955	2286	0.99100	1.14437	2.91581		
06:10:26	2000	3000	3333	9955	2286	0.99100	1.14440	2.92309		
06:10:36	2000	3000	3333	9955	2331	0.99100	1.14351	2.91680		
06:10:46	2000	3000	3333	9955	2338	0.99100	1.14439	2.93120		
06:10:56	2000	3000	3333	9955	2310	0.99100	1.14399	2.91663		
06:11:07	2000	3000	3333	9955	2260	0.99100	1.14373	2.94381		
06:11:17	2000	3000	3333	9955	2216	0.99100	1.14433	2.91415		
06:11:27	2000	3000	3333	9955	2238	0.99100	1.14386	2.95716		
06:11:37	2000	3000	3333	9955	2253	0.99100	1.14428	2.95296		
06:11:47	2000	3000	3333	9955	2248	0.99100	1.14384	2.91843		
06:11:57	2000	3000	3333	9955	2235	0.99100	1.14350	2.92759		
06:12:08	2000	3000	3333	9955	2205	0.99100	1.14455	2.95676		
06:12:18	2000	3000	3333	9955	2160	0.99100	1.14441	2.89193		
06:12:28	2000	3000	3333	9955	2142	0.99100	1.14542	2.92991		
06:12:38	2000	3000	3333	9955	2105	0.99100	1.14445	2.82173		
06:12:48	2000	3000	3333	9955	2073	0.99100	1.14549	2.89483		
06:12:59	2000	3000	3333	9955	2054	0.99100	1.14542	2.94919		
06:13:09	2000	3000	3333	9955	2079	0.99100	1.14514	2.95184		
06:13:19	2000	3000	3333	9955	2131	0.99100	1.14476	2.94059		
06:13:29	2000	3000	3333	9955	2173	0.99100	1.14508	2.93606		
06:13:39	2000	3000	3333	9955	2206	0.99100	1.14454	2.94188		
06:13:50	2000	3000	3333	9955	2258	0.99100	1.14484	2.94619		
06:14:00	2000	3000	3333	9955	2303	0.99100	1.14472	2.92632		
06:14:10	2000	3000	3333	9955	2329	0.99100	1.14433	2.96921		
06:14:20	2000	3000	3333	9955	2355	0.99100	1.14475	2.95614		
06:14:30	2000	3000	3333	9955	2378	0.99100	1.14373	2.94190		
06:14:40	2000	3000	3333	9955	2399	0.99100	1.14377	2.94284		
06:14:51	2000	3000	3333	9955	2410	0.99100	1.14482	2.94583		
06:15:01	2000	3000	3333	9955	2414	0.99100	1.14383	2.94194		
06:15:11	2000	3000	3333	9955	2420	0.99100	1.14466	2.95623		
06:15:21	2000	3000	3333	9955	2427	0.99100	1.14431	2.97371		
06:15:31	2000	3000	3333	9955	2433	0.99100	1.14414	2.93139		
06:15:42	2000	3000	3333	9955	2442	0.99100	1.14472	2.94928		
06:15:52	2000	3000	3333	9955	2451	0.99100	1.14485	2.94377		
06:16:02	2000	3000	3333	9955	2459	0.99100	1.14366	2.95402		
06:16:12	2000	3000	3333	9955	2463	0.99100	1.14393	2.92787		
06:16:22	2000	3000	3333	9955	2465	0.99100	1.14421	2.93895		
06:16:33	2000	3000	3333	9955	2461	0.99100	1.14433	2.94211		
06:16:43	2000	3000	3333	9955	2457	0.99100	1.14380	2.89024		
06:16:53	2000	3000	3333	9955	2453	0.99100	1.14355	2.87822		
06:17:03	2000	3000	3333	9955	2453	0.99100	1.14402	2.90011		
06:17:13	2000	3000	3333	9955	2457	0.99100	1.14417	2.92383		
06:17:23	2000	3000	3333	9955	2459	0.99100	1.14397	2.92028		
06:17:33	2000	3000	3333	9955	2458	0.99100	1.14450	2.93770		
06:17:43	2000	3000	3333	9955	2462	0.99100	1.14380	2.94372		
06:17:53	2000	3000	3333	9955	2466	0.99100	1.14349	2.92514		
06:18:04	2000	3000	3333	9955	2467	0.99100	1.14456	2.94880		
06:18:14	2000	3000	3333	9955	2471	0.99100	1.14438	2.95312		
06:18:24	2000	3000	3333	9955	2476	0.99100	1.14330	2.94637		
06:18:34	2000	3000	3333	9955	2486	0.99100	1.14440	2.93897		
06:18:44	2000	3000	3333	9955	2500	0.99100	1.14404	2.91955		
06:18:54	2000	3000	3333	9955	2516	0.99100	1.14394	2.91083		
06:19:05	2000	3000	3333	9955	2536	0.99100	1.14427	2.91270		
06:19:15	2000	3000	3333	9955	2556	0.99100	1.14385	2.92392		
06:19:25	2000	3000	3333	9955	2578	0.99100	1.14359	2.92351		
06:19:35	2000	3000	3333	9955	2604	0.99100	1.14421	2.90157		
06:19:45	2000	3000	3333	9955	2619	0.99100	1.14374	2.88796		
06:19:56	2000	3000	3333	9955	2637	0.99100	1.14325	2.91601		
06:20:06	2000	3000	3333	9955	2654	0.99100	1.14317	2.92206		
06:20:16	2000	3000	3333	9955	2661	0.99100	1.14373	2.91381		
06:20:26	2000	3000	3333	9955	2679	0.99100	1.14480	2.94691		
06:20:36	2000	3000	3333	9955	2728	0.99100	1.14401	2.94648		
06:20:46	2000	3000	3333	9955	2767	0.99100	1.14360	2.93666		
06:20:57	2000	3000	3333	9955	2804	0.99100	1.14401	2.93493		
06:21:07	2000	3000	3333	9955	2839	0.99100	1.14420	2.94160		
06:21:17	2000	3000	3333	9955	2873	0.99100	1.14455	2.94106		
06:21:27	2000	3000	3333	9955	2905	0.99100	1.14449	2.94496		
06:21:37	2000	3000	3333	9955	2933	0.99100	1.14417	2.93344		
06:21:48	2000	3000	3333	9955	2954	0.99100	1.14377	2.93103		
06:21:58	2000	3000	3333	9955	2965	0.99100	1.14403	2.91128		
06:22:08	2000	3000	3333	9955	2967	0.99100	1.14366	2.91786		
06:22:18	2000	3000	3333	9955	2964	0.99100	1.14358	2.93282		
06:22:28	2000	3000	3333	9955	2958	0.99100	1.14416	2.91618		
06:22:39	2000	3000	3333	9955	2949	0.99100	1.14283	2.90276		
06:22:49	2000	3000	3333	9955	2938	0.99100	1.14414	2.95723		
06:22:59	2000	3000	3333	9955	2915	0.99100	1.14357	2.93136		
06:23:09	2000	3000	3333	9955	2901	0.99100	1.14420	2.91846		
06:23:19	2000	3000	3333	9955	2882	0.99100	1.14320	2.85804		
06:23:29	2000	3000	3333	9955	2864	0.99100	1.14317	2.88694		
06:23:40	2000	3000	3333	9955	2835	0.99100	1.14408	2.78928		
06:23:50	2000	3000	3333	9955	2817	0.99100	1.14372	2.88731		
06:24:00	2000	3000	3333	9955	2795	0.99100	1.14318	2.82934		
06:24:10	2000	3000	3333	9955	2774	0.99100	1.14442	2.88348		
06:24:20	2000	3000	3333	9955	2753	0.99100	1.14438	2.91089		
06:24:31	2000	3000	3333	9955	2734	0.99100	1.14283	2.87332		
06:24:41	2000	3000	3333	9955	2716	0.99100	1.14461	2.90421		
06:24:51	2000	3000	3333	9955	2687	0.99100	1.14378	2.90905		
06:25:01	2000	3000	3333	9955	2673	0.99100	1.14407	2.88527		
06:25:11	2000	3000	3333	9955	2648	0.99100	1.14389	2.89985		
06:25:22	2000	3000	3333	9955	2631	0.99100	1.14458	2.78739		
06:25:32	2000	3000	3333	9955	2614	0.99100	1.14390	2.86326		
06:25:42	2000	3000	3333	9955	2595	0.99100	1.14477	2.95024		
06:25:52	2000	3000	3333	9955	2577	0.99100	1.14411	2.93859		
06:26:02	2000	3000	3333	9955	2558	0.99100	1.14395	2.92872		
06:26:12	2000	3000	3333	9955	2538	0.99100	1.14446	2.95093		
06:26:23	2000	3000	3333	9955	2521	0.99100	1.14513	2.94587		
06:26:33	2000	3000	3333	9955	2506	0.99100	1.14422	2.92559		
06:26:43	2000	3000	3333	9955	2490	0.99100	1.14363	2.94421		
06:26:53	2000	3000	3333	9955	2471	0.99100	1.14365	2.92655		
06:27:03	2000	3000	3333	9955	2453	0.99100	1.14419	2.91964		
06:27:14	2000	3000	3333	9955	2437	0.99100	1.14377	2.94211		
06:27:24	2000	3000	3333	9955	2422	0.99100	1.14396	2.97408		
06:27:34	2000	3000	3333	9955	2411	0.99100	1.14316	2.92820		
06:27:44	2000	3000	3333	9955	2403	0.99100	1.14387	2.94771		
06:27:54	2000	3000	3333	9955	2397	0.99100	1.14333	2.93703		
06:28:04	2000	3000	3333	9955	2386	0.99100	1.14450	2.95659		
06:28:14	2000	3000	3333	9955	2380	0.99100	1.14303	2.95386		
06:28:24	2000	3000	3333	9955	2372	0.99100	1.14451	2.92098		
06:28:34	2000	3000	3333	9955	2368	0.99100	1.14478	2.96532		
06:28:45	2000	3000	3333	9955	2364	0.99100	1.14482	2.96825		
06:28:55	2000	3000	3333	9955	2360	0.99100	1.14433	2.93853		
06:29:05	2000	3000	3333	9955	2360	0.99100	1.14433	2.93853		
06:29:15	2000	3000	3333	9955	2353	0.99100	1.14516	2.94792		
06:29:25	2000	3000	3333	9955	2343	0.99100	1.14579	2.95326		
06:29:35	2000	3000	3333	9955	2323	0.99100	1.14508	2.91504		
06:29:45	2000	3000	3333	9955	2321	0.99100	1.14593	2.78977		
06:29:55	2000	3000	3333	9955	2321	0.99100	1.14544	2.80518		
06:30:05	2000	3000	3333	9955	2322	0.99100	1.14516	2.92383		
06:30:15	2000	3000	3333	9955	2316	0.99100	1.14545	2.91123		
06:30:25	2000	3000	3333	9955	2315	0.99100	1.14519	2.88649		
06:30:35	2000	3000	3333	9955	2316	0.99100	1.14418	2.87959		
06:30:45	2000	3000	3333	9955	2315	0.99100	1.14442	2.86372		
06:30:55	2000	3000	3333	9955	2312	0.99100	1.14493	2.86584		
06:31:05	2000	3000	3333	9955	2309	0.99100	1.14507	2.81385		
06:31:15	2000	3000	3333	9955	2308	0.99100	1.14505	2.89306		
06:31:26	2000	3000	3333	9955	2305	0.99100	1.14496	2.85839		
06:31:36	2000	3000	3333	9955	2305	0.99100	1.14476	2.89513		
06:31:46	2000	3000	3333	9955	2308	0.99100	1.14417	2.89902		
06:31:56	2000	3000	3333	9955	2301	0.99100	1.14433	2.93310		
06:32:06	2000	3000	3333	9955	2292	0.99100	1.14509	2.93820		
06:32:16	2000	3000	3333	9955	2281	0.99100	1.14384	2.93356		
06:32:27	2000	3000	3333	9955	2271	0.99100	1.14472	2.86546		
06:32:37	2000	3000	3333	9955	2251	0.99100	1.14434	2.89209		
06:32:47	2000	3000	3333	9955	2232	0.99100	1.14416	2.91201		
06:32:57	2000	3000	3333	9955	2216	0.99100	1.14451	2.91747		
06:33:07	2000	3000	3333	9955	2201	0.99100	1.14393	2.92661		
06:33:18	2000	3000	3333	9955	2210	0.99100	1.14385	2.92854		
06:33:28	2000	3000	3333	9955	2221	0.99100	1.14454	2.89839		
06:33:38	2000	3000	3333	9955	2231	0.99100	1.14366	2.91124		
06:33:48	2000	3000	3333	9955	2239	0.99100	1.14420	2.91305		
06:33:58	2000	3000	3333	9955	2249	0.99100	1.14465	2.91401		
06:34:08	2000	3000	3333	9955	2254	0.99100	1.14496	2.91858		
06:34:19	2000	3000	3333	9955	2255	0.99100	1.14468	2.94128		
06:34:29	2000	3000	3333	9955	2255	0.99100	1.14508	2.92160		
06:34:39	2000	3000	3333	9955	2260	0.99100	1.14444	2.91863		
06:34:49	2000	3000	3333	9955	2269	0.99100	1.14417	2.92878		
06:34:59	2000	3000	3333	9955	2277	0.99100	1.14329	2.92792		
06:35:10	2000	3000	3333	9955	2282	0.99100	1.14509	2.92672		
06:35:20	2000	3000	3333	9955	2285	0.99100	1.14489	2.93958		
06:35:30	2000	3000	3333	9955	2284	0.99100	1.14498	2.91220		
06:35:40	2000	3000	3333	9955	2281	0.99100	1.14478	2.96818		
06:35:50	2000	3000	3333	9955	2277	0.99100	1.14511	2.89834		
06:36:01	2000	3000	3333	9955	2274	0.99100	1.14502	2.92025		
06:36:11	2000	3000	3333	9955	2271	0.99100	1.14497	2.92744		
06:36:21	2000	3000	3333	9955	2267	0.99100	1.14473	2.89353		
06:36:31	2000	3000	3333	9955	2265	0.99100	1.14521	2.88407		
06:36:41	2000	3000	3333	9955	2263	0.99100	1.14514	2.92034		
06:36:51	2000	3000	3333	9955	2261	0.99100	1.14481	2.90712		
06:37:02	2000	3000	3333	9955	2260	0.99100	1.14426	2.88066		
06:37:12	2000	3000	3333	9955	2260	0.99100	1.14352	2.91926		
06:37:22	2000	3000	3333	9955	2259	0.99100	1.14365	2.90410		
06:37:32	2000	3000	3333	9955	2257	0.99100	1.14456	2.78506		
06:37:42	2000	3000	3333	9955	2260	0.99100	1.14372	2.78698		
06:37:53	2000	3000	3333	9955	2259	0.99100	1.14363	2.83684		
06:38:03	2000	3000	3333	9955	2258	0.99100	1.14394	2.84208		
06:38:13	2000	3000	3333	9955	2261	0.99100	1.14445	2.80492		
06:38:23	2000	3000	3333	9955	2266	0.99100	1.14423	2.80385		
06:38:33	2000	3000	3333	9955	2272	0.99100	1.14472	2.87297		
06:38:44	2000	3000	3333	9955	2278	0.99100	1.14380	2.80120		
06:38:54	2000	3000	3333	9955	2282	0.99100	1.14450	2.83774		
06:39:04	2000	3000	3333	9955	2293	0.99100	1.14381	2.83331		
06:39:14	2000	3000	3333	9955	2288	0.99100	1.14334	2.86236		
06:39:24	2000	3000	3333	9955	2271	0.99100	1.14470	2.86483		
06:39:34	2000	3000	3333	9955	2280	0.99100	1.14339	2.88691		
06:39:45	2000	3000	3333	9955	2298	0.99100	1.14411	2.87190		
06:39:55	2000	3000	3333	9955	2299	0.99100	1.14353	2.91028		
06:40:05	2000	3000	3333	9955	2300	0.99100	1.14302	2.91247		
06:40:15	2000	3000	3333	9955	2278	0.99100	1.14418	2.89190		
06:40:25	2000	3000	3333	9955	2289	0.99100	1.14370	2.91646		
06:40:36	2000	3000	3333	9955	2269	0.99100	1.14386	2.90303		
06:40:46	2000	3000	3333	9955	2286	0.99100	1.14404	2.90104		
06:40:56	2000	3000	3333	9955	2290	0.99100	1.14399	2.88979		
06:41:06	2000	3000	3333	9955	2289	0.99100	1.14387	2.90377		
06:41:16	2000	3000	3333	9955	2285	0.99100	1.14455	2.88131		
06:41:26	2000	3000	3333	9955	2277	0.99100	1.14357	2.93970		
06:41:37	2000	3000	3333	9955	2273	0.99100	1.14398	2.91111		
06:41:47	2000	3000	3333	9955	2272	0.99100	1.14430	2.91395		
06:41:57	2000	3000	3333	9955	2273	0.99100	1.14450	2.91143		
06:42:07	2000	3000	3333	9955	2276	0.99100	1.14427	2.89892		
06:42:17	2000	3000	3333	9955	2278	0.99100	1.14453	2.89173		
06:42:27	2000	3000	3333	9955	2279	0.99100	1.14343	2.92016		
06:42:37	2000	3000	3333	9955	2282	0.99100	1.14402	2.92797		
06:42:48	2000	3000	3333	9955	2285	0.99100	1.14393	2.93081		
06:42:58	2000	3000	3333	9955	2290	0.99100	1.14438	2.92082		
06:43:08	2000	3000	3333	9955	2295	0.99100	1.14461	2.90340		
06:43:18	2000	3000	3333	9955	2301	0.99100	1.14451	2.94389		
06:43:28	2000	3000	3333	9955	2306	0.99100	1.14408	2.91512		
06:43:38	2000	3000	3333	9955	2311	0.99100	1.14420	2.93918		
06:43:49	2000	3000	3333	9955	2312	0.99100	1.14356	2.92650		
06:43:59	2000	3000	3333	9955	2314	0.99100	1.14452	2.92461		
06:44:09	2000	3000	3333	9955	2316	0.99100	1.14419	2.92546		
06:44:19	2000	3000	3333	9955	2318	0.99100	1.14417	2.92334		
06:44:29	2000	3000	3333	9955	2321	0.99100	1.14456	2.93720		
06:44:40	2000	3000	3333	9955	2325	0.99100	1.14413	2.92901		
06:44:50	2000	3000	3333	9955	2328	0.99100	1.14459	2.92110		
06:45:00	2000	3000	3333	9955	2332	0.99100	1.14455	2.90698		
06:45:10	2000	3000	3333	9955	2336	0.99100	1.14497	2.90500		
06:45:20	2000	3000	3333	9955	2341	0.99100	1.14494	2.90941		
06:45:30	2000	3000	3333	9955	2347	0.99100	1.14461	2.92529		
06:45:41	2000	3000	3333	9955	2353	0.99100	1.14488	2.91787		
06:45:51	2000	3000	3333	9955	2356	0.99100	1.14513	2.90939		
06:46:01	2000	3000	3333	9955	2359	0.99100	1.14496	2.92205		
06:46:11	2000	3000	3333	9955	2361	0.99100	1.14537	2.92909		
06:46:21	2000	3000	3333	9955	2361	0.99100	1.14513	2.93218		
06:46:32	2000	3000	3333	9955	2360	0.99100	1.14563	2.92465		
06:46:42	2000	3000	3333	9955	2357	0.99100	1.14423	2.92958		
06:46:52	2000	3000	3333	9955	2354	0.99100	1.14442	2.89230		
06:47:02	2000	3000	3333	9955	2351	0.99100	1.14488	2.87490		
06:47:12	2000	3000	3333	9955	2348	0.99100	1.14455	2.89053		
06:47:23	2000	3000	3333	9955	2344	0.99100	1.14490	2.89515		
06:47:33	2000	3000	3333	9955	2340	0.99100	1.14511	2.90591		
06:47:43	2000	3000	3333	9955	2337	0.99100	1.14540	2.91065		
06:47:53	2000	3000	3333	9955	2333	0.99100	1.14509	2.90947		
06:48:03	2000	3000	3333	9955	2331	0.99100	1.14485	2.89625		
06:48:13	2000	3000	3333	9955	2330	0.99100	1.14534	2.90452		
06:48:24	2000	3000	3333	9955	2330	0.99100	1.14444	2.91444		
06:48:34	2000	3000	3333	9955	2330	0.99100	1.14444	2.91444		
06:48:44	2000	3000	3333	9955	2332	0.99100	1.14540	2.90996		
06:48:54	2000	3000	3333	9955	2334	0.99100	1.14499	2.91842		
06:49:04	2000	3000	3333	9955	2334	0.99100	1.14499	2.91842		
06:49:15	2000	3000	3333	9955	2336	0.99100	1.14583	2.90719		
06:49:25	2000	3000	3333	9955	2338	0.99100	1.14472	2.90091		
06:49:35	2000	3000	3333	9955	2339	0.99100	1.14516	2.91082		
06:49:45	2000	3000	3333	9955	2340	0.99100	1.14458	2.91189		
06:49:55	2000	3000	3333	9955	2341	0.99100	1.14531	2.94067		
06:50:06	2000	3000	3333	9955	2342	0.99100	1.14526	2.85694		
06:50:16	2000	3000	3333	9955	2342	0.99100	1.14565	2.83014		
06:50:26	2000	3000	3333	9955	2341	0.99100	1.14527	2.86027		
06:50:36	2000	3000	3333	9955	2332	0.99100	1.14573	2.78286		
06:50:46	2000	3000	3333	9955	2306	0.99100	1.14541	2.82742		
06:50:56	2000	3000	3333	9955	2281	0.99100	1.14515	2.85628		
06:51:07	2000	3000	3333	9955	2291	0.99100	1.14534	2.86225		
06:51:17	2000	3000	3333	9955	2279	0.99100	1.14485	2.85571		
06:51:27	2000	3000	3333	9955	2241	0.99100	1.14556	2.85493		
06:51:37	2000	3000	3333	9955	2158	0.99100	1.14510	2.89805		
06:51:47	2000	3000	3333	9955	2239	0.99100	1.14561	2.87176		
06:51:58	2000	3000	3333	9955	2236	0.99100	1.14521	2.90571		
06:52:08	2000	3000	3333	9955	2203	0.99100	1.14520	2.88640		
06:52:18	2000	3000	3333	9955	2192	0.99100	1.14534	2.90661		
06:52:28	2000	3000	3333	9955	2177	0.99100	1.14527	2.89558		
06:52:38	2000	3000	3333	9955	2148	0.99100	1.14547	2.89931		
06:52:48	2000	3000	3333	9955	2146	0.99100	1.14531	2.90782		
06:52:58	2000	3000	3333	9955	2176	0.99100	1.14502	2.93683		
06:53:08	2000	3000	3333	9955	2200	0.99100	1.14514	2.89730		
06:53:18	2000	3000	3333	9955	2220	0.99100	1.14475	2.91354		
06:53:29	2000	3000	3333	9955	2220	0.99100	1.14540	2.90434		
06:53:39	2000	3000	3333	9955	2214	0.99100	1.14547	2.90410		
06:53:49	2000	3000	3333	9955	2222	0.99100	1.14497	2.92996		
06:53:59	2000	3000	3333	9955	2245	0.99100	1.14511	2.90747		
06:54:09	2000	3000	3333	9955	2255	0.99100	1.14523	2.91107		
06:54:19	2000	3000	3333	9955	2254	0.99100	1.14546	2.91108		
06:54:29	2000	3000	3333	9955	2229	0.99100	1.14596	2.91291		
06:54:39	2000	3000	3333	9955	2167	0.99100	1.14599	2.89859		
06:54:49	2000	3000	3333	9955	2112	0.99100	1.14570	2.90072		
06:54:59	2000	3000	3333	9955	2111	0.99100	1.14582	2.90251		
06:55:09	2000	3000	3333	9955	2145	0.99100	1.14550	2.89760		
06:55:19	2000	3000	3333	9955	2147	0.99100	1.14473	2.89016		
06:55:29	2000	3000	3333	9955	2177	0.99100	1.14576	2.89409		
06:55:39	2000	3000	3333	9955	2182	0.99100	1.14576	2.89472		
06:55:49	2000	3000	3333	9955	2189	0.99100	1.14608	2.89445		
06:55:59	2000	3000	3333	9955	2172	0.99100	1.14625	2.89049		
06:56:09	2000	3000	3333	9955	2151	0.99100	1.14511	2.88911		
06:56:20	2000	3000	3333	9955	2138	0.99100	1.14540	2.88700		
06:56:30	2000	3000	3333	9955	2105	0.99100	1.14597	2.87398		
06:56:40	2000	3000	3333	9955	2017	0.99100	1.14598	2.82794		
06:56:50	2000	3000	3333	9955	1939	0.99100	1.14589	2.78557		
06:57:00	2000	3000	3333	9955	1902	0.99100	1.14532	2.81345		
06:57:10	2000	3000	3333	9955	1883	0.99100	1.14629	2.83311		
06:57:21	2000	3000	3333	9955	1896	0.99100	1.14556	2.84160		
06:57:31	2000	3000	3333	9955	1929	0.99100	1.14604	2.83950		
06:57:41	2000	3000	3333	9955	1976	0.99100	1.14606	2.84939		
06:57:51	2000	3000	3333	9955	2035	0.99100	1.14613	2.79951		
06:58:01	2000	3000	3333	9955	2099	0.99100	1.14588	2.86849		
06:58:12	2000	3000	3333	9955	2081	0.99100	1.14513	2.86972		
06:58:22	2000	3000	3333	9955	2033	0.99100	1.14572	2.87256		
06:58:32	2000	3000	3333	9955	2040	0.99100	1.14522	2.87746		
06:58:42	2000	3000	3333	9955	2048	0.99100	1.14607	2.87134		
06:58:52	2000	3000	3333	9955	2019	0.99100	1.14634	2.89015		
06:59:02	2000	3000	3333	9955	2064	0.99100	1.14590	2.88145		
06:59:13	2000	3000	3333	9955	2135	0.99100	1.14590	2.88888		
06:59:23	2000	3000	3333	9955	2179	0.99100	1.14577	2.87135		
06:59:33	2000	3000	3333	9955	2245	0.99100	1.14576	2.89363		
06:59:43	2000	3000	3333	9955	2316	0.99100	1.14495	2.86691		
06:59:53	2000	3000	3333	9955	2361	0.99100	1.14607	2.81595		
07:00:04	2000	3000	3333	9955	2386	0.99100	1.14593	2.85629		
07:00:14	2000	3000	3333	9955	2401	0.99100	1.14590	2.87156		
07:00:24	2000	3000	3333	9955	2324	0.99100	1.14501	2.88393		
07:00:34	2000	3000	3333	9955	2297	0.99100	1.14497	2.88140		
07:00:44	2000	3000	3333	9955	2326	0.99100	1.14534	2.85200		
07:00:55	2000	3000	3333	9955	2410	0.99100	1.14473	2.83284		
07:01:05	2000	3000	3333	9955	2476	0.99100	1.14546	2.75136		
07:01:15	2000	3000	3333	9955	2562	0.99100	1.14550	2.71570		
07:01:25	2000	3000	3333	9955	2648	0.99100	1.14547	2.84709		
07:01:35	2000	3000	3333	9955	2663	0.99100	1.14457	2.86369		
07:01:45	2000	3000	3333	9955	2666	0.99100	1.14539	2.85560		
07:01:56	2000	3000	3333	9955	2705	0.99100	1.14477	2.86244		
07:02:06	2000	3000	3333	9955	2706	0.99100	1.14521	2.87879		
07:02:16	2000	3000	3333	9955	2673	0.99100	1.14568	2.87408		
07:02:26	2000	3000	3333	9955	2679	0.99100	1.14545	2.85873		
07:02:36	2000	3000	3333	9955	2703	0.99100	1.14565	2.85592		
07:02:47	2000	3000	3333	9955	2742	0.99100	1.14568	2.81582		
07:02:57	2000	3000	3333	9955	2799	0.99100	1.14544	2.79539		
07:03:07	2000	3000	3333	9955	2775	0.99100	1.14496	2.86999		
07:03:17	2000	3000	3333	9955	2760	0.99100	1.14406	2.86213		
07:03:27	2000	3000	3333	9955	2737	0.99100	1.14376	2.78331		
07:03:38	2000	3000	3333	9955	2714	0.99100	1.14467	2.71195		
07:03:48	2000	3000	3333	9955	2666	0.99100	1.14509	2.76464		
07:03:58	2000	3000	3333	9955	2668	0.99100	1.14516	2.79897		
07:04:08	2000	3000	3333	9955	2643	0.99100	1.14472	2.78027		
07:04:18	2000	3000	3333	9955	2628	0.99100	1.14459	2.78795		
07:04:28	2000	3000	3333	9955	2689	0.99100	1.14567	2.80781		
07:04:39	2000	3000	3333	9955	2763	0.99100	1.14469	2.78195		
07:04:49	2000	3000	3333	9955	2750	0.99100	1.14440	2.81680		
07:04:59	2000	3000	3333	9955	2764	0.99100	1.14512	2.78296		
07:05:09	2000	3000	3333	9955	2794	0.99100	1.14424	2.76526		
07:05:19	2000	3000	3333	9955	2776	0.99100	1.14449	2.81315		
07:05:30	2000	3000	3333	9955	2838	0.99100	1.14485	2.83236		
07:05:40	2000	3000	3333	9955	2902	0.99100	1.14504	2.85316		
07:05:50	2000	3000	3333	9955	2926	0.99100	1.14425	2.86024		
07:06:00	2000	3000	3333	9955	2977	0.99100	1.14496	2.85291		
07:06:10	2000	3000	3333	9955	3028	0.99100	1.14469	2.85315		
07:06:20	2000	3000	3333	9955	3076	0.99100	1.14501	2.87610		
07:06:31	2000	3000	3333	9955	3092	0.99100	1.14503	2.85607		
07:06:41	2000	3000	3333	9955	3073	0.99100	1.14473	2.83658		
07:06:51	2000	3000	3333	9955	3053	0.99100	1.14477	2.84462		
07:07:01	2000	3000	3333	9955	3043	0.99100	1.14492	2.85962		
07:07:11	2000	3000	3333	9955	3016	0.99100	1.14389	2.86534		
07:07:21	2000	3000	3333	9955	2986	0.99100	1.14527	2.88218		
07:07:31	2000	3000	3333	9955	2994	0.99100	1.14459	2.87506		
07:07:41	2000	3000	3333	9955	2992	0.99100	1.14534	2.87501		
07:07:52	2000	3000	3333	9955	2986	0.99100	1.14545	2.86674		
07:08:02	2000	3000	3333	9955	3009	0.99100	1.14446	2.87264		
07:08:12	2000	3000	3333	9955	2990	0.99100	1.14495	2.89215		
07:08:22	2000	3000	3333	9955	3009	0.99100	1.14500	2.87960		
07:08:32	2000	3000	3333	9955	3038	0.99100	1.14533	2.88165		
07:08:42	2000	3000	3333	9955	3017	0.99100	1.14579	2.86430		
07:08:53	2000	3000	3333	9955	2991	0.99100	1.14544	2.83913		
07:09:03	2000	3000	3333	9955	2937	0.99100	1.14464	2.81369		
07:09:13	2000	3000	3333	9955	2930	0.99100	1.14471	2.75914		
07:09:23	2000	3000	3333	9955	2958	0.99100	1.14520	2.87882		
07:09:33	2000	3000	3333	9955	3007	0.99100	1.14482	2.88353		
07:09:44	2000	3000	3333	9955	3023	0.99100	1.14520	2.87771		
07:09:54	2000	3000	3333	9955	3050	0.99100	1.14551	2.87670		
07:10:04	2000	3000	3333	9955	3084	0.99100	1.14555	2.88300		
07:10:14	2000	3000	3333	9955	3127	0.99100	1.14411	2.88184		
07:10:24	2000	3000	3333	9955	3179	0.99100	1.14412	2.89496		
07:10:35	2000	3000	3333	9955	3249	0.99100	1.14489	2.88917		
07:10:45	2000	3000	3333	9955	3303	0.99100	1.14531	2.89303		
07:10:55	2000	3000	3333	9955	3374	0.99100	1.14558	2.90624		
07:11:05	2000	3000	3333	9955	3405	0.99100	1.14535	2.89683		
07:11:15	2000	3000	3333	9955	3443	0.99100	1.14576	2.91053		
07:11:25	2000	3000	3333	9955	3481	0.99100	1.14515	2.90681		
07:11:36	2000	3000	3333	9955	3486	0.99100	1.14486	2.91016		
07:11:46	2000	3000	3333	9955	3518	0.99100	1.14551	2.91997		
07:11:56	2000	3000	3333	9955	3538	0.99100	1.14554	2.91398		
07:12:06	2000	3000	3333	9955	3566	0.99100	1.14543	2.91021		
07:12:16	2000	3000	3333	9955	3577	0.99100	1.14521	2.91615		
07:12:27	2000	3000	3333	9955	3613	0.99100	1.14504	2.91079		
07:12:37	2000	3000	3333	9955	3634	0.99100	1.14543	2.92120		
07:12:47	2000	3000	3333	9955	3654	0.99100	1.14575	2.91766		
07:12:57	2000	3000	3333	9955	3648	0.99100	1.14454	2.93573		
07:13:07	2000	3000	3333	9955	3660	0.99100	1.14564	2.91071		
07:13:17	2000	3000	3333	9955	3659	0.99100	1.14568	2.93390		
07:13:28	2000	3000	3333	9955	3668	0.99100	1.14556	2.92272		
07:13:38	2000	3000	3333	9955	3668	0.99100	1.14572	2.91122		
07:13:48	2000	3000	3333	9955	3665	0.99100	1.14583	2.91128		
07:13:58	2000	3000	3333	9955	3639	0.99100	1.14478	2.92380		
07:14:08	2000	3000	3333	9955	3649	0.99100	1.14591	2.88546		
07:14:19	2000	3000	3333	9955	3662	0.99100	1.14528	2.84934		
07:14:29	2000	3000	3333	9955	3668	0.99100	1.14525	2.82679		
07:14:39	2000	3000	3333	9955	3665	0.99100	1.14586	2.81265		
07:14:49	2000	3000	3333	9955	3644	0.99100	1.14583	2.84296		
07:14:59	2000	3000	3333	9955	3550	0.99100	1.14517	2.81948		
07:15:10	2000	3000	3333	9955	3529	0.99100	1.14518	2.85844		
07:15:20	2000	3000	3333	9955	3529	0.99100	1.14601	2.86532		
07:15:30	2000	3000	3333	9955	3510	0.99100	1.14581	2.83175		
07:15:40	2000	3000	3333	9955	3478	0.99100	1.14579	2.85669		
07:15:50	2000	3000	3333	9955	3442	0.99100	1.14556	2.83180		
07:16:00	2000	3000	3333	9955	3432	0.99100	1.14558	2.84162		
07:16:11	2000	3000	3333	9955	3471	0.99100	1.14567	2.82758		
07:16:21	2000	3000	3333	9955	3488	0.99100	1.14491	2.85251		
07:16:31	2000	3000	3333	9955	3521	0.99100	1.14545	2.84191		
07:16:41	2000	3000	3333	9955	3533	0.99100	1.14542	2.85524		
07:16:51	2000	3000	3333	9955	3568	0.99100	1.14542	2.86770		
07:17:02	2000	3000	3333	9955	3583	0.99100	1.14587	2.87292		
07:17:12	2000	3000	3333	9955	3619	0.99100	1.14447	2.86121		
07:17:22	2000	3000	3333	9955	3614	0.99100	1.14508	2.84657		
07:17:32	2000	3000	3333	9955	3656	0.99100	1.14470	2.85354		
07:17:42	2000	3000	3333	9955	3691	0.99100	1.14515	2.85324		
07:17:52	2000	3000	3333	9955	3704	0.99100	1.14534	2.86161		
07:18:02	2000	3000	3333	9955	3707	0.99100	1.14587	2.86214		
07:18:12	2000	3000	3333	9955	3711	0.99100	1.14543	2.87492		
07:18:23	2000	3000	3333	9955	3717	0.99100	1.14603	2.87293		
07:18:33	2000	3000	3333	9955	3722	0.99100	1.14550	2.88413		
07:18:43	2000	3000	3333	9955	3727	0.99100	1.14539	2.88678		
07:18:53	2000	3000	3333	9955	3732	0.99100	1.14579	2.87290		
07:19:03	2000	3000	3333	9955	3732	0.99100	1.14526	2.86591		
07:19:13	2000	3000	3333	9955	3727	0.99100	1.14651	2.89019		
07:19:24	2000	3000	3333	9955	3721	0.99100	1.14545	2.89455		
07:19:34	2000	3000	3333	9955	3701	0.99100	1.14578	2.88171		
07:19:44	2000	3000	3333	9955	3676	0.99100	1.14642	2.87258		
07:19:54	2000	3000	3333	9955	3640	0.99100	1.14610	2.86559		
07:20:04	2000	3000	3333	9955	3620	0.99100	1.14618	2.90128		
07:20:15	2000	3000	3333	9955	3584	0.99100	1.14602	2.86578		
07:20:25	2000	3000	3333	9955	3549	0.99100	1.14498	2.88563		
07:20:35	2000	3000	3333	9955	3518	0.99100	1.14660	2.88089		
07:20:45	2000	3000	3333	9955	3512	0.99100	1.14586	2.87865		
07:20:55	2000	3000	3333	9955	3491	0.99100	1.14704	2.89580		
07:21:05	2000	3000	3333	9955	3489	0.99100	1.14700	2.83980		
07:21:16	2000	3000	3333	9955	3483	0.99100	1.14691	2.81605		
07:21:26	2000	3000	3333	9955	3488	0.99100	1.14687	2.86844		
07:21:36	2000	3000	3333	9955	3502	0.99100	1.14688	2.66422		
07:21:46	2000	3000	3333	9955	3516	0.99100	1.14544	2.81726		
07:21:56	2000	3000	3333	9955	3526	0.99100	1.14670	2.84296		
07:22:07	2000	3000	3333	9955	3547	0.99100	1.14663	2.82570		
07:22:17	2000	3000	3333	9955	3554	0.99100	1.14690	2.82847		
07:22:27	2000	3000	3333	9955	3558	0.99100	1.14669	2.76728		
07:22:37	2000	3000	3333	9955	3552	0.99100	1.14665	2.80355		
07:22:47	2000	3000	3333	9955	3560	0.99100	1.14642	2.65383		
07:22:58	2000	3000	3333	9955	3564	0.99100	1.14624	2.68349		
07:23:08	2000	3000	3333	9955	3558	0.99100	1.14654	2.77114		
07:23:18	2000	3000	3333	9955	3542	0.99100	1.14630	2.81350		
07:23:28	2000	3000	3333	9955	3532	0.99100	1.14577	2.75855		
07:23:38	2000	3000	3333	9955	3513	0.99100	1.14489	2.75112		
07:23:48	2000	3000	3333	9955	3478	0.99100	1.14624	2.73429		
07:23:59	2000	3000	3333	9955	3444	0.99100	1.14591	2.80225		
07:24:09	2000	3000	3333	9955	3418	0.99100	1.14601	2.76900		
07:24:19	2000	3000	3333	9955	3399	0.99100	1.14620	2.80914		
07:24:29	2000	3000	3333	9955	3374	0.99100	1.14646	2.75923		
07:24:39	2000	3000	3333	9955	3346	0.99100	1.14522	2.83777		
07:24:50	2000	3000	3333	9955	3305	0.99100	1.14571	2.82332		
07:25:00	2000	3000	3333	9955	3262	0.99100	1.14615	2.80568		
07:25:10	2000	3000	3333	9955	3215	0.99100	1.14508	2.81755		
07:25:20	2000	3000	3333	9955	3166	0.99100	1.14578	2.82970		
07:25:30	2000	3000	3333	9955	3124	0.99100	1.14560	2.80835		
07:25:41	2000	3000	3333	9955	3095	0.99100	1.14557	2.81203		
07:25:51	2000	3000	3333	9955	3065	0.99100	1.14538	2.81128		
07:26:01	2000	3000	3333	9955	3017	0.99100	1.14646	2.83934		
07:26:11	2000	3000	3333	9955	2929	0.99100	1.14477	2.81892		
07:26:21	2000	3000	3333	9955	2910	0.99100	1.14636	2.83031		
07:26:31	2000	3000	3333	9955	2878	0.99100	1.14632	2.84739		
07:26:42	2000	3000	3333	9955	2867	0.99100	1.14596	2.79240		
07:26:52	2000	3000	3333	9955	2819	0.99100	1.14574	2.84029		
07:27:02	2000	3000	3333	9955	2777	0.99100	1.14644	2.85048		
07:27:12	2000	3000	3333	9955	2723	0.99100	1.14583	2.82808		
07:27:22	2000	3000	3333	9955	2630	0.99100	1.14620	2.83487		
07:27:33	2000	3000	3333	9955	2561	0.99100	1.14627	2.83808		
07:27:43	2000	3000	3333	9955	2515	0.99100	1.14668	2.83927		
07:27:53	2000	3000	3333	9955	2443	0.99100	1.14640	2.82298		
07:28:03	2000	3000	3333	9955	2403	0.99100	1.14661	2.84344		
07:28:13	2000	3000	3333	9955	2372	0.99100	1.14591	2.81739		
07:28:23	2000	3000	3333	9955	2374	0.99100	1.14650	2.83874		
07:28:34	2000	3000	3333	9955	2389	0.99100	1.14572	2.82976		
07:28:44	2000	3000	3333	9955	2378	0.99100	1.14658	2.83758		
07:28:54	2000	3000	3333	9955	2353	0.99100	1.14566	2.81483		
07:29:04	2000	3000	3333	9955	2304	0.99100	1.14617	2.82916		
07:29:14	2000	3000	3333	9955	2282	0.99100	1.14678	2.82449		
07:29:24	2000	3000	3333	9955	2288	0.99100	1.14694	2.77846		
07:29:34	2000	3000	3333	9955	2308	0.99100	1.14664	2.79480		
07:29:45	2000	3000	3333	9955	2321	0.99100	1.14684	2.80181		
07:29:55	2000	3000	3333	9955	2321	0.99100	1.14684	2.80181		
07:30:05	2000	3000	3333	9955	2302	0.99100	1.14624	2.80727		
07:30:15	2000	3000	3333	9955	2284	0.99100	1.14626	2.77982		
07:30:25	2000	3000	3333	9955	2306	0.99100	1.14689	2.78085		
07:30:35	2000	3000	3333	9955	2329	0.99100	1.14666	2.72098		
07:30:45	2000	3000	3333	9955	2374	0.99100	1.14706	2.76361		
07:30:56	2000	3000	3333	9955	2379	0.99100	1.14585	2.77552		
07:31:06	2000	3000	3333	9955	2387	0.99100	1.14668	2.72788		
07:31:16	2000	3000	3333	9955	2375	0.99100	1.14634	2.80825		
07:31:26	2000	3000	3333	9955	2397	0.99100	1.14624	2.78544		
07:31:36	2000	3000	3333	9955	2441	0.99100	1.14549	2.79916		
07:31:47	2000	3000	3333	9955	2460	0.99100	1.14648	2.75785		
07:31:57	2000	3000	3333	9955	2478	0.99100	1.14553	2.75673		
07:32:07	2000	3000	3333	9955	2477	0.99100	1.14609	2.76526		
07:32:17	2000	3000	3333	9955	2466	0.99100	1.14600	2.81487		
07:32:27	2000	3000	3333	9955	2482	0.99100	1.14667	2.80077		
07:32:38	2000	3000	3333	9955	2504	0.99100	1.14651	2.65951		
07:32:48	2000	3000	3333	9955	2512	0.99100	1.14621	2.74305		
07:32:58	2000	3000	3333	9955	2499	0.99100	1.14657	2.74446		
07:33:08	2000	3000	3333	9955	2437	0.99100	1.14650	2.74176		
07:33:18	2000	3000	3333	9955	2454	0.99100	1.14641	2.78059		
07:33:28	2000	3000	3333	9955	2457	0.99100	1.14579	2.67021		
07:33:39	2000	3000	3333	9955	2468	0.99100	1.14603	2.71916		
07:33:49	2000	3000	3333	9955	2491	0.99100	1.14600	2.65396		
07:33:59	2000	3000	3333	9955	2508	0.99100	1.14542	2.64682		
07:34:09	2000	3000	3333	9955	2509	0.99100	1.14591	2.68178		
07:34:19	2000	3000	3333	9955	2502	0.99100	1.14639	2.71603		
07:34:30	2000	3000	3333	9955	2505	0.99100	1.14585	2.74864		
07:34:40	2000	3000	3333	9955	2488	0.99100	1.14620	2.72112		
07:34:50	2000	3000	3333	9955	2487	0.99100	1.14643	2.75844		
07:35:00	2000	3000	3333	9955	2493	0.99100	1.14615	2.74102		
07:35:10	2000	3000	3333	9955	2501	0.99100	1.14555	2.79990		
07:35:21	2000	3000	3333	9955	2486	0.99100	1.14596	2.82875		
07:35:31	2000	3000	3333	9955	2432	0.99100	1.14538	2.81191		
07:35:41	2000	3000	3333	9955	2415	0.99100	1.14591	2.80391		
07:35:51	2000	3000	3333	9955	2415	0.99100	1.14591	2.80391		
07:36:01	2000	3000	3333	9955	2407	0.99100	1.14644	2.73278		
07:36:11	2000	3000	3333	9955	2416	0.99100	1.14525	2.77227		
07:36:22	2000	3000	3333	9955	2403	0.99100	1.14531	2.83238		
07:36:32	2000	3000	3333	9955	2421	0.99100	1.14577	2.66326		
07:36:42	2000	3000	3333	9955	2422	0.99100	1.14527	2.62991		
07:36:52	2000	3000	3333	9955	2422	0.99100	1.14527	2.62991		
07:37:02	2000	3000	3333	9955	2413	0.99100	1.14557	2.77035		
07:37:13	2000	3000	3333	9955	2416	0.99100	1.14547	2.81968		
07:37:23	2000	3000	3333	9955	2415	0.99100	1.14597	2.81252		
07:37:33	2000	3000	3333	9955	2411	0.99100	1.14526	2.80854		
07:37:43	2000	3000	3333	9955	2405	0.99100	1.14540	2.84216		
07:37:53	2000	3000	3333	9955	2400	0.99100	1.14479	2.77391		
07:38:04	2000	3000	3333	9955	2395	0.99100	1.14525	2.79763		
07:38:14	2000	3000	3333	9955	2390	0.99100	1.14379	2.82473		
07:38:24	2000	3000	3333	9955	2384	0.99100	1.14563	2.83932		
07:38:34	2000	3000	3333	9955	2377	0.99100	1.14517	2.82354		
07:38:44	2000	3000	3333	9955	2377	0.99100	1.14517	2.82354		
10:04:08	2000	3000	3333	9955	1714	0.99100	1.14894	2.75412		
10:04:19	2000	3000	3333	9955	1713	0.99100	1.14917	2.74190		
10:04:29	2000	3000	3333	9955	1711	0.99100	1.14913	2.77246		
10:04:39	2000	3000	3333	9955	1710	0.99100	1.14810	2.75801		
10:04:49	2000	3000	3333	9955	1708	0.99100	1.14904	2.76630		
10:04:59	2000	3000	3333	9955	1707	0.99100	1.14932	2.76388		
10:05:09	2000	3000	3333	9955	1705	0.99100	1.14820	2.75478		
10:05:19	2000	3000	3333	9955	1703	0.99100	1.14843	2.74981		
10:05:29	2000	3000	3333	9955	1701	0.99100	1.14906	2.76675		
10:05:39	2000	3000	3333	9955	1699	0.99100	1.14955	2.77517		
10:05:50	2000	3000	3333	9955	1697	0.99100	1.14885	2.75485		
10:06:00	2000	3000	3333	9955	1696	0.99100	1.14846	2.76897		
10:06:10	2000	3000	3333	9955	1694	0.99100	1.14907	2.75512		
10:06:20	2000	3000	3333	9955	1692	0.99100	1.14969	2.75734		
10:06:30	2000	3000	3333	9955	1690	0.99100	1.14940	2.77341		
10:06:40	2000	3000	3333	9955	1688	0.99100	1.14984	2.76497		
10:06:50	2000	3000	3333	9955	1686	0.99100	1.14957	2.77288		
10:07:01	2000	3000	3333	9955	1684	0.99100	1.14992	2.77327		
10:07:11	2000	3000	3333	9955	1681	0.99100	1.14919	2.76643		
10:07:21	2000	3000	3333	9955	1679	0.99100	1.14997	2.77491		
10:07:31	2000	3000	3333	9955	1676	0.99100	1.15028	2.77045		
10:07:41	2000	3000	3333	9955	1673	0.99100	1.15003	2.75007		
10:07:51	2000	3000	3333	9955	1670	0.99100	1.14942	2.76954		
10:08:02	2000	3000	3333	9955	1667	0.99100	1.14878	2.75549		
10:08:12	2000	3000	3333	9955	1663	0.99100	1.14980	2.76092		
10:08:22	2000	3000	3333	9955	1657	0.99100	1.14835	2.75780		
10:08:32	2000	3000	3333	9955	1653	0.99100	1.14829	2.74815		
10:08:42	2000	3000	3333	9955	1651	0.99100	1.14955	2.78004		
10:08:53	2000	3000	3333	9955	1646	0.99100	1.14858	2.77021		
10:09:03	2000	3000	3333	9955	1643	0.99100	1.14897	2.77395		
10:09:13	2000	3000	3333	9955	1643	0.99100	1.14897	2.77395		
10:09:23	2000	3000	3333	9955	1635	0.99100	1.14968	2.76722		
10:09:33	2000	3000	3333	9955	1632	0.99100	1.14942	2.77131		
10:09:44	2000	3000	3333	9955	1628	0.99100	1.14933	2.76692		
10:09:54	2000	3000	3333	9955	1625	0.99100	1.15012	2.75386		
10:10:04	2000	3000	3333	9955	1623	0.99100	1.14885	2.76736		
10:10:14	2000	3000	3333	9955	1622	0.99100	1.14969	2.76053		
10:10:24	2000	3000	3333	9955	1621	0.99100	1.14922	2.75563		
10:10:34	2000	3000	3333	9955	1620	0.99100	1.14971	2.75368		
10:10:45	2000	3000	3333	9955	1620	0.99100	1.14916	2.76999		
10:10:55	2000	3000	3333	9955	1619	0.99100	1.14925	2.75393		
10:11:05	2000	3000	3333	9955	1619	0.99100	1.14973	2.75854		
10:11:15	2000	3000	3333	9955	1620	0.99100	1.14981	2.75786		
10:11:25	2000	3000	3333	9955	1622	0.99100	1.14912	2.75480		
10:11:36	2000	3000	3333	9955	1624	0.99100	1.14928	2.77060		
10:11:46	2000	3000	3333	9955	1626	0.99100	1.14981	2.73181		
10:11:56	2000	3000	3333	9955	1629	0.99100	1.14845	2.75516		
10:12:06	2000	3000	3333	9955	1632	0.99100	1.14976	2.78202		
10:12:16	2000	3000	3333	9955	1634	0.99100	1.14967	2.76822		
10:12:27	2000	3000	3333	9955	1636	0.99100	1.15009	2.79339		
10:12:37	2000	3000	3333	9955	1641	0.99100	1.14896	2.75000		
10:12:47	2000	3000	3333	9955	1643	0.99100	1.14879	2.73516		
10:12:57	2000	3000	3333	9955	1645	0.99100	1.15020	2.75125		
10:13:07	2000	3000	3333	9955	1648	0.99100	1.14893	2.72727		
10:13:17	2000	3000	3333	9955	1652	0.99100	1.14928	2.60536		
10:13:28	2000	3000	3333	9955	1655	0.99100	1.14935	2.66520		
10:13:38	2000	3000	3333	9955	1659	0.99100	1.15008	2.72994		
10:13:48	2000	3000	3333	9955	1663	0.99100	1.14947	2.72175		
10:13:58	2000	3000	3333	9955	1665	0.99100	1.14964	2.74453		
10:14:08	2000	3000	3333	9955	1664	0.99100	1.14984	2.67862		
10:14:19	2000	3000	3333	9955	1667	0.99100	1.14848	2.65406		
10:14:29	2000	3000	3333	9955	1670	0.99100	1.14918	2.65351		
10:14:39	2000	3000	3333	9955	1670	0.99100	1.14957	2.69091		
10:14:49	2000	3000	3333	9955	1664	0.99100	1.14996	2.67794		
10:14:59	2000	3000	3333	9955	1667	0.99100	1.14895	2.68261		
10:15:09	2000	3000	3333	9955	1667	0.99100	1.14908	2.60078		
10:15:20	2000	3000	3333	9955	1676	0.99100	1.14842	2.61893		
10:15:30	2000	3000	3333	9955	1676	0.99100	1.14943	2.74554		
10:15:40	2000	3000	3333	9955	1676	0.99100	1.14990	2.70993		
10:15:50	2000	3000	3333	9955	1676	0.99100	1.14918	2.73215		
10:16:00	2000	3000	3333	9955	1677	0.99100	1.14865	2.74441		
10:16:10	2000	3000	3333	9955	1678	0.99100	1.14890	2.74546		
10:16:20	2000	3000	3333	9955	1678	0.99100	1.14850	2.75250		
10:16:31	2000	3000	3333	9955	1679	0.99100	1.14861	2.74666		
10:16:41	2000	3000	3333	9955	1677	0.99100	1.14779	2.76295		
10:16:51	2000	3000	3333	9955	1676	0.99100	1.14912	2.76814		
10:17:01	2000	3000	3333	9955	1671	0.99100	1.15002	2.72040		
10:17:11	2000	3000	3333	9955	1672	0.99100	1.15032	2.71208		
10:17:21	2000	3000	3333	9955	1677	0.99100	1.15002	2.72311		
10:17:31	2000	3000	3333	9955	1677	0.99100	1.15002	2.72311		
10:17:42	2000	3000	3333	9955	1675	0.99100	1.14906	2.74558		
10:17:52	2000	3000	3333	9955	1673	0.99100	1.14847	2.73495		
10:18:02	2000	3000	3333	9955	1671	0.99100	1.14953	2.74017		
10:18:12	2000	3000	3333	9955	1670	0.99100	1.14944	2.73980		
10:18:22	2000	3000	3333	9955	1670	0.99100	1.14934	2.74363		
10:18:32	2000	3000	3333	9955	1671	0.99100	1.14965	2.74132		
10:18:43	2000	3000	3333	9955	1670	0.99100	1.14929	2.70080		
10:18:53	2000	3000	3333	9955	1669	0.99100	1.14863	2.76700		
10:19:03	2000	3000	3333	9955	1667	0.99100	1.14841	2.70579		
10:19:13	2000	3000	3333	9955	1669	0.99100	1.14922	2.73510		
10:19:23	2000	3000	3333	9955	1669	0.99100	1.14817	2.75767		
10:19:34	2000	3000	3333	9955	1668	0.99100	1.14859	2.75662		
10:19:44	2000	3000	3333	9955	1666	0.99100	1.14868	2.73869		
10:19:54	2000	3000	3333	9955	1664	0.99100	1.14918	2.71653		
10:20:04	2000	3000	3333	9955	1665	0.99100	1.14865	2.69420		
10:20:14	2000	3000	3333	9955	1668	0.99100	1.14846	2.76236		
10:20:24	2000	3000	3333	9955	1650	0.99100	1.14895	2.75855		
10:20:35	2000	3000	3333	9955	1665	0.99100	1.14879	2.77408		
10:20:45	2000	3000	3333	9955	1669	0.99100	1.14880	2.71495		
10:20:55	2000	3000	3333	9955	1671	0.99100	1.14958	2.69854		
10:21:05	2000	3000	3333	9955	1674	0.99100	1.14912	2.65818		
10:21:15	2000	3000	3333	9955	1676	0.99100	1.14920	2.67847		
10:21:26	2000	3000	3333	9955	1669	0.99100	1.14839	2.64743		
10:21:36	2000	3000	3333	9955	1675	0.99100	1.14849	2.67493		
10:21:46	2000	3000	3333	9955	1679	0.99100	1.14857	2.66450		
10:21:56	2000	3000	3333	9955	1677	0.99100	1.14911	2.68843		
10:22:06	2000	3000	3333	9955	1674	0.99100	1.14815	2.66862		
10:22:17	2000	3000	3333	9955	1677	0.99100	1.14828	2.65197		
10:22:27	2000	3000	3333	9955	1676	0.99100	1.14892	2.65331		
10:22:37	2000	3000	3333	9955	1680	0.99100	1.14878	2.63838		
10:22:47	2000	3000	3333	9955	1680	0.99100	1.14960	2.61940		
10:22:57	2000	3000	3333	9955	1679	0.99100	1.14875	2.64087		
10:23:07	2000	3000	3333	9955	1678	0.99100	1.14884	2.66151		
10:23:18	2000	3000	3333	9955	1677	0.99100	1.14858	2.62587		
10:23:28	2000	3000	3333	9955	1676	0.99100	1.14971	2.66963		
10:23:38	2000	3000	3333	9955	1675	0.99100	1.14938	2.66698		
10:23:48	2000	3000	3333	9955	1674	0.99100	1.14922	2.61465		
10:23:58	2000	3000	3333	9955	1672	0.99100	1.14965	2.63576		
10:24:09	2000	3000	3333	9955	1669	0.99100	1.14905	2.63617		
10:24:19	2000	3000	3333	9955	1666	0.99100	1.14964	2.65951		
10:24:29	2000	3000	3333	9955	1661	0.99100	1.15001	2.66324		
10:24:39	2000	3000	3333	9955	1656	0.99100	1.15040	2.66916		
10:24:49	2000	3000	3333	9955	1650	0.99100	1.14952	2.67762		
10:25:00	2000	3000	3333	9955	1646	0.99100	1.14972	2.67750		
10:25:10	2000	3000	3333	9955	1642	0.99100	1.15015	2.66618		
10:25:20	2000	3000	3333	9955	1637	0.99100	1.14991	2.69050		
10:25:30	2000	3000	3333	9955	1632	0.99100	1.14978	2.68574		
10:25:40	2000	3000	3333	9955	1629	0.99100	1.14986	2.67602		
10:25:50	2000	3000	3333	9955	1629	0.99100	1.14986	2.67602		
10:26:01	2000	3000	3333	9955	1622	0.99100	1.14986	2.69348		
10:26:11	2000	3000	3333	9955	1618	0.99100	1.14837	2.69933		
10:26:21	2000	3000	3333	9955	1618	0.99100	1.14837	2.69933		
14:28:32	2000	3000	3333	9955	2	0.99100	1.13505	3.06957		
14:28:42	2000	3000	3333	9955	2	0.99100	1.13682	3.07379		
14:28:52	2000	3000	3333	9955	2	0.99100	1.13553	3.08109		
14:29:02	2000	3000	3333	9955	2	0.99100	1.13776	3.07615		
14:29:12	2000	3000	3333	9955	2	0.99100	1.13953	3.07789		
14:29:23	2000	3000	3333	9955	2	0.99100	1.13803	3.06540		
14:29:33	2000	3000	3333	9955	2	0.99100	1.13656	3.01728		
14:29:43	2000	3000	3333	9955	2	0.99100	1.13823	3.03871		
14:29:53	2000	3000	3333	9955	2	0.99100	1.13707	3.05384		
14:30:03	2000	3000	3333	9955	2	0.99100	1.13552	3.06435		
14:30:13	2000	3000	3333	9955	2	0.99100	1.13580	3.07322		
14:30:24	2000	3000	3333	9955	2	0.99100	1.13580	3.07322		
14:30:34	2000	3000	3333	9955	2	0.99100	1.13740	3.07700		
14:30:44	2000	3000	3333	9955	2	0.99100	1.13693	3.07136		
14:30:54	2000	3000	3333	9955	2	0.99100	1.13688	3.08380		
14:31:04	2000	3000	3333	9955	2	0.99100	1.13832	3.07917		
14:31:15	2000	3000	3333	9955	2	0.99100	1.13686	3.09491		
14:31:25	2000	3000	3333	9955	2	0.99100	1.13822	3.07845		
14:31:35	2000	3000	3333	9955	2	0.99100	1.13647	3.09077		
14:31:45	2000	3000	3333	9955	2	0.99100	1.13456	3.08453		
14:31:55	2000	3000	3333	9955	2	0.99100	1.13627	3.07551		
14:32:05	2000	3000	3333	9955	2	0.99100	1.13552	3.07044		
14:32:16	2000	3000	3333	9955	2	0.99100	1.13588	3.07586		
14:32:26	2000	3000	3333	9955	2	0.99100	1.13729	3.08438		
14:32:36	2000	3000	3333	9955	2	0.99100	1.13531	3.09365		
14:32:46	2000	3000	3333	9955	2	0.99100	1.13759	3.09026		
14:32:56	2000	3000	3333	9955	2	0.99100	1.13739	3.09344		
14:33:07	2000	3000	3333	9955	2	0.99100	1.13782	3.08140		
14:33:17	2000	3000	3333	9955	2	0.99100	1.13876	3.04378		
14:33:27	2000	3000	3333	9955	2	0.99100	1.13579	2.93786		
14:33:37	2000	3000	3333	9955	2	0.99100	1.13407	2.97751		
14:33:47	2000	3000	3333	9955	2	0.99100	1.13496	2.98335		
14:33:58	2000	3000	3333	9955	2	0.99100	1.13897	3.02943		
14:34:08	2000	3000	3333	9955	2	0.99100	1.13589	3.06286		
14:34:18	2000	3000	3333	9955	2	0.99100	1.13777	3.06650		
14:34:28	2000	3000	3333	9955	2	0.99100	1.13747	3.07031		
14:34:38	2000	3000	3333	9955	2	0.99100	1.13546	3.08176		
14:34:48	2000	3000	3333	9955	2	0.99100	1.13283	3.08519		
14:34:59	2000	3000	3333	9955	2	0.99100	1.13535	3.08306		
14:35:09	2000	3000	3333	9955	2	0.99100	1.13695	3.08166		
14:35:19	2000	3000	3333	9955	2	0.99100	1.13695	3.08166		
14:35:29	2000	3000	3333	9955	2	0.99100	1.13560	3.08527		
14:35:39	2000	3000	3333	9955	2	0.99100	1.13805	3.07760		
14:35:50	2000	3000	3333	9955	2	0.99100	1.13629	3.07865		
14:36:00	2000	3000	3333	9955	2	0.99100	1.13973	3.07688		
14:36:10	2000	3000	3333	9955	2	0.99100	1.13744	3.08422		
14:36:20	2000	3000	3333	9955	2	0.99100	1.13668	3.08538		
14:36:30	2000	3000	3333	9955	2	0.99100	1.13523	3.08470		
14:36:41	2000	3000	3333	9955	2	0.99100	1.13807	3.07701		
14:36:51	2000	3000	3333	9955	2	0.99100	1.13918	3.08055		
14:37:01	2000	3000	3333	9955	2	0.99100	1.13684	3.08521		
14:37:11	2000	3000	3333	9955	2	0.99100	1.13762	3.08601		
14:37:21	2000	3000	3333	9955	2	0.99100	1.13553	3.08560		
14:37:31	2000	3000	3333	9955	2	0.99100	1.13493	3.08799		
14:37:42	2000	3000	3333	9955	2	0.99100	1.13648	3.08742		
14:37:52	2000	3000	3333	9955	2	0.99100	1.13651	3.08675		
14:38:02	2000	3000	3333	9955	2	0.99100	1.13499	3.09044		
14:38:12	2000	3000	3333	9955	2	0.99100	1.13646	3.08338		
14:38:22	2000	3000	3333	9955	2	0.99100	1.13610	3.08103		
14:38:32	2000	3000	3333	9955	2	0.99100	1.13715	3.08660		
14:38:42	2000	3000	3333	9955	2	0.99100	1.13698	3.08897		
14:38:52	2000	3000	3333	9955	2	0.99100	1.13728	3.08730		
14:39:02	2000	3000	3333	9955	2	0.99100	1.13598	3.08610		
14:39:13	2000	3000	3333	9955	2	0.99100	1.13563	3.08820		
14:39:23	2000	3000	3333	9955	2	0.99100	1.13605	3.08267		
14:39:33	2000	3000	3333	9955	2	0.99100	1.13694	3.08301		
14:39:43	2000	3000	3333	9955	2	0.99100	1.13587	3.08083		
14:39:53	2000	3000	3333	9955	2	0.99100	1.13893	3.07353		
14:40:04	2000	3000	3333	9955	2	0.99100	1.13559	3.07328		
14:40:14	2000	3000	3333	9955	2	0.99100	1.13895	3.07462		
14:40:24	2000	3000	3333	9955	2	0.99100	1.13788	3.07398		
14:40:34	2000	3000	3333	9955	2	0.99100	1.13716	3.07127		
14:40:44	2000	3000	3333	9955	2	0.99100	1.13625	3.06670		
14:40:55	2000	3000	3333	9955	2	0.99100	1.14021	3.01842		
14:41:05	2000	3000	3333	9955	2	0.99100	1.13991	3.05574		
14:41:15	2000	3000	3333	9955	2	0.99100	1.13633	3.03743		
14:41:25	2000	3000	3333	9955	2	0.99100	1.13700	3.04793		
14:41:35	2000	3000	3333	9955	2	0.99100	1.13579	3.06694		
14:41:45	2000	3000	3333	9955	2	0.99100	1.13957	3.06829		
14:41:56	2000	3000	3333	9955	2	0.99100	1.13632	3.07938		
14:42:06	2000	3000	3333	9955	2	0.99100	1.13598	3.08568		
14:42:16	2000	3000	3333	9955	2	0.99100	1.13806	3.08216		
14:42:26	2000	3000	3333	9955	2	0.99100	1.13879	3.08427		
14:42:36	2000	3000	3333	9955	2	0.99100	1.13620	3.08523		
14:42:47	2000	3000	3333	9955	2	0.99100	1.13820	3.08473		
14:42:57	2000	3000	3333	9955	2	0.99100	1.14078	3.07940		
14:43:07	2000	3000	3333	9955	2	0.99100	1.13782	3.08771		
14:43:17	2000	3000	3333	9955	2	0.99100	1.13622	3.08753		
14:43:27	2000	3000	3333	9955	2	0.99100	1.13674	3.09180		
14:43:38	2000	3000	3333	9955	2	0.99100	1.13827	3.08563		
14:43:48	2000	3000	3333	9955	2	0.99100	1.13823	3.08761		
14:43:58	2000	3000	3333	9955	2	0.99100	1.13617	3.08774		
14:44:08	2000	3000	3333	9955	2	0.99100	1.13678	3.08882		
14:44:18	2000	3000	3333	9955	2	0.99100	1.13751	3.09201		
14:44:28	2000	3000	3333	9955	2	0.99100	1.13526	3.09184		
14:44:39	2000	3000	3333	9955	2	0.99100	1.13459	3.09425		
14:44:49	2000	3000	3333	9955	2	0.99100	1.13818	3.08753		
14:44:59	2000	3000	3333	9955	2	0.99100	1.13461	3.09266		
14:45:09	2000	3000	3333	9955	2	0.99100	1.14059	3.08713		
14:45:19	2000	3000	3333	9955	2	0.99100	1.13803	3.08775		
14:45:30	2000	3000	3333	9955	2	0.99100	1.13603	3.08990		
14:45:40	2000	3000	3333	9955	2	0.99100	1.13858	3.08790		
14:45:50	2000	3000	3333	9955	2	0.99100	1.13959	3.08852		
14:46:00	2000	3000	3333	9955	2	0.99100	1.14003	3.08565		
14:46:10	2000	3000	3333	9955	2	0.99100	1.13653	3.09136		
14:46:20	2000	3000	3333	9955	2	0.99100	1.13608	3.09190		
14:46:31	2000	3000	3333	9955	2	0.99100	1.13857	3.09205		
14:46:41	2000	3000	3333	9955	2	0.99100	1.13847	3.08546		
14:46:51	2000	3000	3333	9955	2	0.99100	1.13614	3.07845		
14:47:01	2000	3000	3333	9955	2	0.99100	1.13801	3.08518		
14:47:11	2000	3000	3333	9955	2	0.99100	1.13946	3.02324		
14:47:22	2000	3000	3333	9955	2	0.99100	1.13739	3.00965		
14:47:32	2000	3000	3333	9955	2	0.99100	1.13759	3.05939		
14:47:42	2000	3000	3333	9955	2	0.99100	1.13937	3.07624		
14:47:52	2000	3000	3333	9955	2	0.99100	1.13707	3.06215		
14:48:02	2000	3000	3333	9955	2	0.99100	1.13808	3.08080		
14:48:13	2000	3000	3333	9955	2	0.99100	1.13826	3.08573		
14:48:23	2000	3000	3333	9955	2	0.99100	1.13681	3.08832		
14:48:33	2000	3000	3333	9955	2	0.99100	1.13695	3.08475		
14:48:43	2000	3000	3333	9955	2	0.99100	1.13713	3.09064		
14:48:53	2000	3000	3333	9955	2	0.99100	1.13738	3.09006		
14:49:03	2000	3000	3333	9955	2	0.99100	1.13590	3.09446		
14:49:14	2000	3000	3333	9955	2	0.99100	1.13821	3.09044		
14:49:24	2000	3000	3333	9955	2	0.99100	1.13725	3.09049		
14:49:34	2000	3000	3333	9955	2	0.99100	1.13755	3.08790		
14:49:44	2000	3000	3333	9955	2	0.99100	1.13504	3.08980		
14:49:54	2000	3000	3333	9955	2	0.99100	1.13673	3.09127		
14:50:04	2000	3000	3333	9955	2	0.99100	1.13862	3.08704		
14:50:14	2000	3000	3333	9955	2	0.99100	1.13819	3.07514		
14:50:24	2000	3000	3333	9955	2	0.99100	1.13819	3.07514		
14:50:34	2000	3000	3333	9955	2	0.99100	1.13608	3.08730		
14:50:44	2000	3000	3333	9955	2	0.99100	1.13643	3.08938		
14:50:54	2000	3000	3333	9955	2	0.99100	1.13676	3.08374		
14:51:04	2000	3000	3333	9955	2	0.99100	1.13919	3.08795		
14:51:14	2000	3000	3333	9955	2	0.99100	1.13719	3.08843		
14:51:24	2000	3000	3333	9955	2	0.99100	1.13719	3.08843		
14:51:34	2000	3000	3333	9955	2	0.99100	1.13879	3.08851		
14:51:45	2000	3000	3333	9955	2	0.99100	1.13879	3.08851		
14:51:55	2000	3000	3333	9955	2	0.99100	1.13879	3.08851		
14:52:15	2000	3000	3333	9955	2	0.99100	1.13857	3.09065		
14:52:25	2000	3000	3333	9955	2	0.99100	1.13857	3.09065		
14:52:36	2000	3000	3333	9955	2	0.99100	1.13857	3.09065		
14:52:46	2000	3000	3333	9955	2	0.99100	1.13886	3.08172		
14:52:56	2000	3000	3333	9955	2	0.99100	1.13471	3.09037		
14:53:06	2000	3000	3333	9955	2	0.99100	1.13977	3.08064		
14:53:16	2000	3000	3333	9955	2	0.99100	1.13944	3.07403		
14:53:27	2000	3000	3333	9955	2	0.99100	1.13510	3.07853		
14:53:37	2000	3000	3333	9955	2	0.99100	1.13682	3.05568		
14:53:47	2000	3000	3333	9955	2	0.99100	1.14070	3.07109		
14:53:57	2000	3000	3333	9955	2	0.99100	1.13657	3.06490		
14:54:07	2000	3000	3333	9955	2	0.99100	1.13658	3.05294		
14:54:17	2000	3000	3333	9955	2	0.99100	1.13519	3.06638		
14:54:28	2000	3000	3333	9955	2	0.99100	1.13689	3.06272		
14:54:38	2000	3000	3333	9955	2	0.99100	1.13510	3.05030		
14:54:48	2000	3000	3333	9955	2	0.99100	1.13656	3.06508		
14:54:58	2000	3000	3333	9955	2	0.99100	1.13566	3.06831		
14:55:08	2000	3000	3333	9955	2	0.99100	1.13832	3.06577		
14:55:19	2000	3000	3333	9955	2	0.99100	1.13794	3.07187		
14:55:29	2000	3000	3333	9955	2	0.99100	1.13642	3.06904		
14:55:39	2000	3000	3333	9955	2	0.99100	1.13642	3.06904		
14:55:49	2000	3000	3333	9955	2	0.99100	1.13410	3.08644		
14:55:59	2000	3000	3333	9955	2	0.99100	1.13908	3.07504		
14:56:10	2000	3000	3333	9955	2	0.99100	1.13657	3.08278		
14:56:20	2000	3000	3333	9955	2	0.99100	1.13796	3.08611		
14:56:30	2000	3000	3333	9955	2	0.99100	1.13494	3.09287		
14:56:40	2000	3000	3333	9955	2	0.99100	1.13742	3.09199		
14:56:50	2000	3000	3333	9955	2	0.99100	1.13395	3.09533		
14:57:00	2000	3000	3333	9955	2	0.99100	1.14015	3.08606		
14:57:11	2000	3000	3333	9955	2	0.99100	1.13924	3.08685		
14:57:21	2000	3000	3333	9955	2	0.99100	1.13664	3.09342		
14:57:31	2000	3000	3333	9955	2	0.99100	1.13664	3.09342		
