

			DELHI AIRPORT : 30 m Base line


Time	RVR	 MOR	RVR	MOR	BLM	Trf	 Ref(v)	PD(v)
	(limited)	(limited)	(actual)	(actual)

00:00:10	2000	3000	3333	9955	2	0.99100	1.12620	3.01283		
00:00:20	2000	3000	3333	9955	2	0.99100	1.12814	3.00314		
00:00:30	2000	3000	3333	9955	2	0.99100	1.12761	3.00218		
00:00:41	2000	3000	3333	9955	2	0.99100	1.12738	3.00312		
00:00:51	2000	3000	3333	9955	2	0.99100	1.12641	3.00605		
00:01:01	2000	3000	3333	9955	2	0.99100	1.12766	3.00305		
00:01:11	2000	3000	3333	9955	2	0.99100	1.12237	3.00824		
00:01:21	2000	3000	3333	9955	2	0.99100	1.12342	3.00443		
00:01:31	2000	3000	3333	9955	2	0.99100	1.12220	3.00397		
00:01:41	2000	3000	3333	9955	2	0.99100	1.12733	3.00151		
00:01:51	2000	3000	3333	9955	2	0.99100	1.12934	2.99263		
00:02:01	2000	3000	3333	9955	2	0.99100	1.13011	3.00322		
00:02:11	2000	3000	3333	9955	2	0.99100	1.13037	2.99544		
00:02:22	2000	3000	3333	9955	2	0.99100	1.12326	3.00049		
00:02:32	2000	3000	3333	9955	2	0.99100	1.12484	2.99031		
00:02:42	2000	3000	3333	9955	2	0.99100	1.12591	2.99784		
00:02:52	2000	3000	3333	9955	2	0.99100	1.12623	2.99600		
00:03:02	2000	3000	3333	9955	2	0.99100	1.12656	2.99396		
00:03:13	2000	3000	3333	9955	2	0.99100	1.12471	2.99909		
00:03:23	2000	3000	3333	9955	2	0.99100	1.12679	3.00472		
00:03:33	2000	3000	3333	9955	2	0.99100	1.12297	3.01270		
00:03:43	2000	3000	3333	9955	2	0.99100	1.12581	3.00973		
00:03:53	2000	3000	3333	9955	2	0.99100	1.12925	3.00227		
00:04:04	2000	3000	3333	9955	2	0.99100	1.12482	3.00719		
00:04:14	2000	3000	3333	9955	2	0.99100	1.12855	3.00371		
00:04:24	2000	3000	3333	9955	2	0.99100	1.12518	3.01331		
00:04:34	2000	3000	3333	9955	2	0.99100	1.12423	3.01297		
00:04:44	2000	3000	3333	9955	2	0.99100	1.12755	3.00294		
00:04:54	2000	3000	3333	9955	2	0.99100	1.12840	3.00507		
00:05:04	2000	3000	3333	9955	2	0.99100	1.12757	3.00377		
00:05:15	2000	3000	3333	9955	2	0.99100	1.12217	3.01271		
00:05:25	2000	3000	3333	9955	2	0.99100	1.12820	3.00437		
00:05:35	2000	3000	3333	9955	2	0.99100	1.12957	3.00337		
00:05:45	2000	3000	3333	9955	2	0.99100	1.12810	3.00602		
00:05:55	2000	3000	3333	9955	2	0.99100	1.12636	3.00547		
00:06:06	2000	3000	3333	9955	2	0.99100	1.12499	3.00644		
00:06:16	2000	3000	3333	9955	2	0.99100	1.12844	3.00078		
00:06:26	2000	3000	3333	9955	2	0.99100	1.12394	3.00963		
00:06:36	2000	3000	3333	9955	2	0.99100	1.12703	3.00286		
00:06:46	2000	3000	3333	9955	2	0.99100	1.12718	3.00274		
00:06:56	2000	3000	3333	9955	2	0.99100	1.12949	3.00057		
00:07:07	2000	3000	3333	9955	2	0.99100	1.12491	3.00532		
00:07:17	2000	3000	3333	9955	2	0.99100	1.12855	3.00089		
00:07:27	2000	3000	3333	9955	2	0.99100	1.12470	3.00345		
00:07:37	2000	3000	3333	9955	2	0.99100	1.13048	2.99707		
00:07:47	2000	3000	3333	9955	2	0.99100	1.12877	3.00042		
00:07:58	2000	3000	3333	9955	2	0.99100	1.12925	2.99694		
00:08:08	2000	3000	3333	9955	2	0.99100	1.12724	2.99826		
00:08:18	2000	3000	3333	9955	2	0.99100	1.12284	3.00590		
00:08:28	2000	3000	3333	9955	2	0.99100	1.12700	3.00221		
00:08:38	2000	3000	3333	9955	2	0.99100	1.12627	3.00246		
00:08:49	2000	3000	3333	9955	2	0.99100	1.12662	3.00245		
00:08:59	2000	3000	3333	9955	2	0.99100	1.12665	3.00206		
00:09:09	2000	3000	3333	9955	2	0.99100	1.12648	3.00185		
00:09:19	2000	3000	3333	9955	2	0.99100	1.12647	3.00168		
00:09:29	2000	3000	3333	9955	2	0.99100	1.12810	3.00257		
00:09:39	2000	3000	3333	9955	2	0.99100	1.12805	3.00332		
00:09:50	2000	3000	3333	9955	2	0.99100	1.12623	3.00621		
00:10:00	2000	3000	3333	9955	2	0.99100	1.12827	3.00200		
00:10:10	2000	3000	3333	9955	2	0.99100	1.12648	3.00549		
00:10:20	2000	3000	3333	9955	2	0.99100	1.12635	3.00691		
00:10:30	2000	3000	3333	9955	2	0.99100	1.12692	3.00420		
00:10:41	2000	3000	3333	9955	2	0.99100	1.12711	3.00453		
00:10:51	2000	3000	3333	9955	2	0.99100	1.12763	3.00360		
00:11:01	2000	3000	3333	9955	2	0.99100	1.12968	2.99894		
00:11:11	2000	3000	3333	9955	2	0.99100	1.12905	3.00079		
00:11:21	2000	3000	3333	9955	2	0.99100	1.12676	3.00330		
00:11:31	2000	3000	3333	9955	2	0.99100	1.12294	3.00688		
00:11:42	2000	3000	3333	9955	2	0.99100	1.12534	3.00396		
00:11:52	2000	3000	3333	9955	2	0.99100	1.12694	3.00240		
00:12:02	2000	3000	3333	9955	2	0.99100	1.12835	3.00080		
00:12:12	2000	3000	3333	9955	2	0.99100	1.12792	2.99952		
00:12:22	2000	3000	3333	9955	2	0.99100	1.12809	3.00205		
00:12:33	2000	3000	3333	9955	2	0.99100	1.13008	3.00022		
00:12:43	2000	3000	3333	9955	2	0.99100	1.12523	3.00442		
00:12:53	2000	3000	3333	9955	2	0.99100	1.12703	3.00130		
00:13:03	2000	3000	3333	9955	2	0.99100	1.12590	3.00692		
00:13:13	2000	3000	3333	9955	2	0.99100	1.12835	2.99901		
00:13:23	2000	3000	3333	9955	2	0.99100	1.13110	2.99465		
00:13:33	2000	3000	3333	9955	2	0.99100	1.13095	2.99748		
00:13:43	2000	3000	3333	9955	2	0.99100	1.12719	3.00079		
00:13:53	2000	3000	3333	9955	2	0.99100	1.12870	3.00054		
00:14:04	2000	3000	3333	9955	2	0.99100	1.12811	2.99861		
00:14:14	2000	3000	3333	9955	2	0.99100	1.12848	3.00171		
00:14:24	2000	3000	3333	9955	2	0.99100	1.13091	2.99957		
00:14:34	2000	3000	3333	9955	2	0.99100	1.12605	3.00526		
00:14:44	2000	3000	3333	9955	2	0.99100	1.13093	3.00052		
00:14:55	2000	3000	3333	9955	2	0.99100	1.13103	2.99907		
00:15:05	2000	3000	3333	9955	2	0.99100	1.12853	3.00100		
00:15:15	2000	3000	3333	9955	2	0.99100	1.12749	3.00237		
00:15:25	2000	3000	3333	9955	2	0.99100	1.12915	2.99680		
00:15:35	2000	3000	3333	9955	2	0.99100	1.12796	2.99715		
00:15:45	2000	3000	3333	9955	2	0.99100	1.12967	2.99400		
00:15:56	2000	3000	3333	9955	2	0.99100	1.13022	2.99056		
00:16:06	2000	3000	3333	9955	2	0.99100	1.12824	2.99297		
00:16:16	2000	3000	3333	9955	2	0.99100	1.12806	2.99849		
00:16:26	2000	3000	3333	9955	2	0.99100	1.13020	2.99522		
00:16:36	2000	3000	3333	9955	2	0.99100	1.12844	2.99623		
00:16:46	2000	3000	3333	9955	2	0.99100	1.12495	3.00318		
00:16:57	2000	3000	3333	9955	2	0.99100	1.12501	3.00492		
00:17:07	2000	3000	3333	9955	2	0.99100	1.12632	3.00271		
00:17:17	2000	3000	3333	9955	2	0.99100	1.12952	3.00083		
00:17:27	2000	3000	3333	9955	2	0.99100	1.13084	2.99712		
00:17:37	2000	3000	3333	9955	2	0.99100	1.12669	3.00148		
00:17:48	2000	3000	3333	9955	2	0.99100	1.13012	3.00043		
00:17:58	2000	3000	3333	9955	2	0.99100	1.12937	2.99920		
00:18:08	2000	3000	3333	9955	2	0.99100	1.12772	2.99949		
00:18:18	2000	3000	3333	9955	2	0.99100	1.12810	2.99803		
00:18:28	2000	3000	3333	9955	2	0.99100	1.12810	2.99803		
00:18:39	2000	3000	3333	9955	2	0.99100	1.12810	2.99803		
00:18:59	2000	3000	3333	9955	2	0.99100	1.13180	2.99799		
00:19:09	2000	3000	3333	9955	2	0.99100	1.12626	3.00643		
00:19:19	2000	3000	3333	9955	2	0.99100	1.12986	2.99839		
00:19:29	2000	3000	3333	9955	2	0.99100	1.12921	2.99494		
00:19:40	2000	3000	3333	9955	2	0.99100	1.13042	2.99479		
00:19:50	2000	3000	3333	9955	2	0.99100	1.12797	2.99720		
00:20:00	2000	3000	3333	9955	2	0.99100	1.12797	2.99720		
00:20:10	2000	3000	3333	9955	2	0.99100	1.12804	3.00171		
00:20:20	2000	3000	3333	9955	2	0.99100	1.12633	3.00408		
00:20:31	2000	3000	3333	9955	2	0.99100	1.12526	3.00902		
00:20:41	2000	3000	3333	9955	2	0.99100	1.12621	3.01183		
00:20:51	2000	3000	3333	9955	2	0.99100	1.12310	3.01356		
00:21:01	2000	3000	3333	9955	2	0.99100	1.12315	3.01360		
00:21:11	2000	3000	3333	9955	2	0.99100	1.12715	3.01223		
00:21:22	2000	3000	3333	9955	2	0.99100	1.12783	3.01009		
00:21:32	2000	3000	3333	9955	2	0.99100	1.12640	3.01177		
00:21:42	2000	3000	3333	9955	2	0.99100	1.13004	3.00482		
00:21:52	2000	3000	3333	9955	2	0.99100	1.12748	3.00927		
00:22:02	2000	3000	3333	9955	2	0.99100	1.12900	3.00993		
00:22:12	2000	3000	3333	9955	2	0.99100	1.12726	3.01365		
00:22:23	2000	3000	3333	9955	2	0.99100	1.12817	3.01438		
00:22:33	2000	3000	3333	9955	2	0.99100	1.13055	3.00406		
00:22:43	2000	3000	3333	9955	2	0.99100	1.13109	3.00534		
00:22:53	2000	3000	3333	9955	2	0.99100	1.12520	3.01356		
00:23:03	2000	3000	3333	9955	2	0.99100	1.12698	3.01132		
00:23:14	2000	3000	3333	9955	2	0.99100	1.13135	3.00513		
00:23:24	2000	3000	3333	9955	2	0.99100	1.12984	3.01150		
00:23:34	2000	3000	3333	9955	2	0.99100	1.12780	3.00893		
00:23:44	2000	3000	3333	9955	2	0.99100	1.12762	3.00418		
00:23:54	2000	3000	3333	9955	2	0.99100	1.12674	3.00533		
00:24:04	2000	3000	3333	9955	2	0.99100	1.12958	2.99386		
00:24:14	2000	3000	3333	9955	2	0.99100	1.12667	2.98734		
00:24:24	2000	3000	3333	9955	2	0.99100	1.12941	2.97749		
00:24:34	2000	3000	3333	9955	2	0.99100	1.12931	2.97401		
00:24:44	2000	3000	3333	9955	2	0.99100	1.13029	2.97514		
00:24:55	2000	3000	3333	9955	2	0.99100	1.12928	2.98948		
00:25:05	2000	3000	3333	9955	2	0.99100	1.13030	2.99039		
00:25:15	2000	3000	3333	9955	2	0.99100	1.12783	2.99667		
00:25:25	2000	3000	3333	9955	2	0.99100	1.13013	2.99397		
00:25:35	2000	3000	3333	9955	2	0.99100	1.12985	2.99413		
00:25:45	2000	3000	3333	9955	2	0.99100	1.12959	3.00248		
00:25:55	2000	3000	3333	9955	2	0.99100	1.13055	2.99683		
00:26:05	2000	3000	3333	9955	2	0.99100	1.12894	2.99648		
00:26:15	2000	3000	3333	9955	2	0.99100	1.13019	2.99445		
00:26:26	2000	3000	3333	9955	2	0.99100	1.12929	2.99857		
00:26:36	2000	3000	3333	9955	2	0.99100	1.13003	2.98967		
00:26:46	2000	3000	3333	9955	2	0.99100	1.12814	2.98828		
00:26:56	2000	3000	3333	9955	2	0.99100	1.12920	2.99495		
00:27:06	2000	3000	3333	9955	2	0.99100	1.12781	3.00111		
00:27:17	2000	3000	3333	9955	2	0.99100	1.13022	2.99872		
00:27:27	2000	3000	3333	9955	2	0.99100	1.12989	2.99562		
00:27:37	2000	3000	3333	9955	2	0.99100	1.12931	2.99957		
00:27:47	2000	3000	3333	9955	2	0.99100	1.13071	2.99636		
00:27:57	2000	3000	3333	9955	2	0.99100	1.13004	2.99610		
00:28:07	2000	3000	3333	9955	2	0.99100	1.12841	2.99925		
00:28:18	2000	3000	3333	9955	2	0.99100	1.12568	3.00408		
00:28:28	2000	3000	3333	9955	2	0.99100	1.12910	2.99714		
00:28:38	2000	3000	3333	9955	2	0.99100	1.12618	3.00094		
00:28:48	2000	3000	3333	9955	2	0.99100	1.12794	2.99990		
00:28:58	2000	3000	3333	9955	2	0.99100	1.12742	2.99763		
00:29:08	2000	3000	3333	9955	2	0.99100	1.12672	3.00118		
00:29:19	2000	3000	3333	9955	2	0.99100	1.12776	2.99812		
00:29:29	2000	3000	3333	9955	2	0.99100	1.12762	2.99332		
00:29:39	2000	3000	3333	9955	2	0.99100	1.12878	2.99667		
00:29:49	2000	3000	3333	9955	2	0.99100	1.12868	2.99768		
00:29:59	2000	3000	3333	9955	2	0.99100	1.12918	2.99955		
00:30:10	2000	3000	3333	9955	2	0.99100	1.12749	2.99910		
00:30:20	2000	3000	3333	9955	2	0.99100	1.13019	2.99337		
00:30:30	2000	3000	3333	9955	2	0.99100	1.12718	2.99569		
00:30:40	2000	3000	3333	9955	2	0.99100	1.12512	2.99999		
00:30:50	2000	3000	3333	9955	2	0.99100	1.12710	2.99832		
00:31:00	2000	3000	3333	9955	2	0.99100	1.12884	2.99658		
00:31:11	2000	3000	3333	9955	2	0.99100	1.12542	2.99970		
00:31:21	2000	3000	3333	9955	2	0.99100	1.12832	2.99667		
00:31:31	2000	3000	3333	9955	2	0.99100	1.13130	2.99491		
00:31:41	2000	3000	3333	9955	2	0.99100	1.13021	2.99413		
00:31:51	2000	3000	3333	9955	2	0.99100	1.12864	2.99218		
00:32:02	2000	3000	3333	9955	2	0.99100	1.12746	3.00125		
00:32:12	2000	3000	3333	9955	2	0.99100	1.12653	2.99789		
00:32:22	2000	3000	3333	9955	2	0.99100	1.12578	2.99514		
00:32:32	2000	3000	3333	9955	2	0.99100	1.12753	3.00051		
00:32:42	2000	3000	3333	9955	2	0.99100	1.12833	3.00065		
00:32:53	2000	3000	3333	9955	2	0.99100	1.12495	3.00053		
00:33:03	2000	3000	3333	9955	2	0.99100	1.12452	3.00009		
00:33:13	2000	3000	3333	9955	2	0.99100	1.12898	2.99640		
00:33:23	2000	3000	3333	9955	2	0.99100	1.12665	2.99685		
00:33:33	2000	3000	3333	9955	2	0.99100	1.12642	2.99093		
00:33:43	2000	3000	3333	9955	2	0.99100	1.12665	2.98840		
00:33:54	2000	3000	3333	9955	2	0.99100	1.12634	2.98223		
00:34:04	2000	3000	3333	9955	2	0.99100	1.12806	2.98444		
00:34:14	2000	3000	3333	9955	2	0.99100	1.12756	2.98997		
00:34:24	2000	3000	3333	9955	2	0.99100	1.12843	2.99513		
00:34:34	2000	3000	3333	9955	2	0.99100	1.12929	2.99454		
00:34:45	2000	3000	3333	9955	2	0.99100	1.12510	3.00668		
00:34:55	2000	3000	3333	9955	2	0.99100	1.12459	3.00792		
00:35:05	2000	3000	3333	9955	2	0.99100	1.12391	3.00862		
00:35:15	2000	3000	3333	9955	2	0.99100	1.13209	3.00055		
00:35:25	2000	3000	3333	9955	2	0.99100	1.12784	3.00471		
00:35:36	2000	3000	3333	9955	2	0.99100	1.12757	3.00820		
00:35:46	2000	3000	3333	9955	2	0.99100	1.12537	3.01186		
00:35:56	2000	3000	3333	9955	2	0.99100	1.12863	3.00396		
00:36:06	2000	3000	3333	9955	2	0.99100	1.12950	3.00464		
00:36:16	2000	3000	3333	9955	2	0.99100	1.13044	3.00321		
00:36:26	2000	3000	3333	9955	2	0.99100	1.12758	3.00830		
00:36:36	2000	3000	3333	9955	2	0.99100	1.12954	3.00629		
00:36:46	2000	3000	3333	9955	2	0.99100	1.12469	3.01404		
00:36:56	2000	3000	3333	9955	2	0.99100	1.13236	3.00254		
00:37:07	2000	3000	3333	9955	2	0.99100	1.12904	3.00438		
00:37:17	2000	3000	3333	9955	2	0.99100	1.12965	3.00873		
00:37:27	2000	3000	3333	9955	2	0.99100	1.13188	3.00344		
00:37:37	2000	3000	3333	9955	2	0.99100	1.12712	3.01423		
00:37:47	2000	3000	3333	9955	2	0.99100	1.12979	3.00621		
00:37:58	2000	3000	3333	9955	2	0.99100	1.12876	2.99918		
00:38:08	2000	3000	3333	9955	2	0.99100	1.12462	2.99712		
00:38:18	2000	3000	3333	9955	2	0.99100	1.12816	2.98853		
00:38:28	2000	3000	3333	9955	2	0.99100	1.12913	2.98793		
00:38:38	2000	3000	3333	9955	2	0.99100	1.12864	2.98984		
00:38:49	2000	3000	3333	9955	2	0.99100	1.12864	2.98984		
00:38:59	2000	3000	3333	9955	2	0.99100	1.12647	2.99640		
00:39:09	2000	3000	3333	9955	2	0.99100	1.12827	2.99870		
00:39:19	2000	3000	3333	9955	2	0.99100	1.12887	2.99979		
00:39:29	2000	3000	3333	9955	2	0.99100	1.12959	3.00056		
00:39:39	2000	3000	3333	9955	2	0.99100	1.12650	3.00889		
00:39:49	2000	3000	3333	9955	2	0.99100	1.12316	3.01055		
00:40:00	2000	3000	3333	9955	2	0.99100	1.12660	3.01698		
00:40:10	2000	3000	3333	9955	2	0.99100	1.12750	3.00904		
00:40:20	2000	3000	3333	9955	2	0.99100	1.12354	3.00972		
00:40:30	2000	3000	3333	9955	2	0.99100	1.12347	3.00850		
00:40:40	2000	3000	3333	9955	2	0.99100	1.12539	3.01065		
00:40:51	2000	3000	3333	9955	2	0.99100	1.12849	3.00565		
00:41:01	2000	3000	3333	9955	2	0.99100	1.12508	3.00413		
00:41:11	2000	3000	3333	9955	2	0.99100	1.13053	2.98254		
00:41:21	2000	3000	3333	9955	2	0.99100	1.12563	2.98106		
00:41:31	2000	3000	3333	9955	2	0.99100	1.12712	2.99147		
00:41:42	2000	3000	3333	9955	2	0.99100	1.12847	2.99709		
00:41:52	2000	3000	3333	9955	2	0.99100	1.12640	3.00483		
00:42:02	2000	3000	3333	9955	2	0.99100	1.12406	3.00415		
00:42:12	2000	3000	3333	9955	2	0.99100	1.12163	3.01937		
00:42:22	2000	3000	3333	9955	2	0.99100	1.12743	2.99328		
00:42:32	2000	3000	3333	9955	2	0.99100	1.12613	2.99260		
00:42:43	2000	3000	3333	9955	2	0.99100	1.12868	2.98416		
00:42:53	2000	3000	3333	9955	2	0.99100	1.12788	2.98593		
00:43:03	2000	3000	3333	9955	2	0.99100	1.12771	2.98715		
00:43:13	2000	3000	3333	9955	2	0.99100	1.12622	2.99867		
00:43:23	2000	3000	3333	9955	3	0.99100	1.12966	2.98452		
00:43:34	2000	3000	3333	9955	3	0.99100	1.12364	3.00265		
00:43:44	2000	3000	3333	9955	4	0.99100	1.12723	3.00541		
00:43:54	2000	3000	3333	9955	4	0.99100	1.12678	3.00593		
00:44:04	2000	3000	3333	9955	4	0.99100	1.12704	3.01464		
00:44:14	2000	3000	3333	9955	5	0.99100	1.12534	3.01296		
00:44:25	2000	3000	3333	9955	5	0.99100	1.12550	3.00961		
00:44:35	2000	3000	3333	9955	6	0.99100	1.12121	3.01208		
00:44:45	2000	3000	3333	9955	6	0.99100	1.13090	2.99223		
00:44:55	2000	3000	3333	9955	7	0.99100	1.12681	2.99630		
00:45:05	2000	3000	3333	9955	7	0.99100	1.12252	3.00657		
00:45:15	2000	3000	3333	9955	7	0.99100	1.12664	2.99829		
00:45:26	2000	3000	3333	9955	8	0.99100	1.12734	2.99310		
00:45:36	2000	3000	3333	9955	8	0.99100	1.12302	3.00088		
00:45:46	2000	3000	3333	9955	9	0.99100	1.12454	2.98485		
00:45:56	2000	3000	3333	9955	10	0.99100	1.12810	2.98465		
00:46:06	2000	3000	3333	9955	10	0.99100	1.12468	2.98656		
00:46:17	2000	3000	3333	9955	11	0.99100	1.12001	2.99715		
00:46:27	2000	3000	3333	9955	11	0.99100	1.12736	2.99816		
00:46:37	2000	3000	3333	9955	12	0.99100	1.12669	2.98991		
00:46:47	2000	3000	3333	9955	12	0.99100	1.12534	2.99819		
00:46:57	2000	3000	3333	9955	13	0.99100	1.12582	2.99797		
00:47:07	2000	3000	3333	9955	14	0.99100	1.12692	3.00430		
00:47:18	2000	3000	3333	9955	14	0.99100	1.12631	3.00260		
00:47:28	2000	3000	3333	9955	15	0.99100	1.12668	2.99775		
00:47:38	2000	3000	3333	9955	16	0.99100	1.12844	2.99918		
00:47:48	2000	3000	3333	9955	16	0.99100	1.12715	3.00045		
00:47:58	2000	3000	3333	9955	16	0.99100	1.12715	3.00045		
00:48:08	2000	3000	3333	9955	18	0.99100	1.12772	2.99532		
00:48:18	2000	3000	3333	9955	18	0.99100	1.12206	3.00390		
00:48:28	2000	3000	3333	9955	19	0.99100	1.12398	3.00377		
00:48:38	2000	3000	3333	9955	20	0.99100	1.12631	3.00352		
00:48:48	2000	3000	3333	9955	20	0.99100	1.12545	2.99924		
00:48:58	2000	3000	3333	9955	21	0.99100	1.12676	3.00623		
00:49:09	2000	3000	3333	9955	22	0.99100	1.12677	3.00916		
00:49:19	2000	3000	3333	9955	23	0.99100	1.12598	3.01413		
00:49:29	2000	3000	3333	9955	24	0.99100	1.12783	3.01260		
00:49:39	2000	3000	3333	9955	25	0.99100	1.12413	3.01662		
00:49:49	2000	3000	3333	9955	25	0.99100	1.13036	3.00952		
00:50:00	2000	3000	3333	9955	26	0.99100	1.12626	3.01804		
00:50:10	2000	3000	3333	9955	27	0.99100	1.12742	3.01434		
00:50:20	2000	3000	3333	9955	28	0.99100	1.12823	3.01621		
00:50:30	2000	3000	3333	9955	29	0.99100	1.12592	3.01484		
00:50:40	2000	3000	3333	9955	30	0.99100	1.12592	3.01911		
00:50:51	2000	3000	3333	9955	31	0.99100	1.12644	3.02292		
00:51:01	2000	3000	3333	9955	32	0.99100	1.12524	3.01912		
00:51:11	2000	3000	3333	9955	33	0.99100	1.12934	3.01277		
00:51:21	2000	3000	3333	9955	33	0.99100	1.12504	3.01866		
00:51:31	2000	3000	3333	9955	34	0.99100	1.12843	3.01159		
00:51:41	2000	3000	3333	9955	35	0.99100	1.12928	3.00008		
00:51:51	2000	3000	3333	9955	36	0.99100	1.12591	2.99969		
00:52:02	2000	3000	3333	9955	37	0.99100	1.12503	2.99745		
00:52:12	2000	3000	3333	9955	38	0.99100	1.12360	3.00368		
00:52:22	2000	3000	3333	9955	39	0.99100	1.12512	3.00105		
00:52:32	2000	3000	3333	9955	41	0.99100	1.12378	2.99938		
00:52:42	2000	3000	3333	9955	42	0.99100	1.12447	3.00733		
00:52:53	2000	3000	3333	9955	43	0.99100	1.12444	3.01630		
00:53:03	2000	3000	3333	9955	44	0.99100	1.12869	3.01476		
00:53:13	2000	3000	3333	9955	45	0.99100	1.12536	3.01919		
00:53:23	2000	3000	3333	9955	45	0.99100	1.12536	3.01919		
00:53:33	2000	3000	3333	9955	47	0.99100	1.12889	3.00856		
00:53:44	2000	3000	3333	9955	48	0.99100	1.12476	3.02488		
00:53:54	2000	3000	3333	9955	51	0.99100	1.12621	3.02604		
00:54:04	2000	3000	3333	9955	51	0.99100	1.12621	3.02604		
00:54:14	2000	3000	3333	9955	53	0.99100	1.12809	3.02219		
00:54:24	2000	3000	3333	9955	55	0.99100	1.12380	3.02189		
00:54:34	2000	3000	3333	9955	56	0.99100	1.12397	3.01908		
00:54:45	2000	3000	3333	9955	57	0.99100	1.12437	3.02061		
00:54:55	2000	3000	3333	9955	59	0.99100	1.12617	3.01734		
00:55:05	2000	3000	3333	9955	60	0.99100	1.12857	3.02310		
00:55:15	2000	3000	3333	9955	61	0.99100	1.12398	3.02673		
00:55:25	2000	3000	3333	9955	63	0.99100	1.12718	3.02149		
00:55:36	2000	3000	3333	9955	64	0.99100	1.12051	3.02907		
00:55:46	2000	3000	3333	9955	66	0.99100	1.12909	3.01334		
00:55:56	2000	3000	3333	9955	67	0.99100	1.12181	3.01975		
00:56:06	2000	3000	3333	9955	69	0.99100	1.12548	3.01153		
00:56:16	2000	3000	3333	9955	70	0.99100	1.12558	3.01144		
00:56:27	2000	3000	3333	9955	72	0.99100	1.12321	3.00915		
00:56:37	2000	3000	3333	9955	74	0.99100	1.12584	3.01190		
00:56:47	2000	3000	3333	9955	75	0.99100	1.12869	3.00584		
00:56:57	2000	3000	3333	9955	77	0.99100	1.12720	3.00135		
00:57:07	2000	3000	3333	9955	79	0.99100	1.12310	3.00093		
00:57:17	2000	3000	3333	9955	80	0.99100	1.12374	3.00783		
00:57:28	2000	3000	3333	9955	80	0.99100	1.12374	3.00783		
00:57:38	2000	3000	3333	9955	84	0.99100	1.12548	3.01003		
00:57:48	2000	3000	3333	9955	84	0.99100	1.12548	3.01003		
00:57:58	2000	3000	3333	9955	87	0.99100	1.12169	3.01450		
00:58:08	2000	3000	3333	9955	89	0.99100	1.12788	3.00989		
00:58:19	2000	3000	3333	9955	91	0.99100	1.12555	3.01391		
00:58:29	2000	3000	3333	9955	93	0.99100	1.12388	3.01515		
00:58:39	2000	3000	3333	9955	93	0.99100	1.12388	3.01515		
00:58:49	2000	3000	3333	9955	96	0.99100	1.12819	3.00677		
00:58:59	2000	3000	3333	9955	98	0.99100	1.12296	3.02368		
00:59:10	2000	3000	3333	9955	100	0.99100	1.13003	3.01538		
00:59:20	2000	3000	3333	9955	102	0.99100	1.12835	3.01612		
00:59:30	2000	3000	3333	9955	104	0.99100	1.11732	3.03508		
00:59:40	2000	3000	3333	9955	106	0.99100	1.12308	3.02233		
00:59:50	2000	3000	3333	9955	108	0.99100	1.12742	3.01085		
01:00:00	2000	3000	3333	9955	110	0.99100	1.12883	3.00310		
01:00:10	2000	3000	3333	9955	112	0.99100	1.12517	2.99625		
01:00:20	2000	3000	3333	9955	114	0.99100	1.12484	3.00014		
01:00:30	2000	3000	3333	9955	116	0.99100	1.12541	3.00869		
01:00:40	2000	3000	3333	9955	118	0.99100	1.12511	3.01474		
01:00:50	2000	3000	3333	9955	120	0.99100	1.12237	3.02098		
01:01:00	2000	3000	3333	9955	122	0.99100	1.12511	3.01717		
01:01:10	2000	3000	3333	9955	124	0.99100	1.12326	3.00895		
01:01:21	2000	3000	3333	9955	126	0.99100	1.12416	3.00612		
01:01:31	2000	3000	3333	9955	128	0.99100	1.12876	2.99079		
01:01:41	2000	3000	3333	9955	130	0.99100	1.12227	2.99053		
01:01:51	2000	3000	3333	9955	132	0.99100	1.12181	2.98055		
01:02:01	2000	3000	3333	9955	135	0.99100	1.12237	2.98223		
01:02:11	2000	3000	3333	9955	137	0.99100	1.11819	2.97391		
01:02:22	2000	3000	3333	9955	139	0.99100	1.12016	2.98821		
01:02:32	2000	3000	3333	9955	141	0.99100	1.12562	2.98525		
01:02:42	2000	3000	3333	9955	143	0.99100	1.12682	2.99647		
01:02:52	2000	3000	3333	9955	145	0.99100	1.12555	3.00077		
01:03:02	2000	3000	3333	9955	147	0.99100	1.12186	3.01052		
01:03:13	2000	3000	3333	9955	149	0.99100	1.12163	3.02182		
01:03:23	2000	3000	3333	9955	151	0.99100	1.12137	3.02092		
01:03:33	2000	3000	3333	9955	154	0.99100	1.12297	3.01505		
01:03:43	2000	3000	3333	9955	156	0.99100	1.12441	3.01745		
01:03:53	2000	3000	3333	9955	158	0.99100	1.12165	3.01745		
01:04:03	2000	3000	3333	9955	161	0.99100	1.12186	3.01176		
01:04:13	2000	3000	3333	9955	163	0.99100	1.11895	3.00654		
01:04:24	2000	3000	3333	9955	165	0.99100	1.12515	2.99139		
01:04:34	2000	3000	3333	9955	168	0.99100	1.12449	2.99501		
01:04:44	2000	3000	3333	9955	170	0.99100	1.12482	2.99402		
01:04:54	2000	3000	3333	9955	172	0.99100	1.12853	2.99058		
01:05:04	2000	3000	3333	9955	175	0.99100	1.12370	2.99984		
01:05:15	2000	3000	3333	9955	177	0.99100	1.12333	3.00738		
01:05:25	2000	3000	3333	9955	180	0.99100	1.11959	3.01967		
01:05:35	2000	3000	3333	9955	182	0.99100	1.12579	3.00965		
01:05:45	2000	3000	3333	9955	185	0.99100	1.12217	3.01591		
01:05:55	2000	3000	3333	9955	188	0.99100	1.12643	3.00977		
01:06:05	2000	3000	3333	9955	193	0.99100	1.12555	3.00448		
01:06:16	2000	3000	3333	9955	195	0.99100	1.12432	3.00646		
01:06:26	2000	3000	3333	9955	198	0.99100	1.12402	3.00726		
01:06:36	2000	3000	3333	9955	201	0.99100	1.11967	3.00552		
01:06:46	2000	3000	3333	9955	203	0.99100	1.12172	2.99865		
01:06:56	2000	3000	3333	9955	206	0.99100	1.12386	3.00244		
01:07:07	2000	3000	3333	9955	209	0.99100	1.12136	3.00360		
01:07:17	2000	3000	3333	9955	212	0.99100	1.12076	3.00855		
01:07:27	2000	3000	3333	9955	215	0.99100	1.12532	3.00435		
01:07:37	2000	3000	3333	9955	218	0.99100	1.12306	3.00984		
01:07:47	2000	3000	3333	9955	220	0.99100	1.11570	3.01791		
01:07:58	2000	3000	3333	9955	223	0.99100	1.11990	3.00999		
01:08:08	2000	3000	3333	9955	226	0.99100	1.11694	3.01455		
01:08:18	2000	3000	3333	9955	229	0.99100	1.11840	3.01221		
01:08:28	2000	3000	3333	9955	232	0.99100	1.12351	3.01071		
01:08:38	2000	3000	3333	9955	235	0.99100	1.12292	3.00996		
01:08:48	2000	3000	3333	9955	238	0.99100	1.12228	3.01665		
01:08:59	2000	3000	3333	9955	241	0.99100	1.11852	3.01647		
01:09:09	2000	3000	3333	9955	244	0.99100	1.11988	3.01155		
01:09:19	2000	3000	3333	9955	248	0.99100	1.11736	3.01335		
01:09:29	2000	3000	3333	9955	251	0.99100	1.11970	3.01549		
01:09:39	2000	3000	3333	9955	254	0.99100	1.12051	3.01124		
01:09:50	2000	3000	3333	9955	257	0.99100	1.12417	3.00381		
01:10:00	2000	3000	3333	9955	260	0.99100	1.12019	3.01081		
01:10:10	2000	3000	3333	9955	264	0.99100	1.11832	3.01645		
01:10:20	2000	3000	3333	9955	267	0.99100	1.11984	3.01203		
01:10:30	2000	3000	3333	9955	270	0.99100	1.12078	3.01591		
01:10:41	2000	3000	3333	9955	273	0.99100	1.12236	3.01450		
01:10:51	2000	3000	3333	9955	276	0.99100	1.11993	3.01917		
01:11:01	2000	3000	3333	9955	280	0.99100	1.11778	3.02131		
01:11:11	2000	3000	3333	9955	283	0.99100	1.12083	3.02422		
01:11:21	2000	3000	3333	9955	287	0.99100	1.12369	3.02241		
01:11:31	2000	3000	3333	9955	290	0.99100	1.12254	3.02714		
01:11:42	2000	3000	3333	9955	294	0.99100	1.12101	3.02930		
01:11:52	2000	3000	3333	9955	297	0.99100	1.12088	3.03232		
01:12:02	2000	3000	3333	9955	300	0.99100	1.11773	3.03606		
01:12:12	2000	3000	3333	9955	303	0.99100	1.12341	3.02919		
01:12:22	2000	3000	3333	9955	307	0.99100	1.12183	3.03135		
01:12:32	2000	3000	3333	9955	310	0.99100	1.11976	3.03577		
01:12:42	2000	3000	3333	9955	313	0.99100	1.11884	3.03427		
01:12:52	2000	3000	3333	9955	316	0.99100	1.12316	3.03176		
01:13:02	2000	3000	3333	9955	320	0.99100	1.12109	3.03508		
01:13:12	2000	3000	3333	9955	323	0.99100	1.12443	3.03263		
01:13:22	2000	3000	3333	9955	327	0.99100	1.12255	3.03516		
01:13:33	2000	3000	3333	9955	331	0.99100	1.12140	3.03466		
01:13:43	2000	3000	3333	9955	334	0.99100	1.12216	3.03554		
01:13:53	2000	3000	3333	9955	338	0.99100	1.12241	3.03728		
01:14:03	2000	3000	3333	9955	341	0.99100	1.12015	3.03866		
01:14:13	2000	3000	3333	9955	344	0.99100	1.11743	3.03993		
01:14:24	2000	3000	3333	9955	348	0.99100	1.12167	3.04143		
01:14:34	2000	3000	3333	9955	351	0.99100	1.11749	3.05121		
01:14:44	2000	3000	3333	9955	354	0.99100	1.12095	3.04403		
01:14:54	2000	3000	3333	9955	358	0.99100	1.12133	3.04565		
01:15:04	2000	3000	3333	9955	358	0.99100	1.12133	3.04565		
01:15:15	2000	3000	3333	9955	366	0.99100	1.12421	3.04072		
01:15:25	2000	3000	3333	9955	369	0.99100	1.12563	3.04013		
01:15:35	2000	3000	3333	9955	373	0.99100	1.12010	3.04544		
01:15:45	2000	3000	3333	9955	377	0.99100	1.12005	3.04472		
01:15:55	2000	3000	3333	9955	380	0.99100	1.11677	3.05403		
01:16:05	2000	3000	3333	9955	384	0.99100	1.12000	3.04648		
01:16:15	2000	3000	3333	9955	387	0.99100	1.12037	3.04723		
01:16:26	2000	3000	3333	9955	391	0.99100	1.12276	3.04746		
01:16:36	2000	3000	3333	9955	394	0.99100	1.11998	3.05285		
01:16:46	2000	3000	3333	9955	398	0.99100	1.12128	3.05408		
01:16:56	2000	3000	3333	9955	401	0.99100	1.11887	3.05857		
01:17:06	2000	3000	3333	9955	404	0.99100	1.12102	3.05186		
01:17:17	2000	3000	3333	9955	407	0.99100	1.12307	3.04506		
01:17:27	2000	3000	3333	9955	411	0.99100	1.12342	3.04681		
01:17:37	2000	3000	3333	9955	415	0.99100	1.12518	3.04679		
01:17:47	2000	3000	3333	9955	419	0.99100	1.12627	3.04947		
01:17:57	2000	3000	3333	9955	426	0.99100	1.12375	3.05017		
01:18:08	2000	3000	3333	9955	430	0.99100	1.12393	3.04803		
01:18:18	2000	3000	3333	9955	434	0.99100	1.12364	3.04765		
01:18:28	2000	3000	3333	9955	437	0.99100	1.12325	3.04839		
01:18:38	2000	3000	3333	9955	441	0.99100	1.12114	3.05173		
01:18:48	2000	3000	3333	9955	444	0.99100	1.12361	3.04801		
01:18:58	2000	3000	3333	9955	448	0.99100	1.12382	3.04826		
01:19:09	2000	3000	3333	9955	451	0.99100	1.12271	3.04945		
01:19:19	2000	3000	3333	9955	455	0.99100	1.12382	3.04811		
01:19:29	2000	3000	3333	9955	458	0.99100	1.12537	3.04588		
01:19:39	2000	3000	3333	9955	462	0.99100	1.12066	3.05152		
01:19:49	2000	3000	3333	9955	465	0.99100	1.12981	3.04143		
01:20:00	2000	3000	3333	9955	469	0.99100	1.12469	3.04216		
01:20:10	2000	3000	3333	9955	472	0.99100	1.12220	3.04483		
01:20:20	2000	3000	3333	9955	475	0.99100	1.12592	3.04121		
01:20:30	2000	3000	3333	9955	478	0.99100	1.12501	3.04238		
01:20:40	2000	3000	3333	9955	482	0.99100	1.12323	3.04701		
01:20:50	2000	3000	3333	9955	486	0.99100	1.12298	3.04827		
01:21:01	2000	3000	3333	9955	489	0.99100	1.12125	3.05043		
01:21:11	2000	3000	3333	9955	493	0.99100	1.12752	3.04166		
01:21:21	2000	3000	3333	9955	497	0.99100	1.12026	3.04960		
01:21:31	2000	3000	3333	9955	499	0.99100	1.12228	3.05158		
01:21:41	2000	3000	3333	9955	503	0.99100	1.12154	3.05098		
01:21:52	2000	3000	3333	9955	507	0.99100	1.12326	3.03745		
01:22:02	2000	3000	3333	9955	511	0.99100	1.12268	3.04533		
01:22:12	2000	3000	3333	9955	515	0.99100	1.12478	3.04520		
01:22:22	2000	3000	3333	9955	519	0.99100	1.12310	3.04754		
01:22:32	2000	3000	3333	9955	522	0.99100	1.12757	3.04155		
01:22:43	2000	3000	3333	9955	526	0.99100	1.12505	3.04614		
01:22:53	2000	3000	3333	9955	530	0.99100	1.12760	3.03874		
01:23:03	2000	3000	3333	9955	534	0.99100	1.12611	3.04345		
01:23:13	2000	3000	3333	9955	538	0.99100	1.12809	3.04138		
01:23:23	2000	3000	3333	9955	542	0.99100	1.12529	3.04448		
01:23:33	2000	3000	3333	9955	545	0.99100	1.12694	3.04272		
01:23:44	2000	3000	3333	9955	549	0.99100	1.12896	3.03997		
01:23:54	2000	3000	3333	9955	553	0.99100	1.12807	3.04105		
01:24:04	2000	3000	3333	9955	557	0.99100	1.12827	3.04061		
01:24:14	2000	3000	3333	9955	560	0.99100	1.12665	3.04800		
01:24:24	2000	3000	3333	9955	563	0.99100	1.12579	3.04492		
01:24:34	2000	3000	3333	9955	566	0.99100	1.12194	3.04704		
01:24:44	2000	3000	3333	9955	570	0.99100	1.12187	3.04467		
01:24:55	2000	3000	3333	9955	574	0.99100	1.12865	3.03783		
01:25:05	2000	3000	3333	9955	578	0.99100	1.12465	3.04321		
01:25:15	2000	3000	3333	9955	582	0.99100	1.12390	3.04478		
01:25:25	2000	3000	3333	9955	586	0.99100	1.12711	3.04136		
01:25:35	2000	3000	3333	9955	590	0.99100	1.12251	3.04903		
01:25:46	2000	3000	3333	9955	593	0.99100	1.12774	3.03751		
01:25:56	2000	3000	3333	9955	597	0.99100	1.12326	3.04149		
01:26:06	2000	3000	3333	9955	601	0.99100	1.12314	3.04276		
01:26:16	2000	3000	3333	9955	604	0.99100	1.12546	3.04145		
01:26:26	2000	3000	3333	9955	608	0.99100	1.12639	3.04191		
01:26:36	2000	3000	3333	9955	611	0.99100	1.12232	3.04705		
01:26:47	2000	3000	3333	9955	615	0.99100	1.12569	3.04222		
01:26:57	2000	3000	3333	9955	619	0.99100	1.12450	3.04451		
01:27:07	2000	3000	3333	9955	623	0.99100	1.12452	3.04767		
01:27:17	2000	3000	3333	9955	626	0.99100	1.12546	3.04704		
01:27:27	2000	3000	3333	9955	630	0.99100	1.12537	3.04673		
01:27:37	2000	3000	3333	9955	633	0.99100	1.12236	3.05170		
01:27:47	2000	3000	3333	9955	637	0.99100	1.12276	3.05641		
01:27:58	2000	3000	3333	9955	641	0.99100	1.12381	3.05702		
01:28:08	2000	3000	3333	9955	644	0.99100	1.12473	3.05722		
01:28:18	2000	3000	3333	9955	648	0.99100	1.12438	3.05509		
01:28:28	2000	3000	3333	9955	651	0.99100	1.12445	3.05389		
01:28:38	2000	3000	3333	9955	655	0.99100	1.12174	3.05629		
01:28:49	2000	3000	3333	9955	659	0.99100	1.12473	3.05984		
01:28:59	2000	3000	3333	9955	662	0.99100	1.12588	3.06019		
01:29:09	2000	3000	3333	9955	666	0.99100	1.12369	3.06033		
01:29:19	2000	3000	3333	9955	673	0.99100	1.12600	3.05810		
01:29:29	2000	3000	3333	9955	677	0.99100	1.12583	3.06175		
01:29:40	2000	3000	3333	9955	680	0.99100	1.12426	3.06744		
01:29:50	2000	3000	3333	9955	684	0.99100	1.12295	3.07117		
01:30:00	2000	3000	3333	9955	687	0.99100	1.12414	3.06861		
01:30:10	2000	3000	3333	9955	691	0.99100	1.11998	3.07707		
01:30:20	2000	3000	3333	9955	695	0.99100	1.12369	3.06530		
01:30:30	2000	3000	3333	9955	698	0.99100	1.11900	3.07752		
01:30:41	2000	3000	3333	9955	702	0.99100	1.12083	3.07238		
01:30:51	2000	3000	3333	9955	705	0.99100	1.12276	3.06377		
01:31:01	2000	3000	3333	9955	709	0.99100	1.12363	3.06640		
01:31:11	2000	3000	3333	9955	713	0.99100	1.12462	3.06091		
01:31:21	2000	3000	3333	9955	716	0.99100	1.12772	3.05862		
01:31:32	2000	3000	3333	9955	720	0.99100	1.12462	3.05938		
01:31:42	2000	3000	3333	9955	723	0.99100	1.12138	3.06328		
01:31:52	2000	3000	3333	9955	727	0.99100	1.12251	3.06836		
01:32:02	2000	3000	3333	9955	731	0.99100	1.11817	3.07116		
01:32:12	2000	3000	3333	9955	734	0.99100	1.11790	3.06892		
01:32:23	2000	3000	3333	9955	738	0.99100	1.11804	3.07235		
01:32:33	2000	3000	3333	9955	742	0.99100	1.12056	3.06928		
01:32:43	2000	3000	3333	9955	745	0.99100	1.12159	3.06803		
01:32:53	2000	3000	3333	9955	749	0.99100	1.12325	3.07027		
01:33:03	2000	3000	3333	9955	752	0.99100	1.12406	3.06801		
01:33:13	2000	3000	3333	9955	756	0.99100	1.12286	3.06732		
01:33:24	2000	3000	3333	9955	759	0.99100	1.12498	3.05192		
01:33:34	2000	3000	3333	9955	762	0.99100	1.12428	3.05158		
01:33:44	2000	3000	3333	9955	765	0.99100	1.12366	3.06205		
01:33:54	2000	3000	3333	9955	769	0.99100	1.12148	3.06890		
01:34:04	2000	3000	3333	9955	772	0.99100	1.12408	3.06533		
01:34:15	2000	3000	3333	9955	772	0.99100	1.12408	3.06533		
01:34:25	2000	3000	3333	9955	780	0.99100	1.12451	3.07206		
01:34:35	2000	3000	3333	9955	783	0.99100	1.12515	3.07040		
01:34:45	2000	3000	3333	9955	787	0.99100	1.12216	3.07685		
01:34:55	2000	3000	3333	9955	790	0.99100	1.12481	3.07053		
01:35:05	2000	3000	3333	9955	793	0.99100	1.12486	3.07578		
01:35:16	2000	3000	3333	9955	797	0.99100	1.12627	3.07129		
01:35:26	2000	3000	3333	9955	800	0.99100	1.12609	3.07210		
01:35:36	2000	3000	3333	9955	804	0.99100	1.12130	3.07973		
01:35:46	2000	3000	3333	9955	807	0.99100	1.12185	3.07957		
01:35:56	2000	3000	3333	9955	811	0.99100	1.12224	3.07778		
01:36:06	2000	3000	3333	9955	814	0.99100	1.12570	3.07436		
01:36:16	2000	3000	3333	9955	818	0.99100	1.12787	3.07996		
01:36:26	2000	3000	3333	9955	821	0.99100	1.12617	3.08460		
01:36:36	2000	3000	3333	9955	824	0.99100	1.12838	3.08283		
01:36:46	2000	3000	3333	9955	828	0.99100	1.12631	3.07807		
01:36:56	2000	3000	3333	9955	831	0.99100	1.12898	3.07715		
01:37:06	2000	3000	3333	9955	835	0.99100	1.12402	3.08709		
01:37:16	2000	3000	3333	9955	838	0.99100	1.12694	3.07977		
01:37:26	2000	3000	3333	9955	841	0.99100	1.12450	3.07705		
01:37:36	2000	3000	3333	9955	841	0.99100	1.12450	3.07705		
01:37:46	2000	3000	3333	9955	848	0.99100	1.12202	3.07936		
01:37:57	2000	3000	3333	9955	851	0.99100	1.12376	3.07263		
01:38:07	2000	3000	3333	9955	855	0.99100	1.12651	3.07371		
01:38:17	2000	3000	3333	9955	858	0.99100	1.12576	3.08559		
01:38:27	2000	3000	3333	9955	861	0.99100	1.12416	3.09204		
01:38:37	2000	3000	3333	9955	864	0.99100	1.12563	3.08219		
01:38:47	2000	3000	3333	9955	867	0.99100	1.12594	3.08847		
01:38:58	2000	3000	3333	9955	870	0.99100	1.12662	3.08677		
01:39:08	2000	3000	3333	9955	873	0.99100	1.12495	3.08323		
01:39:18	2000	3000	3333	9955	876	0.99100	1.12271	3.08772		
01:39:28	2000	3000	3333	9955	879	0.99100	1.12707	3.08665		
01:39:38	2000	3000	3333	9955	882	0.99100	1.12620	3.06937		
01:39:49	2000	3000	3333	9955	885	0.99100	1.12455	3.08070		
01:39:59	2000	3000	3333	9955	888	0.99100	1.12759	3.07670		
01:40:09	2000	3000	3333	9955	891	0.99100	1.12294	3.08609		
01:40:19	2000	3000	3333	9955	894	0.99100	1.12433	3.08767		
01:40:29	2000	3000	3333	9955	897	0.99100	1.12444	3.09225		
01:40:39	2000	3000	3333	9955	900	0.99100	1.12762	3.09196		
01:40:49	2000	3000	3333	9955	903	0.99100	1.12700	3.09361		
01:41:00	2000	3000	3333	9955	906	0.99100	1.12703	3.09231		
01:41:10	2000	3000	3333	9955	909	0.99100	1.12598	3.09713		
01:41:20	2000	3000	3333	9955	911	0.99100	1.12805	3.09044		
01:41:30	2000	3000	3333	9955	914	0.99100	1.12769	3.08576		
01:41:40	2000	3000	3333	9955	917	0.99100	1.12723	3.09380		
01:41:51	2000	3000	3333	9955	920	0.99100	1.12523	3.08691		
01:42:01	2000	3000	3333	9955	923	0.99100	1.12427	3.09085		
01:42:11	2000	3000	3333	9955	926	0.99100	1.13010	3.08162		
01:42:21	2000	3000	3333	9955	929	0.99100	1.12929	3.08731		
01:42:31	2000	3000	3333	9955	935	0.99100	1.13001	3.08382		
01:42:41	2000	3000	3333	9955	938	0.99100	1.13025	3.08471		
01:42:52	2000	3000	3333	9955	942	0.99100	1.13036	3.07884		
01:43:02	2000	3000	3333	9955	945	0.99100	1.13107	3.07611		
01:43:12	2000	3000	3333	9955	948	0.99100	1.12981	3.08726		
01:43:22	2000	3000	3333	9955	951	0.99100	1.12813	3.09128		
01:43:32	2000	3000	3333	9955	954	0.99100	1.13001	3.09495		
01:43:43	2000	3000	3333	9955	957	0.99100	1.12984	3.08499		
01:43:53	2000	3000	3333	9955	960	0.99100	1.12860	3.09287		
01:44:03	2000	3000	3333	9955	960	0.99100	1.12860	3.09287		
01:44:13	2000	3000	3333	9955	966	0.99100	1.12815	3.09127		
01:44:23	2000	3000	3333	9955	966	0.99100	1.12815	3.09127		
01:44:34	2000	3000	3333	9955	966	0.99100	1.12815	3.09127		
01:44:44	2000	3000	3333	9955	975	0.99100	1.12952	3.08578		
01:44:54	2000	3000	3333	9955	978	0.99100	1.12912	3.09656		
01:45:04	2000	3000	3333	9955	980	0.99100	1.13247	3.08897		
01:45:14	2000	3000	3333	9955	980	0.99100	1.13247	3.08897		
01:45:24	2000	3000	3333	9955	986	0.99100	1.12992	3.09085		
01:45:35	2000	3000	3333	9955	989	0.99100	1.13018	3.08775		
01:45:45	2000	3000	3333	9955	991	0.99100	1.13181	3.07832		
01:45:55	2000	3000	3333	9955	994	0.99100	1.13101	3.07857		
01:46:05	2000	3000	3333	9955	997	0.99100	1.13222	3.07687		
01:46:15	2000	3000	3333	9955	1000	0.99100	1.13124	3.08593		
01:46:26	2000	3000	3333	9955	1002	0.99100	1.13172	3.08059		
01:46:36	2000	3000	3333	9955	1005	0.99100	1.13304	3.07620		
01:46:46	2000	3000	3333	9955	1008	0.99100	1.13160	3.07428		
01:46:56	2000	3000	3333	9955	1011	0.99100	1.12930	3.07953		
01:47:06	2000	3000	3333	9955	1013	0.99100	1.13161	3.08785		
01:47:17	2000	3000	3333	9955	1016	0.99100	1.13369	3.08143		
01:47:27	2000	3000	3333	9955	1019	0.99100	1.13385	3.09716		
01:47:37	2000	3000	3333	9955	1022	0.99100	1.13379	3.08173		
01:47:47	2000	3000	3333	9955	1025	0.99100	1.13474	3.07893		
01:47:57	2000	3000	3333	9955	1027	0.99100	1.13408	3.07626		
01:48:07	2000	3000	3333	9955	1030	0.99100	1.13543	3.06877		
01:48:18	2000	3000	3333	9955	1033	0.99100	1.13312	3.08395		
01:48:28	2000	3000	3333	9955	1036	0.99100	1.13371	3.08314		
01:48:38	2000	3000	3333	9955	1038	0.99100	1.13519	3.08189		
01:48:48	2000	3000	3333	9955	1041	0.99100	1.13414	3.08948		
01:48:58	2000	3000	3333	9955	1044	0.99100	1.13324	3.08802		
01:49:08	2000	3000	3333	9955	1047	0.99100	1.13161	3.09338		
01:49:18	2000	3000	3333	9955	1050	0.99100	1.13182	3.08881		
01:49:28	2000	3000	3333	9955	1053	0.99100	1.13405	3.08719		
01:49:38	2000	3000	3333	9955	1055	0.99100	1.13239	3.10050		
01:49:48	2000	3000	3333	9955	1058	0.99100	1.13415	3.09014		
01:49:58	2000	3000	3333	9955	1061	0.99100	1.13436	3.08907		
01:50:08	2000	3000	3333	9955	1064	0.99100	1.13533	3.09204		
01:50:18	2000	3000	3333	9955	1066	0.99100	1.13287	3.09174		
01:50:29	2000	3000	3333	9955	1069	0.99100	1.13553	3.08078		
01:50:39	2000	3000	3333	9955	1072	0.99100	1.13416	3.08824		
01:50:49	2000	3000	3333	9955	1074	0.99100	1.13451	3.08413		
01:50:59	2000	3000	3333	9955	1077	0.99100	1.13498	3.09055		
01:51:09	2000	3000	3333	9955	1079	0.99100	1.13553	3.08499		
01:51:20	2000	3000	3333	9955	1082	0.99100	1.13388	3.08576		
01:51:30	2000	3000	3333	9955	1084	0.99100	1.13431	3.08524		
01:51:40	2000	3000	3333	9955	1087	0.99100	1.13331	3.09209		
01:51:50	2000	3000	3333	9955	1090	0.99100	1.13497	3.09317		
01:52:00	2000	3000	3333	9955	1093	0.99100	1.13578	3.10481		
01:52:11	2000	3000	3333	9955	1096	0.99100	1.13375	3.10798		
01:52:21	2000	3000	3333	9955	1098	0.99100	1.13617	3.10991		
01:52:31	2000	3000	3333	9955	1101	0.99100	1.13649	3.10332		
01:52:41	2000	3000	3333	9955	1104	0.99100	1.13643	3.10782		
01:52:51	2000	3000	3333	9955	1106	0.99100	1.13586	3.10309		
01:53:01	2000	3000	3333	9955	1109	0.99100	1.13610	3.09558		
01:53:11	2000	3000	3333	9955	1111	0.99100	1.13576	3.10491		
01:53:21	2000	3000	3333	9955	1114	0.99100	1.13718	3.09378		
01:53:32	2000	3000	3333	9955	1117	0.99100	1.13757	3.09597		
01:53:42	2000	3000	3333	9955	1117	0.99100	1.13757	3.09597		
