

			DELHI AIRPORT : 30 m Base line


Time	RVR	 MOR	RVR	MOR	BLM	Trf	 Ref(v)	PD(v)
	(limited)	(limited)	(actual)	(actual)



			DELHI AIRPORT : 30 m Base line


Time	RVR	 MOR	RVR	MOR	BLM	Trf	 Ref(v)	PD(v)
	(limited)	(limited)	(actual)	(actual)

02:11:46	2000	3000	1659	9955	1442	0.99100	1.12947	2.77993		
02:11:56	2000	3000	3318	9955	1448	0.99100	1.12838	2.77581		
02:12:06	2000	3000	3333	9955	1455	0.99100	1.12763	2.77702		
02:12:17	2000	3000	3333	9955	1463	0.99100	1.12773	2.77658		
02:12:27	2000	3000	3333	9955	1471	0.99100	1.12871	2.77504		
02:12:37	2000	3000	3333	9955	1471	0.99100	1.12871	2.77504		
02:12:47	2000	3000	3333	9955	1486	0.99100	1.12901	2.76923		
02:12:57	2000	3000	3333	9955	1493	0.99100	1.12873	2.77005		
02:13:07	2000	3000	3333	9955	1500	0.99100	1.12757	2.76872		
02:13:17	2000	3000	3333	9955	1506	0.99100	1.12708	2.76937		
02:13:27	2000	3000	3333	9955	1509	0.99100	1.12453	2.75929		
02:13:37	2000	3000	3333	9955	1512	0.99100	1.12340	2.73914		
02:13:47	2000	3000	3333	9955	1516	0.99100	1.12189	2.73458		
02:13:57	2000	3000	3333	9955	1517	0.99100	1.12257	2.72853		
02:14:07	2000	3000	3333	9955	1522	0.99100	1.12098	2.74319		
02:14:17	2000	3000	3333	9955	1528	0.99100	1.12169	2.73744		
02:14:28	2000	3000	3333	9955	1534	0.99100	1.12159	2.73377		
02:14:38	2000	3000	3333	9955	1539	0.99100	1.12192	2.72810		
02:14:48	2000	3000	3333	9955	1545	0.99100	1.12258	2.72690		
02:14:58	2000	3000	3333	9955	1550	0.99100	1.12304	2.72740		
02:15:08	2000	3000	3333	9955	1557	0.99100	1.12311	2.72764		
02:15:18	2000	3000	3333	9955	1567	0.99100	1.12273	2.73269		
02:15:28	2000	3000	3333	9955	1576	0.99100	1.12218	2.73810		
02:15:38	2000	3000	3333	9955	1579	0.99100	1.12133	2.74042		
02:15:48	2000	3000	3333	9955	1583	0.99100	1.12015	2.74851		
02:15:58	2000	3000	3333	9955	1596	0.99100	1.12234	2.74366		
02:16:08	2000	3000	3333	9955	1624	0.99100	1.12014	2.74923		
02:16:18	2000	3000	3333	9955	1658	0.99100	1.12093	2.75299		
02:16:28	2000	3000	3333	9955	1681	0.99100	1.12410	2.74769		
02:16:38	2000	3000	3333	9955	1696	0.99100	1.12306	2.75066		
02:16:49	2000	3000	3333	9955	1707	0.99100	1.12307	2.74447		
02:16:59	2000	3000	3333	9955	1720	0.99100	1.12381	2.74614		
02:17:09	2000	3000	3333	9955	1730	0.99100	1.12104	2.74638		
02:17:19	2000	3000	3333	9955	1737	0.99100	1.12370	2.75098		
02:17:29	2000	3000	3333	9955	1744	0.99100	1.12235	2.75626		
02:17:40	2000	3000	3333	9955	1751	0.99100	1.12253	2.75955		
02:17:50	2000	3000	3333	9955	1759	0.99100	1.12348	2.75644		
02:18:00	2000	3000	3333	9955	1765	0.99100	1.12400	2.76608		
02:18:10	2000	3000	3333	9955	1771	0.99100	1.12373	2.76581		
02:18:20	2000	3000	3333	9955	1777	0.99100	1.12398	2.76547		
02:18:30	2000	3000	3333	9955	1786	0.99100	1.12400	2.76535		
02:18:41	2000	3000	3333	9955	1797	0.99100	1.12436	2.76657		
02:18:51	2000	3000	3333	9955	1807	0.99100	1.12287	2.76792		
02:19:01	2000	3000	3333	9955	1817	0.99100	1.12476	2.76732		
02:19:11	2000	3000	3333	9955	1829	0.99100	1.12392	2.76791		
02:19:21	2000	3000	3333	9955	1840	0.99100	1.12242	2.77281		
02:19:32	2000	3000	3333	9955	1850	0.99100	1.12358	2.76890		
02:19:42	2000	3000	3333	9955	1860	0.99100	1.12304	2.76448		
02:19:52	2000	3000	3333	9955	1870	0.99100	1.12334	2.76418		
02:20:02	2000	3000	3333	9955	1878	0.99100	1.12379	2.76665		
02:20:12	2000	3000	3333	9955	1879	0.99100	1.12367	2.76477		
02:20:22	2000	3000	3333	9955	1875	0.99100	1.12239	2.76865		
02:20:32	2000	3000	3333	9955	1876	0.99100	1.12630	2.76074		
02:20:43	2000	3000	3333	9955	1875	0.99100	1.12628	2.76158		
02:20:53	2000	3000	3333	9955	1875	0.99100	1.12631	2.76501		
02:21:03	2000	3000	3333	9955	1878	0.99100	1.12624	2.76518		
02:21:13	2000	3000	3333	9955	1879	0.99100	1.12624	2.76747		
02:21:23	2000	3000	3333	9955	1881	0.99100	1.12623	2.76727		
02:21:34	2000	3000	3333	9955	1883	0.99100	1.12620	2.76670		
02:21:44	2000	3000	3333	9955	1883	0.99100	1.12620	2.76670		


			DELHI AIRPORT : 30 m Base line


Time	RVR	 MOR	RVR	MOR	BLM	Trf	 Ref(v)	PD(v)
	(limited)	(limited)	(actual)	(actual)

04:26:13	2000	3000	1659	9955	2835	0.99100	1.12841	2.77835		
04:26:23	2000	3000	3318	9955	2826	0.99100	1.12838	2.77490		
04:26:34	2000	3000	3333	9955	2816	0.99100	1.12840	2.76848		
04:26:44	2000	3000	3333	9955	2807	0.99100	1.12839	2.76801		
04:26:54	2000	3000	3333	9955	2800	0.99100	1.12842	2.77600		
04:27:04	2000	3000	3333	9955	2794	0.99100	1.12841	2.76592		
04:27:14	2000	3000	3333	9955	2790	0.99100	1.12843	2.75868		
04:27:24	2000	3000	3333	9955	2786	0.99100	1.12846	2.74893		
04:27:34	2000	3000	3333	9955	2783	0.99100	1.12845	2.75157		
04:27:44	2000	3000	3333	9955	2780	0.99100	1.12845	2.75306		
04:27:54	2000	3000	3333	9955	2779	0.99100	1.12846	2.75156		
04:28:04	2000	3000	3333	9955	2778	0.99100	1.12853	2.75427		
04:28:14	2000	3000	3333	9955	2776	0.99100	1.12850	2.75953		
04:28:24	2000	3000	3333	9955	2775	0.99100	1.12849	2.75947		
04:28:34	2000	3000	3333	9955	2772	0.99100	1.12853	2.75060		
04:28:44	2000	3000	3333	9955	2771	0.99100	1.12853	2.74833		
04:28:55	2000	3000	3333	9955	2770	0.99100	1.12858	2.74681		
04:29:05	2000	3000	3333	9955	2770	0.99100	1.12874	2.74245		
04:29:15	2000	3000	3333	9955	2771	0.99100	1.12862	2.74475		
04:29:25	2000	3000	3333	9955	2773	0.99100	1.12883	2.74601		
04:29:35	2000	3000	3333	9955	2775	0.99100	1.12863	2.74145		
04:29:45	2000	3000	3333	9955	2780	0.99100	1.13059	2.75958		
04:29:55	2000	3000	3333	9955	2786	0.99100	1.12859	2.74576		
04:30:05	2000	3000	3333	9955	2791	0.99100	1.12868	2.75228		
04:30:15	2000	3000	3333	9955	2798	0.99100	1.12922	2.75590		
04:30:25	2000	3000	3333	9955	2803	0.99100	1.12925	2.75058		
04:30:35	2000	3000	3333	9955	2808	0.99100	1.12929	2.73743		
04:30:45	2000	3000	3333	9955	2814	0.99100	1.12941	2.75601		
04:30:55	2000	3000	3333	9955	2815	0.99100	1.12945	2.75217		
04:31:06	2000	3000	3333	9955	2817	0.99100	1.12947	2.74566		
04:31:16	2000	3000	3333	9955	2817	0.99100	1.12946	2.72576		
04:31:26	2000	3000	3333	9955	2817	0.99100	1.12954	2.72205		
04:31:36	2000	3000	3333	9955	2815	0.99100	1.12942	2.71847		
04:31:46	2000	3000	3333	9955	2813	0.99100	1.12937	2.72963		
04:31:56	2000	3000	3333	9955	2812	0.99100	1.12937	2.71565		
04:32:06	2000	3000	3333	9955	2809	0.99100	1.12933	2.71721		
04:32:16	2000	3000	3333	9955	2806	0.99100	1.12928	2.71228		
04:32:26	2000	3000	3333	9955	2802	0.99100	1.12923	2.71837		
04:32:36	2000	3000	3333	9955	2798	0.99100	1.12919	2.71674		
04:32:46	2000	3000	3333	9955	2793	0.99100	1.12896	2.72524		
04:32:56	2000	3000	3333	9955	2789	0.99100	1.12889	2.71392		
04:33:06	2000	3000	3333	9955	2784	0.99100	1.12888	2.71501		
04:33:17	2000	3000	3333	9955	2779	0.99100	1.12890	2.72524		
04:33:27	2000	3000	3333	9955	2774	0.99100	1.12885	2.73382		
04:33:37	2000	3000	3333	9955	2769	0.99100	1.12883	2.72454		
04:33:47	2000	3000	3333	9955	2769	0.99100	1.12883	2.72454		
04:33:57	2000	3000	3333	9955	2758	0.99100	1.12866	2.72304		
04:34:07	2000	3000	3333	9955	2752	0.99100	1.12869	2.72915		
04:34:17	2000	3000	3333	9955	2744	0.99100	1.12861	2.72636		
04:34:27	2000	3000	3333	9955	2738	0.99100	1.12867	2.71873		
04:34:37	2000	3000	3333	9955	2732	0.99100	1.12862	2.72968		
04:34:47	2000	3000	3333	9955	2726	0.99100	1.12951	2.73586		
04:34:57	2000	3000	3333	9955	2721	0.99100	1.12864	2.73133		
04:35:07	2000	3000	3333	9955	2716	0.99100	1.12873	2.72016		
04:35:17	2000	3000	3333	9955	2712	0.99100	1.12880	2.72465		
04:35:28	2000	3000	3333	9955	2708	0.99100	1.12863	2.72510		
04:35:38	2000	3000	3333	9955	2706	0.99100	1.12862	2.72538		
04:35:48	2000	3000	3333	9955	2705	0.99100	1.12866	2.72649		
04:35:58	2000	3000	3333	9955	2706	0.99100	1.12855	2.72545		
04:36:08	2000	3000	3333	9955	2706	0.99100	1.12855	2.72545		
04:36:18	2000	3000	3333	9955	2707	0.99100	1.12853	2.72814		
04:36:28	2000	3000	3333	9955	2709	0.99100	1.12856	2.72033		
04:36:38	2000	3000	3333	9955	2712	0.99100	1.12867	2.72474		
04:36:48	2000	3000	3333	9955	2716	0.99100	1.12864	2.72710		
04:36:58	2000	3000	3333	9955	2719	0.99100	1.12867	2.72197		
04:37:08	2000	3000	3333	9955	2723	0.99100	1.12872	2.71048		
04:37:18	2000	3000	3333	9955	2726	0.99100	1.12877	2.71568		
04:37:28	2000	3000	3333	9955	2728	0.99100	1.12883	2.70779		
04:37:38	2000	3000	3333	9955	2731	0.99100	1.12886	2.72142		
04:37:49	2000	3000	3333	9955	2734	0.99100	1.12966	2.72684		
04:37:59	2000	3000	3333	9955	2735	0.99100	1.12882	2.72450		
04:38:09	2000	3000	3333	9955	2735	0.99100	1.12870	2.74238		
04:38:19	2000	3000	3333	9955	2734	0.99100	1.12872	2.73759		
04:38:29	2000	3000	3333	9955	2734	0.99100	1.12868	2.72874		
04:38:39	2000	3000	3333	9955	2732	0.99100	1.12868	2.70965		
04:38:49	2000	3000	3333	9955	2730	0.99100	1.12891	2.71104		
04:38:59	2000	3000	3333	9955	2728	0.99100	1.12868	2.70206		
04:39:09	2000	3000	3333	9955	2727	0.99100	1.12880	2.70179		
04:39:19	2000	3000	3333	9955	2725	0.99100	1.12860	2.68865		
04:39:29	2000	3000	3333	9955	2723	0.99100	1.12871	2.68676		
04:39:39	2000	3000	3333	9955	2723	0.99100	1.12856	2.69021		
04:39:49	2000	3000	3333	9955	2723	0.99100	1.12854	2.71189		
04:40:00	2000	3000	3333	9955	2724	0.99100	1.12855	2.68736		
04:40:10	2000	3000	3333	9955	2725	0.99100	1.12855	2.68146		
04:40:20	2000	3000	3333	9955	2726	0.99100	1.13159	2.71667		
04:40:30	2000	3000	3333	9955	2729	0.99100	1.12861	2.68429		
04:40:40	2000	3000	3333	9955	2733	0.99100	1.12854	2.68282		
04:40:50	2000	3000	3333	9955	2738	0.99100	1.12852	2.68511		
04:41:00	2000	3000	3333	9955	2744	0.99100	1.12857	2.69006		
04:41:10	2000	3000	3333	9955	2751	0.99100	1.12849	2.68734		
04:41:20	2000	3000	3333	9955	2758	0.99100	1.12847	2.69643		
04:41:30	2000	3000	3333	9955	2768	0.99100	1.12843	2.70014		
04:41:40	2000	3000	3333	9955	2779	0.99100	1.12840	2.70306		
04:41:50	2000	3000	3333	9955	2792	0.99100	1.12834	2.71153		
04:42:00	2000	3000	3333	9955	2810	0.99100	1.12831	2.69909		
04:42:11	2000	3000	3333	9955	2830	0.99100	1.12831	2.69800		
04:42:21	2000	3000	3333	9955	2853	0.99100	1.12828	2.68894		
04:42:31	2000	3000	3333	9955	2877	0.99100	1.12827	2.69404		
04:42:41	2000	3000	3333	9955	2901	0.99100	1.12968	2.70842		
04:42:51	2000	3000	3333	9955	2925	0.99100	1.12990	2.71673		
04:43:01	2000	3000	3333	9955	2949	0.99100	1.12823	2.70217		
04:43:11	2000	3000	3333	9955	2972	0.99100	1.12820	2.70935		
04:43:21	2000	3000	3333	9955	2994	0.99100	1.12819	2.71851		
04:43:31	2000	3000	3333	9955	3018	0.99100	1.12819	2.71451		
04:43:41	2000	3000	3333	9955	3043	0.99100	1.12821	2.71665		
04:43:51	2000	3000	3333	9955	3068	0.99100	1.12821	2.71032		
04:44:01	2000	3000	3333	9955	3093	0.99100	1.12815	2.70663		
04:44:11	2000	3000	3333	9955	3115	0.99100	1.12824	2.70656		
04:44:21	2000	3000	3333	9955	3137	0.99100	1.12819	2.70946		
04:44:31	2000	3000	3333	9955	3156	0.99100	1.12812	2.70277		
04:44:42	2000	3000	3333	9955	3173	0.99100	1.12815	2.70891		
04:44:52	2000	3000	3333	9955	3188	0.99100	1.12815	2.70807		
04:45:02	2000	3000	3333	9955	3200	0.99100	1.12822	2.71003		
04:45:12	2000	3000	3333	9955	3212	0.99100	1.12812	2.70999		
04:45:22	2000	3000	3333	9955	3222	0.99100	1.12812	2.71292		
04:45:33	2000	3000	3333	9955	3231	0.99100	1.13107	2.73869		
04:45:43	2000	3000	3333	9955	3238	0.99100	1.12801	2.70377		
04:45:53	2000	3000	3333	9955	3242	0.99100	1.12806	2.70534		
04:46:03	2000	3000	3333	9955	3245	0.99100	1.12804	2.71331		
04:46:13	2000	3000	3333	9955	3249	0.99100	1.12804	2.71563		
04:46:24	2000	3000	3333	9955	3251	0.99100	1.12807	2.71325		
04:46:34	2000	3000	3333	9955	3251	0.99100	1.12805	2.71411		
04:46:44	2000	3000	3333	9955	3248	0.99100	1.12805	2.71753		
04:46:54	2000	3000	3333	9955	3243	0.99100	1.12813	2.72110		
04:47:04	2000	3000	3333	9955	3235	0.99100	1.12803	2.71597		
04:47:14	2000	3000	3333	9955	3224	0.99100	1.12875	2.72045		
04:47:25	2000	3000	3333	9955	3212	0.99100	1.12790	2.71774		
04:47:35	2000	3000	3333	9955	3199	0.99100	1.12792	2.71795		
04:47:45	2000	3000	3333	9955	3184	0.99100	1.12791	2.71691		
04:47:55	2000	3000	3333	9955	3170	0.99100	1.12780	2.71430		
04:48:05	2000	3000	3333	9955	3155	0.99100	1.12792	2.71189		
04:48:16	2000	3000	3333	9955	3141	0.99100	1.12782	2.71681		
04:48:26	2000	3000	3333	9955	3126	0.99100	1.12787	2.71670		
04:48:36	2000	3000	3333	9955	3112	0.99100	1.12789	2.72581		
04:48:46	2000	3000	3333	9955	3096	0.99100	1.12790	2.71368		
04:48:56	2000	3000	3333	9955	3096	0.99100	1.12790	2.71368		
04:49:06	2000	3000	3333	9955	3066	0.99100	1.12785	2.71567		
04:49:17	2000	3000	3333	9955	3051	0.99100	1.12788	2.71090		
04:49:27	2000	3000	3333	9955	3036	0.99100	1.12783	2.71280		
04:49:37	2000	3000	3333	9955	3036	0.99100	1.12783	2.71280		
04:49:47	2000	3000	3333	9955	3008	0.99100	1.12788	2.71125		
04:49:57	2000	3000	3333	9955	2994	0.99100	1.12783	2.70131		
04:50:08	2000	3000	3333	9955	2980	0.99100	1.12795	2.71221		
04:50:18	2000	3000	3333	9955	2966	0.99100	1.12801	2.69124		
04:50:28	2000	3000	3333	9955	2955	0.99100	1.12809	2.71038		
04:50:38	2000	3000	3333	9955	2944	0.99100	1.12811	2.68337		
04:50:48	2000	3000	3333	9955	2933	0.99100	1.12830	2.68818		
04:50:58	2000	3000	3333	9955	2925	0.99100	1.12830	2.68395		
04:51:09	2000	3000	3333	9955	2911	0.99100	1.13133	2.70553		
04:51:19	2000	3000	3333	9955	2905	0.99100	1.12833	2.67620		
04:51:29	2000	3000	3333	9955	2899	0.99100	1.12831	2.66432		
04:51:39	2000	3000	3333	9955	2895	0.99100	1.12827	2.67182		
04:51:49	2000	3000	3333	9955	2890	0.99100	1.12818	2.65978		
04:52:00	2000	3000	3333	9955	2884	0.99100	1.12811	2.66357		
04:52:10	2000	3000	3333	9955	2879	0.99100	1.12810	2.65720		
04:52:20	2000	3000	3333	9955	2875	0.99100	1.12809	2.65515		
04:52:30	2000	3000	3333	9955	2870	0.99100	1.12799	2.65756		
04:52:40	2000	3000	3333	9955	2870	0.99100	1.12799	2.65756		
04:52:50	2000	3000	3333	9955	2862	0.99100	1.12793	2.65802		
04:53:01	2000	3000	3333	9955	2857	0.99100	1.12784	2.65684		
04:53:11	2000	3000	3333	9955	2852	0.99100	1.12781	2.66006		
04:53:21	2000	3000	3333	9955	2847	0.99100	1.12786	2.66925		
04:53:31	2000	3000	3333	9955	2842	0.99100	1.12788	2.65258		
04:53:41	2000	3000	3333	9955	2838	0.99100	1.12787	2.66379		
04:53:52	2000	3000	3333	9955	2835	0.99100	1.12788	2.66073		
04:54:02	2000	3000	3333	9955	2833	0.99100	1.12791	2.66195		
04:54:12	2000	3000	3333	9955	2832	0.99100	1.12797	2.66082		
04:54:22	2000	3000	3333	9955	2831	0.99100	1.12805	2.65910		
04:54:32	2000	3000	3333	9955	2830	0.99100	1.12799	2.65854		
04:54:43	2000	3000	3333	9955	2829	0.99100	1.12796	2.65869		
04:54:53	2000	3000	3333	9955	2828	0.99100	1.12804	2.65877		
04:55:03	2000	3000	3333	9955	2827	0.99100	1.12789	2.66021		
04:55:13	2000	3000	3333	9955	2826	0.99100	1.12777	2.66816		
04:55:23	2000	3000	3333	9955	2824	0.99100	1.12766	2.65557		
04:55:33	2000	3000	3333	9955	2822	0.99100	1.12763	2.65807		
04:55:43	2000	3000	3333	9955	2820	0.99100	1.12753	2.66935		
04:55:53	2000	3000	3333	9955	2817	0.99100	1.12744	2.67863		
04:56:03	2000	3000	3333	9955	2813	0.99100	1.12739	2.67673		
04:56:13	2000	3000	3333	9955	2810	0.99100	1.12729	2.68635		
04:56:23	2000	3000	3333	9955	2807	0.99100	1.12722	2.68854		
04:56:33	2000	3000	3333	9955	2804	0.99100	1.12714	2.68317		
04:56:43	2000	3000	3333	9955	2802	0.99100	1.12707	2.69159		
04:56:54	2000	3000	3333	9955	2800	0.99100	1.12701	2.68036		
04:57:04	2000	3000	3333	9955	2798	0.99100	1.12694	2.68738		
04:57:14	2000	3000	3333	9955	2795	0.99100	1.12684	2.68596		
04:57:24	2000	3000	3333	9955	2792	0.99100	1.12684	2.69504		
04:57:34	2000	3000	3333	9955	2789	0.99100	1.12682	2.69886		
04:57:44	2000	3000	3333	9955	2785	0.99100	1.12677	2.69793		
04:57:55	2000	3000	3333	9955	2780	0.99100	1.12674	2.69832		
04:58:05	2000	3000	3333	9955	2776	0.99100	1.12670	2.69328		
04:58:15	2000	3000	3333	9955	2771	0.99100	1.12670	2.70587		
04:58:25	2000	3000	3333	9955	2765	0.99100	1.12676	2.68870		
04:58:35	2000	3000	3333	9955	2758	0.99100	1.12664	2.69461		
04:58:46	2000	3000	3333	9955	2751	0.99100	1.12663	2.69705		
04:58:56	2000	3000	3333	9955	2745	0.99100	1.12957	2.71769		
04:59:06	2000	3000	3333	9955	2738	0.99100	1.12657	2.69246		
04:59:16	2000	3000	3333	9955	2730	0.99100	1.12652	2.69344		
04:59:26	2000	3000	3333	9955	2722	0.99100	1.12670	2.69278		
04:59:36	2000	3000	3333	9955	2714	0.99100	1.12640	2.68775		
04:59:47	2000	3000	3333	9955	2705	0.99100	1.12634	2.68899		
04:59:57	2000	3000	3333	9955	2696	0.99100	1.12627	2.69898		
05:00:07	2000	3000	3333	9955	2687	0.99100	1.12618	2.69014		
05:00:17	2000	3000	3333	9955	2680	0.99100	1.12614	2.68291		
05:00:27	2000	3000	3333	9955	2674	0.99100	1.12612	2.68238		
05:00:38	2000	3000	3333	9955	2667	0.99100	1.12602	2.68694		
05:00:48	2000	3000	3333	9955	2661	0.99100	1.12597	2.68244		
05:00:58	2000	3000	3333	9955	2656	0.99100	1.12591	2.68258		
05:01:08	2000	3000	3333	9955	2651	0.99100	1.12587	2.69065		
05:01:18	2000	3000	3333	9955	2647	0.99100	1.12580	2.68500		
05:01:28	2000	3000	3333	9955	2642	0.99100	1.12577	2.69526		
05:01:38	2000	3000	3333	9955	2639	0.99100	1.12568	2.67958		
05:01:49	2000	3000	3333	9955	2636	0.99100	1.12563	2.67813		
05:01:59	2000	3000	3333	9955	2635	0.99100	1.12562	2.67050		
05:02:09	2000	3000	3333	9955	2634	0.99100	1.12555	2.67863		
05:02:19	2000	3000	3333	9955	2633	0.99100	1.12549	2.66950		
05:02:29	2000	3000	3333	9955	2633	0.99100	1.12549	2.66916		
05:02:40	2000	3000	3333	9955	2633	0.99100	1.12670	2.67694		
05:02:50	2000	3000	3333	9955	2633	0.99100	1.12526	2.66996		
05:03:00	2000	3000	3333	9955	2634	0.99100	1.12533	2.67308		
05:03:10	2000	3000	3333	9955	2634	0.99100	1.12520	2.66709		
05:03:20	2000	3000	3333	9955	2636	0.99100	1.12532	2.67799		
05:03:31	2000	3000	3333	9955	2637	0.99100	1.12514	2.68075		
05:03:41	2000	3000	3333	9955	2640	0.99100	1.12517	2.68635		
05:03:51	2000	3000	3333	9955	2642	0.99100	1.12513	2.67536		
05:04:01	2000	3000	3333	9955	2644	0.99100	1.12513	2.67834		
05:04:11	2000	3000	3333	9955	2647	0.99100	1.12657	2.69051		
05:04:21	2000	3000	3333	9955	2650	0.99100	1.12516	2.68122		
05:04:32	2000	3000	3333	9955	2653	0.99100	1.12518	2.68364		
05:04:42	2000	3000	3333	9955	2656	0.99100	1.12511	2.67110		
05:04:52	2000	3000	3333	9955	2660	0.99100	1.12511	2.68252		
05:05:02	2000	3000	3333	9955	2662	0.99100	1.12509	2.68323		
05:05:12	2000	3000	3333	9955	2664	0.99100	1.12504	2.68670		
05:05:23	2000	3000	3333	9955	2665	0.99100	1.12501	2.67231		
05:05:33	2000	3000	3333	9955	2666	0.99100	1.12503	2.66937		
05:05:43	2000	3000	3333	9955	2667	0.99100	1.12495	2.66748		
05:05:53	2000	3000	3333	9955	2667	0.99100	1.12488	2.66947		
05:06:03	2000	3000	3333	9955	2668	0.99100	1.12487	2.66982		
05:06:13	2000	3000	3333	9955	2669	0.99100	1.12479	2.67775		
05:06:24	2000	3000	3333	9955	2671	0.99100	1.12473	2.66706		
05:06:34	2000	3000	3333	9955	2673	0.99100	1.12471	2.67867		
05:06:44	2000	3000	3333	9955	2675	0.99100	1.12466	2.66167		
05:06:54	2000	3000	3333	9955	2677	0.99100	1.12460	2.67415		
05:07:04	2000	3000	3333	9955	2680	0.99100	1.12463	2.64252		
05:07:15	2000	3000	3333	9955	2681	0.99100	1.12451	2.67358		
05:07:25	2000	3000	3333	9955	2682	0.99100	1.12444	2.64050		
05:07:35	2000	3000	3333	9955	2683	0.99100	1.12440	2.63300		
05:07:45	2000	3000	3333	9955	2682	0.99100	1.12439	2.63414		
05:07:55	2000	3000	3333	9955	2681	0.99100	1.12436	2.64525		
05:08:05	2000	3000	3333	9955	2681	0.99100	1.12446	2.63638		
05:08:15	2000	3000	3333	9955	2680	0.99100	1.12440	2.61942		
05:08:25	2000	3000	3333	9955	2678	0.99100	1.12445	2.62576		
05:08:35	2000	3000	3333	9955	2677	0.99100	1.12446	2.63546		
05:08:45	2000	3000	3333	9955	2675	0.99100	1.12448	2.61493		
05:08:55	2000	3000	3333	9955	2674	0.99100	1.13053	2.64154		
05:09:06	2000	3000	3333	9955	2672	0.99100	1.12864	2.63321		
05:09:16	2000	3000	3333	9955	2671	0.99100	1.12829	2.62445		
05:09:26	2000	3000	3333	9955	2669	0.99100	1.12773	2.62970		
05:09:36	2000	3000	3333	9955	2669	0.99100	1.12504	2.61695		
05:09:46	2000	3000	3333	9955	2669	0.99100	1.12454	2.60005		
05:09:57	2000	3000	3333	9955	2669	0.99100	1.12446	2.60238		
05:10:07	2000	3000	3333	9955	2670	0.99100	1.12445	2.60597		
05:10:17	2000	3000	3333	9955	2671	0.99100	1.12438	2.59963		
05:10:27	2000	3000	3333	9955	2672	0.99100	1.12433	2.60122		
05:10:37	2000	3000	3333	9955	2674	0.99100	1.12429	2.59479		
05:10:47	2000	3000	3333	9955	2676	0.99100	1.12427	2.59444		
05:10:58	2000	3000	3333	9955	2679	0.99100	1.12416	2.59483		
05:11:08	2000	3000	3333	9955	2680	0.99100	1.12405	2.59513		
05:11:18	2000	3000	3333	9955	2681	0.99100	1.12388	2.59164		
05:11:28	2000	3000	3333	9955	2681	0.99100	1.12373	2.59570		
05:11:38	2000	3000	3333	9955	2681	0.99100	1.12360	2.59583		
05:11:49	2000	3000	3333	9955	2681	0.99100	1.12357	2.59825		
05:11:59	2000	3000	3333	9955	2681	0.99100	1.12344	2.58565		
05:12:09	2000	3000	3333	9955	2680	0.99100	1.12338	2.59356		
05:12:19	2000	3000	3333	9955	2679	0.99100	1.12335	2.59077		
05:12:29	2000	3000	3333	9955	2679	0.99100	1.12332	2.58277		
05:12:39	2000	3000	3333	9955	2681	0.99100	1.12321	2.58660		
05:12:50	2000	3000	3333	9955	2683	0.99100	1.12314	2.60363		
05:13:00	2000	3000	3333	9955	2685	0.99100	1.12303	2.59437		
05:13:10	2000	3000	3333	9955	2685	0.99100	1.12303	2.59437		
05:13:20	2000	3000	3333	9955	2691	0.99100	1.12279	2.60178		
05:13:30	2000	3000	3333	9955	2694	0.99100	1.12267	2.59930		
05:13:40	2000	3000	3333	9955	2698	0.99100	1.12260	2.60036		
05:13:51	2000	3000	3333	9955	2703	0.99100	1.12255	2.60808		
05:14:01	2000	3000	3333	9955	2707	0.99100	1.12241	2.59603		
05:14:11	2000	3000	3333	9955	2713	0.99100	1.12238	2.58578		
05:14:21	2000	3000	3333	9955	2718	0.99100	1.12227	2.58005		
05:14:31	2000	3000	3333	9955	2723	0.99100	1.12220	2.57347		
05:14:42	2000	3000	3333	9955	2727	0.99100	1.12207	2.57168		
05:14:52	2000	3000	3333	9955	2731	0.99100	1.12188	2.58183		
05:15:02	2000	3000	3333	9955	2734	0.99100	1.12169	2.58083		
05:15:12	2000	3000	3333	9955	2737	0.99100	1.12152	2.57586		
05:15:22	2000	3000	3333	9955	2739	0.99100	1.12128	2.59101		
05:15:32	2000	3000	3333	9955	2744	0.99100	1.12097	2.58475		
05:15:43	2000	3000	3333	9955	2746	0.99100	1.12075	2.58947		
05:15:53	2000	3000	3333	9955	2748	0.99100	1.12219	2.60160		
05:16:03	2000	3000	3333	9955	2751	0.99100	1.12041	2.58595		
05:16:13	2000	3000	3333	9955	2756	0.99100	1.12015	2.58954		
05:16:23	2000	3000	3333	9955	2760	0.99100	1.11991	2.58094		
05:16:34	2000	3000	3333	9955	2764	0.99100	1.11964	2.57582		
05:16:44	2000	3000	3333	9955	2769	0.99100	1.11946	2.59360		
05:16:54	2000	3000	3333	9955	2773	0.99100	1.11910	2.57691		
05:17:04	2000	3000	3333	9955	2777	0.99100	1.11889	2.55919		
05:17:14	2000	3000	3333	9955	2781	0.99100	1.11856	2.57411		
05:17:25	2000	3000	3333	9955	2784	0.99100	1.11841	2.55675		
05:17:35	2000	3000	3333	9955	2787	0.99100	1.11789	2.53977		
05:17:45	2000	3000	3333	9955	2790	0.99100	1.11784	2.53055		
05:17:55	2000	3000	3333	9955	2793	0.99100	1.11690	2.51985		
05:18:05	2000	3000	3333	9955	2795	0.99100	1.11626	2.51755		
05:18:15	2000	3000	3333	9955	2798	0.99100	1.11560	2.51184		
05:18:26	2000	3000	3333	9955	2801	0.99100	1.12218	2.57149		
05:18:36	2000	3000	3333	9955	2803	0.99100	1.11697	2.52446		
05:18:46	2000	3000	3333	9955	2806	0.99100	1.11634	2.51629		
05:18:56	2000	3000	3333	9955	2808	0.99100	1.11338	2.48816		
05:19:06	2000	3000	3333	9955	2810	0.99100	1.11243	2.47555		
05:19:17	2000	3000	3333	9955	2811	0.99100	1.11425	2.49250		
05:19:27	2000	3000	3333	9955	2813	0.99100	1.11449	2.50743		
05:19:37	2000	3000	3333	9955	2814	0.99100	1.13390	2.66951		
05:19:47	2000	3000	3333	9955	2815	0.99100	1.13474	2.67858		
05:19:57	2000	3000	3333	9955	2815	0.99100	1.13489	2.68316		
05:20:07	2000	3000	3333	9955	2815	0.99100	1.13565	2.69344		
05:20:17	2000	3000	3333	9955	2814	0.99100	1.13581	2.69180		
05:20:27	2000	3000	3333	9955	2812	0.99100	1.13713	2.68911		
05:20:37	2000	3000	3333	9955	2812	0.99100	1.13715	2.68382		
05:20:47	2000	3000	3333	9955	2812	0.99100	1.13706	2.66472		
05:20:57	2000	3000	3333	9955	2813	0.99100	1.13698	2.67516		
05:21:07	2000	3000	3333	9955	2814	0.99100	1.13679	2.68029		
05:21:17	2000	3000	3333	9955	2814	0.99100	1.13668	2.67030		
05:21:27	2000	3000	3333	9955	2814	0.99100	1.13645	2.66351		
05:21:37	2000	3000	3333	9955	2812	0.99100	1.13615	2.65317		
05:21:48	2000	3000	3333	9955	2809	0.99100	1.13590	2.64719		
05:21:58	2000	3000	3333	9955	2804	0.99100	1.13552	2.64817		
05:22:08	2000	3000	3333	9955	2801	0.99100	1.13516	2.64529		
05:22:18	2000	3000	3333	9955	2798	0.99100	1.13489	2.63160		
05:22:28	2000	3000	3333	9955	2796	0.99100	1.13468	2.67016		
05:22:39	2000	3000	3333	9955	2794	0.99100	1.13482	2.64575		
05:22:49	2000	3000	3333	9955	2792	0.99100	1.13460	2.64238		
05:22:59	2000	3000	3333	9955	2790	0.99100	1.13432	2.63947		
05:23:09	2000	3000	3333	9955	2788	0.99100	1.13407	2.63010		
05:23:19	2000	3000	3333	9955	2785	0.99100	1.13376	2.62735		
05:23:29	2000	3000	3333	9955	2783	0.99100	1.13338	2.62482		
05:23:40	2000	3000	3333	9955	2780	0.99100	1.13284	2.62462		
05:23:50	2000	3000	3333	9955	2776	0.99100	1.13242	2.62042		
05:24:00	2000	3000	3333	9955	2773	0.99100	1.13184	2.61084		
05:24:10	2000	3000	3333	9955	2770	0.99100	1.13114	2.59727		
05:24:20	2000	3000	3333	9955	2767	0.99100	1.12995	2.59520		
05:24:31	2000	3000	3333	9955	2764	0.99100	1.12883	2.58343		
05:24:41	2000	3000	3333	9955	2761	0.99100	1.12802	2.58201		
05:24:51	2000	3000	3333	9955	2759	0.99100	1.12689	2.56858		
05:25:01	2000	3000	3333	9955	2757	0.99100	1.12450	2.55466		
05:25:11	2000	3000	3333	9955	2755	0.99100	1.11875	2.51061		
05:25:22	2000	3000	3333	9955	2754	0.99100	1.13343	2.61698		
05:25:32	2000	3000	3333	9955	2753	0.99100	1.13791	2.66466		
05:25:42	2000	3000	3333	9955	2752	0.99100	1.14048	2.66631		
05:25:52	2000	3000	3333	9955	2752	0.99100	1.14132	2.66168		
05:26:02	2000	3000	3333	9955	2751	0.99100	1.14179	2.68455		
05:26:12	2000	3000	3333	9955	2750	0.99100	1.14217	2.67948		
05:26:22	2000	3000	3333	9955	2750	0.99100	1.14249	2.69238		
05:26:33	2000	3000	3333	9955	2750	0.99100	1.14278	2.68467		
05:26:43	2000	3000	3333	9955	2750	0.99100	1.14297	2.69549		
05:26:53	2000	3000	3333	9955	2750	0.99100	1.14310	2.69275		
05:27:03	2000	3000	3333	9955	2750	0.99100	1.14323	2.70744		
05:27:13	2000	3000	3333	9955	2750	0.99100	1.14333	2.68734		
05:27:24	2000	3000	3333	9955	2749	0.99100	1.14340	2.67777		
05:27:34	2000	3000	3333	9955	2747	0.99100	1.14346	2.67238		
05:27:44	2000	3000	3333	9955	2746	0.99100	1.14349	2.67403		
05:27:54	2000	3000	3333	9955	2744	0.99100	1.14354	2.67032		
05:28:04	2000	3000	3333	9955	2741	0.99100	1.14359	2.67200		
05:28:14	2000	3000	3333	9955	2738	0.99100	1.14356	2.66044		
05:28:25	2000	3000	3333	9955	2729	0.99100	1.14362	2.66790		
05:28:35	2000	3000	3333	9955	2725	0.99100	1.14360	2.66693		
05:28:45	2000	3000	3333	9955	2722	0.99100	1.14360	2.66493		
05:28:55	2000	3000	3333	9955	2718	0.99100	1.14361	2.67256		
05:29:05	2000	3000	3333	9955	2716	0.99100	1.14364	2.66746		
05:29:16	2000	3000	3333	9955	2714	0.99100	1.14368	2.66883		
05:29:26	2000	3000	3333	9955	2713	0.99100	1.14363	2.66629		
05:29:36	2000	3000	3333	9955	2712	0.99100	1.14362	2.66000		
05:29:46	2000	3000	3333	9955	2712	0.99100	1.14363	2.66591		
05:29:56	2000	3000	3333	9955	2712	0.99100	1.14368	2.67705		
05:30:07	2000	3000	3333	9955	2712	0.99100	1.14371	2.67417		
05:30:17	2000	3000	3333	9955	2712	0.99100	1.14368	2.67961		
05:30:27	2000	3000	3333	9955	2712	0.99100	1.14369	2.66566		
05:30:37	2000	3000	3333	9955	2711	0.99100	1.14370	2.68262		
05:30:47	2000	3000	3333	9955	2710	0.99100	1.14368	2.67785		
05:30:57	2000	3000	3333	9955	2707	0.99100	1.14372	2.68822		
05:31:08	2000	3000	3333	9955	2705	0.99100	1.14376	2.67852		
05:31:18	2000	3000	3333	9955	2703	0.99100	1.14378	2.67385		
05:31:28	2000	3000	3333	9955	2702	0.99100	1.14378	2.66764		
05:31:38	2000	3000	3333	9955	2701	0.99100	1.14376	2.67358		
05:31:48	2000	3000	3333	9955	2700	0.99100	1.14384	2.68590		
05:31:59	2000	3000	3333	9955	2699	0.99100	1.14384	2.68769		
05:32:09	2000	3000	3333	9955	2698	0.99100	1.14390	2.69537		
05:32:19	2000	3000	3333	9955	2698	0.99100	1.14389	2.70607		
05:32:29	2000	3000	3333	9955	2697	0.99100	1.14390	2.70436		
05:32:39	2000	3000	3333	9955	2696	0.99100	1.14392	2.70381		
05:32:49	2000	3000	3333	9955	2697	0.99100	1.14389	2.71377		
05:32:59	2000	3000	3333	9955	2697	0.99100	1.14390	2.71558		
05:33:09	2000	3000	3333	9955	2697	0.99100	1.14392	2.72055		
05:33:20	2000	3000	3333	9955	2697	0.99100	1.14390	2.72534		
05:33:30	2000	3000	3333	9955	2696	0.99100	1.14396	2.71998		
05:33:40	2000	3000	3333	9955	2695	0.99100	1.14394	2.72074		
05:33:50	2000	3000	3333	9955	2695	0.99100	1.14395	2.72320		
05:34:00	2000	3000	3333	9955	2695	0.99100	1.14396	2.72471		
05:34:10	2000	3000	3333	9955	2695	0.99100	1.14390	2.73399		
05:34:21	2000	3000	3333	9955	2695	0.99100	1.14396	2.73714		
05:34:31	2000	3000	3333	9955	2695	0.99100	1.14384	2.73099		
05:34:41	2000	3000	3333	9955	2696	0.99100	1.14383	2.73071		
05:34:51	2000	3000	3333	9955	2696	0.99100	1.14383	2.72940		
05:35:01	2000	3000	3333	9955	2696	0.99100	1.14386	2.73057		
05:35:12	2000	3000	3333	9955	2695	0.99100	1.14379	2.72449		
05:35:22	2000	3000	3333	9955	2693	0.99100	1.14376	2.73465		
05:35:32	2000	3000	3333	9955	2691	0.99100	1.14370	2.73699		
05:35:42	2000	3000	3333	9955	2690	0.99100	1.14366	2.73611		
05:35:52	2000	3000	3333	9955	2688	0.99100	1.14368	2.73921		
05:36:03	2000	3000	3333	9955	2685	0.99100	1.14363	2.73223		
05:36:13	2000	3000	3333	9955	2682	0.99100	1.14371	2.73788		
05:36:23	2000	3000	3333	9955	2680	0.99100	1.14372	2.73274		
05:36:33	2000	3000	3333	9955	2677	0.99100	1.14371	2.74013		
05:36:43	2000	3000	3333	9955	2674	0.99100	1.14367	2.73124		
05:36:53	2000	3000	3333	9955	2671	0.99100	1.14368	2.73402		
05:37:03	2000	3000	3333	9955	2668	0.99100	1.14373	2.73526		
05:37:14	2000	3000	3333	9955	2665	0.99100	1.14374	2.72890		
05:37:24	2000	3000	3333	9955	2662	0.99100	1.14379	2.72957		
05:37:34	2000	3000	3333	9955	2660	0.99100	1.14380	2.72080		
05:37:44	2000	3000	3333	9955	2660	0.99100	1.14380	2.73374		
05:37:54	2000	3000	3333	9955	2659	0.99100	1.14386	2.72612		
05:38:05	2000	3000	3333	9955	2658	0.99100	1.14393	2.72555		
05:38:15	2000	3000	3333	9955	2656	0.99100	1.14395	2.72536		
05:38:25	2000	3000	3333	9955	2654	0.99100	1.14403	2.70844		
05:38:35	2000	3000	3333	9955	2652	0.99100	1.14403	2.71198		
05:38:45	2000	3000	3333	9955	2650	0.99100	1.14404	2.72279		
05:38:56	2000	3000	3333	9955	2648	0.99100	1.14409	2.71349		
05:39:06	2000	3000	3333	9955	2646	0.99100	1.14411	2.71785		
05:39:16	2000	3000	3333	9955	2644	0.99100	1.14413	2.72642		
05:39:26	2000	3000	3333	9955	2643	0.99100	1.14404	2.72439		
05:39:36	2000	3000	3333	9955	2641	0.99100	1.14410	2.71078		
05:39:46	2000	3000	3333	9955	2641	0.99100	1.14409	2.71499		
05:39:57	2000	3000	3333	9955	2641	0.99100	1.14410	2.72265		
05:40:07	2000	3000	3333	9955	2640	0.99100	1.14408	2.72891		
05:40:17	2000	3000	3333	9955	2640	0.99100	1.14412	2.72716		
05:40:27	2000	3000	3333	9955	2640	0.99100	1.14412	2.72488		
05:40:37	2000	3000	3333	9955	2640	0.99100	1.14412	2.71598		
05:40:48	2000	3000	3333	9955	2640	0.99100	1.14416	2.71978		
05:40:58	2000	3000	3333	9955	2640	0.99100	1.14416	2.71978		
05:41:08	2000	3000	3333	9955	2639	0.99100	1.14415	2.71727		
05:41:18	2000	3000	3333	9955	2638	0.99100	1.14419	2.70576		
05:41:28	2000	3000	3333	9955	2637	0.99100	1.14418	2.70930		
05:41:39	2000	3000	3333	9955	2637	0.99100	1.14419	2.70894		
05:41:49	2000	3000	3333	9955	2635	0.99100	1.14421	2.70098		
05:41:59	2000	3000	3333	9955	2635	0.99100	1.14421	2.70900		
05:42:09	2000	3000	3333	9955	2634	0.99100	1.14420	2.70147		
05:42:19	2000	3000	3333	9955	2634	0.99100	1.14418	2.68660		
05:42:29	2000	3000	3333	9955	2634	0.99100	1.14448	2.70175		
05:42:40	2000	3000	3333	9955	2634	0.99100	1.14454	2.69818		
05:42:50	2000	3000	3333	9955	2634	0.99100	1.14456	2.69436		
05:43:00	2000	3000	3333	9955	2633	0.99100	1.14456	2.69110		
05:43:10	2000	3000	3333	9955	2633	0.99100	1.14463	2.68686		
05:43:20	2000	3000	3333	9955	2632	0.99100	1.14471	2.68181		
05:43:31	2000	3000	3333	9955	2632	0.99100	1.14478	2.68778		
05:43:41	2000	3000	3333	9955	2632	0.99100	1.14478	2.68276		
05:43:51	2000	3000	3333	9955	2632	0.99100	1.14481	2.69229		
05:44:01	2000	3000	3333	9955	2632	0.99100	1.14484	2.67556		
05:44:11	2000	3000	3333	9955	2633	0.99100	1.14489	2.67942		
05:44:21	2000	3000	3333	9955	2634	0.99100	1.14495	2.67642		
05:44:31	2000	3000	3333	9955	2635	0.99100	1.14510	2.67700		
05:44:41	2000	3000	3333	9955	2635	0.99100	1.14512	2.67770		
05:44:52	2000	3000	3333	9955	2635	0.99100	1.14513	2.67909		
05:45:02	2000	3000	3333	9955	2634	0.99100	1.14521	2.67690		
05:45:12	2000	3000	3333	9955	2633	0.99100	1.14522	2.66837		
05:45:22	2000	3000	3333	9955	2631	0.99100	1.14524	2.68294		
05:45:32	2000	3000	3333	9955	2629	0.99100	1.14530	2.68058		
05:45:43	2000	3000	3333	9955	2627	0.99100	1.14533	2.67586		
05:45:53	2000	3000	3333	9955	2624	0.99100	1.14532	2.67130		
05:46:03	2000	3000	3333	9955	2622	0.99100	1.14542	2.67425		
05:46:13	2000	3000	3333	9955	2619	0.99100	1.14547	2.66110		
05:46:23	2000	3000	3333	9955	2617	0.99100	1.14551	2.66332		
05:46:33	2000	3000	3333	9955	2614	0.99100	1.14553	2.66663		
05:46:44	2000	3000	3333	9955	2610	0.99100	1.14555	2.66862		
05:46:54	2000	3000	3333	9955	2605	0.99100	1.14554	2.67812		
05:47:04	2000	3000	3333	9955	2601	0.99100	1.14561	2.67793		
05:47:14	2000	3000	3333	9955	2596	0.99100	1.14565	2.68267		
05:47:24	2000	3000	3333	9955	2590	0.99100	1.14569	2.68312		
05:47:35	2000	3000	3333	9955	2582	0.99100	1.14571	2.67650		
05:47:45	2000	3000	3333	9955	2559	0.99100	1.14573	2.68253		
05:47:55	2000	3000	3333	9955	2515	0.99100	1.14576	2.67573		
05:48:05	2000	3000	3333	9955	2468	0.99100	1.14580	2.66301		
05:48:15	2000	3000	3333	9955	2426	0.99100	1.14585	2.66412		
05:48:25	2000	3000	3333	9955	2424	0.99100	1.14585	2.66041		
05:48:36	2000	3000	3333	9955	2419	0.99100	1.14589	2.67232		
05:48:46	2000	3000	3333	9955	2416	0.99100	1.14587	2.68009		
05:48:56	2000	3000	3333	9955	2415	0.99100	1.14587	2.66738		
05:49:06	2000	3000	3333	9955	2415	0.99100	1.14594	2.66361		
05:49:16	2000	3000	3333	9955	2418	0.99100	1.14598	2.65571		
05:49:26	2000	3000	3333	9955	2429	0.99100	1.14598	2.65351		
05:49:37	2000	3000	3333	9955	2442	0.99100	1.14600	2.64989		
05:49:47	2000	3000	3333	9955	2459	0.99100	1.14603	2.64618		
05:49:57	2000	3000	3333	9955	2474	0.99100	1.14603	2.65362		
05:50:07	2000	3000	3333	9955	2486	0.99100	1.14609	2.65050		
05:50:17	2000	3000	3333	9955	2498	0.99100	1.14604	2.65724		
05:50:28	2000	3000	3333	9955	2507	0.99100	1.14611	2.65338		
05:50:38	2000	3000	3333	9955	2514	0.99100	1.14613	2.65920		
05:50:48	2000	3000	3333	9955	2522	0.99100	1.14612	2.64826		
05:50:58	2000	3000	3333	9955	2537	0.99100	1.14612	2.65074		
05:51:08	2000	3000	3333	9955	2543	0.99100	1.14621	2.66502		
05:51:19	2000	3000	3333	9955	2550	0.99100	1.14629	2.66907		
05:51:29	2000	3000	3333	9955	2556	0.99100	1.14625	2.66934		
05:51:39	2000	3000	3333	9955	2562	0.99100	1.14631	2.67284		
05:51:49	2000	3000	3333	9955	2568	0.99100	1.14629	2.65707		
05:51:59	2000	3000	3333	9955	2574	0.99100	1.14630	2.66105		
05:52:09	2000	3000	3333	9955	2579	0.99100	1.14629	2.66305		
05:52:20	2000	3000	3333	9955	2584	0.99100	1.14628	2.66330		
05:52:30	2000	3000	3333	9955	2589	0.99100	1.14629	2.66457		
05:52:40	2000	3000	3333	9955	2592	0.99100	1.14625	2.66458		
05:52:50	2000	3000	3333	9955	2596	0.99100	1.14622	2.66633		
05:53:00	2000	3000	3333	9955	2600	0.99100	1.14619	2.66115		
05:53:11	2000	3000	3333	9955	2603	0.99100	1.14619	2.67485		
05:53:21	2000	3000	3333	9955	2606	0.99100	1.14625	2.67782		
05:53:31	2000	3000	3333	9955	2610	0.99100	1.14629	2.66938		
05:53:41	2000	3000	3333	9955	2612	0.99100	1.14628	2.66786		
05:53:51	2000	3000	3333	9955	2614	0.99100	1.14627	2.67854		
05:54:02	2000	3000	3333	9955	2615	0.99100	1.14627	2.68230		
05:54:12	2000	3000	3333	9955	2615	0.99100	1.14622	2.67623		
05:54:22	2000	3000	3333	9955	2615	0.99100	1.14622	2.68129		
05:54:32	2000	3000	3333	9955	2614	0.99100	1.14620	2.67829		
05:54:42	2000	3000	3333	9955	2611	0.99100	1.14623	2.69082		
05:54:52	2000	3000	3333	9955	2606	0.99100	1.14626	2.68177		
05:55:03	2000	3000	3333	9955	2601	0.99100	1.14625	2.68726		
05:55:13	2000	3000	3333	9955	2596	0.99100	1.14631	2.69569		
05:55:23	2000	3000	3333	9955	2592	0.99100	1.14628	2.66862		
05:55:33	2000	3000	3333	9955	2588	0.99100	1.14629	2.66647		
05:55:43	2000	3000	3333	9955	2586	0.99100	1.14627	2.66505		
05:55:53	2000	3000	3333	9955	2584	0.99100	1.14633	2.68058		
05:56:03	2000	3000	3333	9955	2585	0.99100	1.14630	2.67541		
05:56:13	2000	3000	3333	9955	2586	0.99100	1.14629	2.67809		
05:56:23	2000	3000	3333	9955	2588	0.99100	1.14631	2.67301		
05:56:33	2000	3000	3333	9955	2589	0.99100	1.14625	2.66752		
05:56:43	2000	3000	3333	9955	2590	0.99100	1.14620	2.66347		
05:56:53	2000	3000	3333	9955	2592	0.99100	1.14620	2.66980		
05:57:03	2000	3000	3333	9955	2595	0.99100	1.14614	2.66287		
05:57:13	2000	3000	3333	9955	2597	0.99100	1.14635	2.66767		
05:57:23	2000	3000	3333	9955	2597	0.99100	1.14631	2.67266		
05:57:33	2000	3000	3333	9955	2597	0.99100	1.14632	2.66863		
05:57:43	2000	3000	3333	9955	2596	0.99100	1.14634	2.66577		
05:57:54	2000	3000	3333	9955	2597	0.99100	1.14629	2.67045		
05:58:04	2000	3000	3333	9955	2598	0.99100	1.14628	2.66510		
05:58:14	2000	3000	3333	9955	2598	0.99100	1.14624	2.67352		
05:58:24	2000	3000	3333	9955	2598	0.99100	1.14624	2.66086		
05:58:34	2000	3000	3333	9955	2598	0.99100	1.14675	2.67778		
05:58:45	2000	3000	3333	9955	2599	0.99100	1.14681	2.69827		
05:58:55	2000	3000	3333	9955	2597	0.99100	1.14687	2.68791		
05:59:05	2000	3000	3333	9955	2594	0.99100	1.14689	2.69159		
05:59:15	2000	3000	3333	9955	2591	0.99100	1.14691	2.68754		
05:59:25	2000	3000	3333	9955	2590	0.99100	1.14693	2.68965		
05:59:36	2000	3000	3333	9955	2590	0.99100	1.14696	2.68670		
05:59:46	2000	3000	3333	9955	2586	0.99100	1.14693	2.68372		
05:59:56	2000	3000	3333	9955	2586	0.99100	1.14695	2.69078		
06:00:06	2000	3000	3333	9955	2583	0.99100	1.14693	2.68579		
06:00:16	2000	3000	3333	9955	2581	0.99100	1.14695	2.68407		
06:00:26	2000	3000	3333	9955	2576	0.99100	1.14697	2.69363		
06:00:37	2000	3000	3333	9955	2573	0.99100	1.14693	2.69506		
06:00:47	2000	3000	3333	9955	2575	0.99100	1.14697	2.68647		
06:00:57	2000	3000	3333	9955	2577	0.99100	1.14690	2.68385		
06:01:07	2000	3000	3333	9955	2575	0.99100	1.14689	2.68121		
06:01:17	2000	3000	3333	9955	2575	0.99100	1.14689	2.68121		
06:01:27	2000	3000	3333	9955	2582	0.99100	1.14677	2.68213		
06:01:37	2000	3000	3333	9955	2591	0.99100	1.14675	2.68210		
06:01:48	2000	3000	3333	9955	2602	0.99100	1.14674	2.67908		
06:01:58	2000	3000	3333	9955	2613	0.99100	1.14666	2.67118		
06:02:08	2000	3000	3333	9955	2624	0.99100	1.14672	2.64843		
06:02:18	2000	3000	3333	9955	2635	0.99100	1.14673	2.69424		
06:02:28	2000	3000	3333	9955	2645	0.99100	1.14677	2.67629		
06:02:39	2000	3000	3333	9955	2654	0.99100	1.14688	2.67011		
06:02:49	2000	3000	3333	9955	2661	0.99100	1.14682	2.65406		
06:02:59	2000	3000	3333	9955	2667	0.99100	1.14680	2.65464		
06:03:09	2000	3000	3333	9955	2670	0.99100	1.14663	2.66816		
06:03:19	2000	3000	3333	9955	2673	0.99100	1.14658	2.67849		
06:03:30	2000	3000	3333	9955	2676	0.99100	1.14644	2.68161		
06:03:40	2000	3000	3333	9955	2679	0.99100	1.14640	2.67892		
06:03:50	2000	3000	3333	9955	2683	0.99100	1.14631	2.67602		
06:04:00	2000	3000	3333	9955	2685	0.99100	1.14623	2.68647		
06:04:10	2000	3000	3333	9955	2687	0.99100	1.14612	2.67892		
06:04:20	2000	3000	3333	9955	2688	0.99100	1.14607	2.67517		
06:04:31	2000	3000	3333	9955	2689	0.99100	1.14597	2.66189		
06:04:41	2000	3000	3333	9955	2690	0.99100	1.14590	2.67117		
06:04:51	2000	3000	3333	9955	2691	0.99100	1.14576	2.67075		
06:05:01	2000	3000	3333	9955	2692	0.99100	1.14573	2.68197		
06:05:11	2000	3000	3333	9955	2695	0.99100	1.14566	2.67102		
06:05:22	2000	3000	3333	9955	2700	0.99100	1.14558	2.66423		
06:05:32	2000	3000	3333	9955	2706	0.99100	1.14557	2.66844		
06:05:42	2000	3000	3333	9955	2713	0.99100	1.14544	2.65429		
06:05:52	2000	3000	3333	9955	2722	0.99100	1.14538	2.64543		
06:06:02	2000	3000	3333	9955	2732	0.99100	1.14532	2.65386		
06:06:13	2000	3000	3333	9955	2744	0.99100	1.14524	2.65302		
06:06:23	2000	3000	3333	9955	2757	0.99100	1.14514	2.67186		
06:06:33	2000	3000	3333	9955	2771	0.99100	1.14513	2.66463		
06:06:43	2000	3000	3333	9955	2784	0.99100	1.14510	2.66849		
06:06:53	2000	3000	3333	9955	2797	0.99100	1.14500	2.66030		
06:07:03	2000	3000	3333	9955	2810	0.99100	1.14502	2.66524		
06:07:14	2000	3000	3333	9955	2822	0.99100	1.14501	2.66867		
06:07:24	2000	3000	3333	9955	2830	0.99100	1.14503	2.66979		
06:07:34	2000	3000	3333	9955	2837	0.99100	1.14496	2.65826		
06:07:44	2000	3000	3333	9955	2844	0.99100	1.14489	2.65070		
06:07:54	2000	3000	3333	9955	2853	0.99100	1.14488	2.65859		
06:08:05	2000	3000	3333	9955	2862	0.99100	1.14482	2.66222		
06:08:15	2000	3000	3333	9955	2871	0.99100	1.14480	2.65349		
06:08:25	2000	3000	3333	9955	2881	0.99100	1.14476	2.65795		
06:08:35	2000	3000	3333	9955	2892	0.99100	1.14471	2.66461		
06:08:45	2000	3000	3333	9955	2905	0.99100	1.14468	2.67536		
06:08:55	2000	3000	3333	9955	2920	0.99100	1.14469	2.65660		
06:09:05	2000	3000	3333	9955	2937	0.99100	1.14477	2.68344		
06:09:16	2000	3000	3333	9955	2956	0.99100	1.14477	2.67218		
06:09:26	2000	3000	3333	9955	2976	0.99100	1.14482	2.67161		
06:09:36	2000	3000	3333	9955	2996	0.99100	1.14480	2.67726		
06:09:46	2000	3000	3333	9955	3019	0.99100	1.14478	2.67741		
06:09:56	2000	3000	3333	9955	3043	0.99100	1.14484	2.68363		
06:10:07	2000	3000	3333	9955	3067	0.99100	1.14476	2.67730		
06:10:17	2000	3000	3333	9955	3088	0.99100	1.14479	2.67354		
06:10:27	2000	3000	3333	9955	3108	0.99100	1.14482	2.67967		
06:10:37	2000	3000	3333	9955	3128	0.99100	1.14477	2.68645		
06:10:47	2000	3000	3333	9955	3148	0.99100	1.14473	2.68834		
06:10:57	2000	3000	3333	9955	3173	0.99100	1.14474	2.66593		
06:11:08	2000	3000	3333	9955	3199	0.99100	1.14472	2.67151		
06:11:18	2000	3000	3333	9955	3231	0.99100	1.14471	2.68280		
06:11:28	2000	3000	3333	9955	3265	0.99100	1.14474	2.68789		
06:11:38	2000	3000	3333	9955	3300	0.99100	1.14470	2.68549		
06:11:48	2000	3000	3333	9955	3333	0.99100	1.14471	2.68444		
06:11:59	2000	3000	3333	9955	3366	0.99100	1.14469	2.69227		
06:12:09	2000	3000	3333	9955	3397	0.99100	1.14466	2.69322		
06:12:19	2000	3000	3333	9955	3426	0.99100	1.14462	2.68830		
06:12:29	2000	3000	3333	9955	3452	0.99100	1.14463	2.68725		
06:12:39	2000	3000	3333	9955	3472	0.99100	1.14462	2.68870		
06:12:49	2000	3000	3333	9955	3485	0.99100	1.14459	2.69856		
06:13:00	2000	3000	3333	9955	3494	0.99100	1.14454	2.67744		
06:13:10	2000	3000	3333	9955	3498	0.99100	1.14456	2.68456		
06:13:20	2000	3000	3333	9955	3497	0.99100	1.14455	2.68986		
06:13:30	2000	3000	3333	9955	3493	0.99100	1.14457	2.69198		
06:13:40	2000	3000	3333	9955	3487	0.99100	1.14457	2.68024		
06:13:51	2000	3000	3333	9955	3478	0.99100	1.14453	2.68420		
06:14:01	2000	3000	3333	9955	3467	0.99100	1.14452	2.68276		
06:14:11	2000	3000	3333	9955	3451	0.99100	1.14459	2.67358		
06:14:21	2000	3000	3333	9955	3435	0.99100	1.14464	2.67192		
06:14:31	2000	3000	3333	9955	3418	0.99100	1.14468	2.67363		
06:14:41	2000	3000	3333	9955	3403	0.99100	1.14471	2.65338		
06:14:52	2000	3000	3333	9955	3387	0.99100	1.14477	2.65906		
06:15:02	2000	3000	3333	9955	3369	0.99100	1.14480	2.65719		
06:15:12	2000	3000	3333	9955	3335	0.99100	1.14488	2.65049		
06:15:22	2000	3000	3333	9955	3317	0.99100	1.14490	2.64702		
06:15:32	2000	3000	3333	9955	3295	0.99100	1.14494	2.64128		
06:15:43	2000	3000	3333	9955	3253	0.99100	1.14495	2.64874		
06:15:53	2000	3000	3333	9955	3218	0.99100	1.14497	2.64383		
06:16:03	2000	3000	3333	9955	3191	0.99100	1.14497	2.64425		
06:16:13	2000	3000	3333	9955	3160	0.99100	1.14498	2.64003		
06:16:23	2000	3000	3333	9955	3105	0.99100	1.14506	2.62851		
06:16:33	2000	3000	3333	9955	3092	0.99100	1.14505	2.63699		
06:16:44	2000	3000	3333	9955	3074	0.99100	1.14509	2.62868		
06:16:54	2000	3000	3333	9955	3072	0.99100	1.14514	2.62577		
06:17:04	2000	3000	3333	9955	3079	0.99100	1.14515	2.62820		
06:17:14	2000	3000	3333	9955	3085	0.99100	1.14516	2.62479		
06:17:24	2000	3000	3333	9955	3095	0.99100	1.14518	2.62143		
06:17:35	2000	3000	3333	9955	3104	0.99100	1.14527	2.63085		
06:17:45	2000	3000	3333	9955	3107	0.99100	1.14532	2.63418		
06:17:55	2000	3000	3333	9955	3109	0.99100	1.14535	2.64620		
06:18:05	2000	3000	3333	9955	3110	0.99100	1.14541	2.63837		
06:18:15	2000	3000	3333	9955	3112	0.99100	1.14548	2.63667		
06:18:26	2000	3000	3333	9955	3113	0.99100	1.14557	2.64893		
06:18:36	2000	3000	3333	9955	3115	0.99100	1.14563	2.64116		
06:18:46	2000	3000	3333	9955	3119	0.99100	1.14572	2.65346		
06:18:56	2000	3000	3333	9955	3126	0.99100	1.14579	2.65108		
06:19:06	2000	3000	3333	9955	3131	0.99100	1.14583	2.64788		
06:19:16	2000	3000	3333	9955	3138	0.99100	1.14589	2.64593		
06:19:27	2000	3000	3333	9955	3148	0.99100	1.14598	2.63438		
06:19:37	2000	3000	3333	9955	3156	0.99100	1.14605	2.64066		
06:19:47	2000	3000	3333	9955	3164	0.99100	1.14600	2.64250		
06:19:57	2000	3000	3333	9955	3168	0.99100	1.14611	2.66350		
06:20:07	2000	3000	3333	9955	3166	0.99100	1.14617	2.64581		
06:20:17	2000	3000	3333	9955	3170	0.99100	1.14624	2.63276		
06:20:27	2000	3000	3333	9955	3176	0.99100	1.14625	2.64191		
06:20:37	2000	3000	3333	9955	3184	0.99100	1.14634	2.65531		
06:20:48	2000	3000	3333	9955	3193	0.99100	1.14637	2.64696		
06:20:58	2000	3000	3333	9955	3205	0.99100	1.14638	2.65194		
06:21:08	2000	3000	3333	9955	3215	0.99100	1.14646	2.64146		
06:21:18	2000	3000	3333	9955	3220	0.99100	1.14642	2.63417		
06:21:28	2000	3000	3333	9955	3225	0.99100	1.14636	2.65233		
06:21:39	2000	3000	3333	9955	3230	0.99100	1.14628	2.62796		
06:21:49	2000	3000	3333	9955	3233	0.99100	1.14627	2.62548		
06:21:59	2000	3000	3333	9955	3235	0.99100	1.14628	2.63623		
06:22:09	2000	3000	3333	9955	3235	0.99100	1.14622	2.64045		
06:22:19	2000	3000	3333	9955	3234	0.99100	1.14613	2.65032		
06:22:30	2000	3000	3333	9955	3228	0.99100	1.14608	2.64080		
06:22:40	2000	3000	3333	9955	3220	0.99100	1.14600	2.65079		
06:22:50	2000	3000	3333	9955	3208	0.99100	1.14596	2.64459		
06:23:00	2000	3000	3333	9955	3202	0.99100	1.14591	2.64493		
06:23:10	2000	3000	3333	9955	3195	0.99100	1.14589	2.64694		
06:23:20	2000	3000	3333	9955	3185	0.99100	1.14583	2.64687		
06:23:31	2000	3000	3333	9955	3173	0.99100	1.14583	2.64653		
06:23:41	2000	3000	3333	9955	3159	0.99100	1.14575	2.64602		
06:23:51	2000	3000	3333	9955	3137	0.99100	1.14571	2.64279		
06:24:01	2000	3000	3333	9955	3081	0.99100	1.14574	2.64580		
06:24:11	2000	3000	3333	9955	3048	0.99100	1.14570	2.63951		
06:24:21	2000	3000	3333	9955	2985	0.99100	1.14566	2.63069		
06:24:32	2000	3000	3333	9955	2962	0.99100	1.14570	2.61631		
06:24:42	2000	3000	3333	9955	2930	0.99100	1.14571	2.62670		
06:24:52	2000	3000	3333	9955	2876	0.99100	1.14570	2.62323		
06:25:02	2000	3000	3333	9955	2826	0.99100	1.14564	2.62259		
06:25:12	2000	3000	3333	9955	2780	0.99100	1.14560	2.61530		
06:25:23	2000	3000	3333	9955	2739	0.99100	1.14561	2.61336		
06:25:33	2000	3000	3333	9955	2702	0.99100	1.14561	2.61842		
06:25:43	2000	3000	3333	9955	2670	0.99100	1.14563	2.62360		
06:25:53	2000	3000	3333	9955	2648	0.99100	1.14568	2.62172		
06:26:03	2000	3000	3333	9955	2647	0.99100	1.14575	2.62115		
06:26:14	2000	3000	3333	9955	2625	0.99100	1.14579	2.62886		
06:26:24	2000	3000	3333	9955	2629	0.99100	1.14575	2.64119		
06:26:34	2000	3000	3333	9955	2605	0.99100	1.14581	2.60474		
06:26:44	2000	3000	3333	9955	2589	0.99100	1.14576	2.59882		
06:26:54	2000	3000	3333	9955	2574	0.99100	1.14574	2.61919		
06:27:04	2000	3000	3333	9955	2564	0.99100	1.14573	2.61051		
06:27:15	2000	3000	3333	9955	2558	0.99100	1.14570	2.61226		
06:27:25	2000	3000	3333	9955	2558	0.99100	1.14570	2.61624		
06:27:35	2000	3000	3333	9955	2572	0.99100	1.14566	2.62028		
06:27:45	2000	3000	3333	9955	2589	0.99100	1.14569	2.62519		
06:27:55	2000	3000	3333	9955	2605	0.99100	1.14566	2.63682		
06:28:06	2000	3000	3333	9955	2625	0.99100	1.14563	2.61499		
06:28:16	2000	3000	3333	9955	2634	0.99100	1.14564	2.62273		
06:28:26	2000	3000	3333	9955	2661	0.99100	1.14563	2.62733		
06:28:36	2000	3000	3333	9955	2692	0.99100	1.14552	2.63035		
06:28:46	2000	3000	3333	9955	2710	0.99100	1.14549	2.62961		
06:28:57	2000	3000	3333	9955	2727	0.99100	1.14550	2.62015		
06:29:07	2000	3000	3333	9955	2760	0.99100	1.14546	2.62980		
06:29:17	2000	3000	3333	9955	2791	0.99100	1.14542	2.63205		
06:29:27	2000	3000	3333	9955	2821	0.99100	1.14541	2.63288		
06:29:37	2000	3000	3333	9955	2854	0.99100	1.14542	2.62864		
06:29:47	2000	3000	3333	9955	2888	0.99100	1.14543	2.62257		
06:29:58	2000	3000	3333	9955	2921	0.99100	1.14542	2.61861		
06:30:08	2000	3000	3333	9955	2950	0.99100	1.14535	2.62009		
06:30:18	2000	3000	3333	9955	2974	0.99100	1.14535	2.58655		
06:30:28	2000	3000	3333	9955	2996	0.99100	1.14527	2.59542		
06:30:38	2000	3000	3333	9955	3013	0.99100	1.14523	2.56637		
06:30:48	2000	3000	3333	9955	3028	0.99100	1.14513	2.56684		
06:30:59	2000	3000	3333	9955	3041	0.99100	1.14500	2.57689		
06:31:09	2000	3000	3333	9955	3050	0.99100	1.14492	2.57642		
06:31:19	2000	3000	3333	9955	3053	0.99100	1.14489	2.56549		
06:31:29	2000	3000	3333	9955	3053	0.99100	1.14483	2.56150		
06:31:39	2000	3000	3333	9955	3050	0.99100	1.14481	2.57217		
06:31:50	2000	3000	3333	9955	3047	0.99100	1.14478	2.54361		
06:32:00	2000	3000	3333	9955	3041	0.99100	1.14468	2.51543		
06:32:10	2000	3000	3333	9955	3031	0.99100	1.14466	2.54320		
06:32:20	2000	3000	3333	9955	3017	0.99100	1.14455	2.56890		
06:32:30	2000	3000	3333	9955	3006	0.99100	1.14450	2.56044		
06:32:41	2000	3000	3333	9955	2996	0.99100	1.14446	2.57700		
06:32:51	2000	3000	3333	9955	2984	0.99100	1.14438	2.54115		
06:33:01	2000	3000	3333	9955	2972	0.99100	1.14435	2.55327		
06:33:11	2000	3000	3333	9955	2957	0.99100	1.14431	2.55355		
06:33:21	2000	3000	3333	9955	2946	0.99100	1.14424	2.52196		
06:33:31	2000	3000	3333	9955	2940	0.99100	1.14425	2.51959		
06:33:42	2000	3000	3333	9955	2936	0.99100	1.14410	2.51491		
06:33:52	2000	3000	3333	9955	2932	0.99100	1.14402	2.53139		
06:34:02	2000	3000	3333	9818	2932	0.99088	1.14397	2.51157		
06:34:12	2000	3000	3333	5326	2936	0.98324	1.14394	2.49029		
06:34:22	2000	3000	3333	9955	2943	0.99100	1.14411	2.52317		
06:34:33	2000	3000	3333	9955	2955	0.99100	1.14403	2.52422		
06:34:43	2000	3000	3333	9955	2972	0.99100	1.14404	2.51208		
06:34:53	2000	3000	3333	5353	2992	0.98333	1.14406	2.49078		
06:35:03	2000	3000	3333	9955	3015	0.99100	1.14402	2.52117		
06:35:13	2000	3000	3333	9955	3032	0.99100	1.14400	2.53862		
06:35:23	2000	3000	3333	9955	3039	0.99100	1.14387	2.53074		
06:35:34	2000	3000	3333	9955	3040	0.99100	1.14386	2.55078		
06:35:44	2000	3000	3333	9955	3044	0.99100	1.14383	2.54759		
06:35:54	2000	3000	3333	9955	3052	0.99100	1.14385	2.52196		
06:36:04	2000	3000	3333	9955	3056	0.99100	1.14387	2.54767		
06:36:14	2000	3000	3333	9955	3060	0.99100	1.14378	2.53665		
06:36:24	2000	3000	3333	6586	3065	0.98643	1.14377	2.49877		
06:36:35	2000	3000	3333	9955	3071	0.99100	1.14377	2.51481		
06:36:45	2000	3000	3333	9955	3078	0.99100	1.14377	2.56742		
06:36:55	2000	3000	3333	9955	3077	0.99100	1.14374	2.55800		
06:37:05	2000	3000	3333	9955	3081	0.99100	1.14371	2.57265		
06:37:15	2000	3000	3333	9955	3082	0.99100	1.14366	2.53968		
06:37:26	2000	3000	3333	9955	3080	0.99100	1.14366	2.54665		
06:37:36	2000	3000	3333	9955	3076	0.99100	1.14366	2.55929		
06:37:46	2000	3000	3333	9955	3071	0.99100	1.14360	2.55389		
06:37:56	2000	3000	3333	9955	3074	0.99100	1.14362	2.56182		
06:38:06	2000	3000	3333	9955	3079	0.99100	1.14357	2.57416		
06:38:17	2000	3000	3333	9955	3081	0.99100	1.14354	2.57471		
06:38:27	2000	3000	3333	9955	3085	0.99100	1.14351	2.56181		
06:38:37	2000	3000	3333	9955	3085	0.99100	1.14344	2.57424		
06:38:47	2000	3000	3333	9955	3085	0.99100	1.14345	2.60193		
06:38:57	2000	3000	3333	9955	3088	0.99100	1.14346	2.57837		
06:39:07	2000	3000	3333	9955	3090	0.99100	1.14351	2.57979		
06:39:18	2000	3000	3333	9955	3094	0.99100	1.14350	2.58028		
06:39:28	2000	3000	3333	9955	3098	0.99100	1.14346	2.59740		
06:39:38	2000	3000	3333	9955	3102	0.99100	1.14344	2.58268		
06:39:48	2000	3000	3333	9955	3106	0.99100	1.14344	2.56040		
06:39:58	2000	3000	3333	9955	3109	0.99100	1.14337	2.56426		
06:40:09	2000	3000	3333	9955	3110	0.99100	1.14343	2.56910		
06:40:19	2000	3000	3333	9955	3109	0.99100	1.14333	2.58603		
06:40:29	2000	3000	3333	9955	3107	0.99100	1.14332	2.58097		
06:40:39	2000	3000	3333	9955	3104	0.99100	1.14325	2.59939		
06:40:49	2000	3000	3333	9955	3098	0.99100	1.14320	2.59720		
06:41:00	2000	3000	3333	9955	3091	0.99100	1.14329	2.61897		
06:41:10	2000	3000	3333	9955	3086	0.99100	1.14364	2.58287		
06:41:20	2000	3000	3333	9955	3080	0.99100	1.14365	2.59414		
06:41:30	2000	3000	3333	9955	3071	0.99100	1.14370	2.59112		
06:41:40	2000	3000	3333	9955	3061	0.99100	1.14370	2.58784		
06:41:50	2000	3000	3333	9955	3049	0.99100	1.14363	2.58875		
06:42:00	2000	3000	3333	9955	3036	0.99100	1.14361	2.53772		
06:42:11	2000	3000	3333	9955	3024	0.99100	1.14355	2.56021		
06:42:21	2000	3000	3333	9955	3013	0.99100	1.14365	2.57936		
06:42:31	2000	3000	3333	9955	3003	0.99100	1.14365	2.51492		
06:42:41	2000	3000	3333	9955	2994	0.99100	1.14368	2.55061		
06:42:51	2000	3000	3333	9955	2985	0.99100	1.14361	2.57325		
06:43:01	2000	3000	3333	9955	2977	0.99100	1.14361	2.57920		
06:43:12	2000	3000	3333	9955	2971	0.99100	1.14365	2.59544		
06:43:22	2000	3000	3333	9955	2969	0.99100	1.14366	2.59224		
06:43:32	2000	3000	3333	9955	2969	0.99100	1.14364	2.56801		
06:43:42	2000	3000	3333	9955	2970	0.99100	1.14367	2.57155		
06:43:52	2000	3000	3333	6908	2973	0.98706	1.14363	2.50021		
06:44:03	2000	3000	3333	9083	2975	0.99014	1.14357	2.50865		
06:44:13	2000	3000	3333	9955	2978	0.99100	1.14362	2.53534		
06:44:23	2000	3000	3333	9955	2981	0.99100	1.14350	2.53255		
06:44:33	2000	3000	3333	9955	2987	0.99100	1.14352	2.53312		
06:44:43	2000	3000	3333	9955	2994	0.99100	1.14355	2.53835		
06:44:54	2000	3000	3333	9955	2998	0.99100	1.14359	2.55854		
06:45:04	2000	3000	3333	9955	3001	0.99100	1.14356	2.55794		
06:45:14	2000	3000	3333	9955	3004	0.99100	1.14352	2.51886		
06:45:24	2000	3000	3333	9955	3009	0.99100	1.14351	2.55191		
06:45:34	2000	3000	3333	9955	3012	0.99100	1.14352	2.55884		
06:45:44	2000	3000	3333	9955	3015	0.99100	1.14354	2.54452		
06:45:54	2000	3000	3333	9955	3019	0.99100	1.14347	2.55445		
06:46:05	2000	3000	3333	9955	3023	0.99100	1.14353	2.54078		
06:46:15	2000	3000	3333	9955	3029	0.99100	1.14351	2.55575		
06:46:25	2000	3000	3333	9955	3035	0.99100	1.14348	2.54745		
06:46:35	2000	3000	3333	9955	3040	0.99100	1.14339	2.55718		
06:46:45	2000	3000	3333	9955	3046	0.99100	1.14350	2.54858		
06:46:56	2000	3000	3333	9955	3050	0.99100	1.14344	2.57613		
06:47:06	2000	3000	3333	9955	3054	0.99100	1.14351	2.57984		
06:47:16	2000	3000	3333	9955	3055	0.99100	1.14343	2.54580		
06:47:26	2000	3000	3333	9955	3055	0.99100	1.14343	2.54580		
06:47:36	2000	3000	3333	9955	3054	0.99100	1.14350	2.57212		
06:47:46	2000	3000	3333	9955	3051	0.99100	1.14351	2.55977		
06:47:57	2000	3000	3333	9955	3047	0.99100	1.14354	2.56763		
06:48:07	2000	3000	3333	9955	3040	0.99100	1.14346	2.57787		
06:48:17	2000	3000	3333	9955	3032	0.99100	1.14349	2.58347		
06:48:27	2000	3000	3333	9955	3018	0.99100	1.14342	2.58618		
06:48:37	2000	3000	3333	9955	3014	0.99100	1.14350	2.60540		
06:48:48	2000	3000	3333	9955	3006	0.99100	1.14350	2.58293		
06:48:58	2000	3000	3333	9955	2998	0.99100	1.14353	2.58383		
06:49:08	2000	3000	3333	9955	2986	0.99100	1.14355	2.57439		
06:49:18	2000	3000	3333	9955	2974	0.99100	1.14361	2.60081		
06:49:28	2000	3000	3333	9955	2962	0.99100	1.14364	2.55011		
06:49:39	2000	3000	3333	9955	2948	0.99100	1.14368	2.56256		
06:49:49	2000	3000	3333	9955	2936	0.99100	1.14358	2.55828		
06:49:59	2000	3000	3333	9955	2927	0.99100	1.14364	2.58220		
06:50:09	2000	3000	3333	9955	2915	0.99100	1.14367	2.58701		
06:50:19	2000	3000	3333	9955	2903	0.99100	1.14372	2.60473		
06:50:29	2000	3000	3333	9955	2891	0.99100	1.14367	2.58201		
06:50:40	2000	3000	3333	9955	2880	0.99100	1.14375	2.57162		
06:50:50	2000	3000	3333	9955	2872	0.99100	1.14374	2.59386		
06:51:00	2000	3000	3333	9955	2869	0.99100	1.14378	2.57485		
06:51:10	2000	3000	3333	9955	2867	0.99100	1.14375	2.54393		
06:51:20	2000	3000	3333	9955	2864	0.99100	1.14374	2.51485		
06:51:31	2000	3000	3333	9955	2864	0.99100	1.14371	2.51958		
06:51:41	2000	3000	3333	9955	2868	0.99100	1.14367	2.53285		
06:51:51	2000	3000	3333	9955	2875	0.99100	1.14363	2.51859		
06:52:01	2000	3000	3333	9955	2885	0.99100	1.14360	2.53419		
06:52:11	2000	3000	3333	9955	2892	0.99100	1.14360	2.56120		
06:52:22	2000	3000	3333	9955	2899	0.99100	1.14357	2.53707		
06:52:32	2000	3000	3333	9955	2899	0.99100	1.14357	2.53707		
06:52:42	2000	3000	3333	9955	2923	0.99100	1.14358	2.55458		
06:52:52	2000	3000	3333	9955	2931	0.99100	1.14357	2.57090		
06:53:02	2000	3000	3333	9955	2940	0.99100	1.14362	2.53734		
06:53:12	2000	3000	3333	9955	2947	0.99100	1.14355	2.51329		
06:53:22	2000	3000	3333	9955	2952	0.99100	1.14359	2.56443		
06:53:32	2000	3000	3333	9955	2955	0.99100	1.14353	2.54290		
06:53:42	2000	3000	3333	9955	2957	0.99100	1.14350	2.53209		
06:53:52	2000	3000	3333	9955	2955	0.99100	1.14352	2.55900		
06:54:02	2000	3000	3333	9955	2953	0.99100	1.14353	2.53853		
06:54:13	2000	3000	3333	9955	2952	0.99100	1.14351	2.52616		
06:54:23	2000	3000	3333	9955	2950	0.99100	1.14350	2.56141		
06:54:33	2000	3000	3333	9955	2947	0.99100	1.14347	2.52834		
06:54:43	2000	3000	3333	9955	2947	0.99100	1.14339	2.57221		
06:54:53	2000	3000	3333	9955	2945	0.99100	1.14344	2.57519		
06:55:04	2000	3000	3333	9955	2943	0.99100	1.14343	2.58326		
06:55:14	2000	3000	3333	9955	2942	0.99100	1.14347	2.51777		
06:55:24	2000	3000	3333	9955	2941	0.99100	1.14351	2.55987		
06:55:34	2000	3000	3333	9955	2938	0.99100	1.14349	2.55777		
06:55:44	2000	3000	3333	9955	2938	0.99100	1.14349	2.55777		
06:55:54	2000	3000	3333	9955	2937	0.99100	1.14350	2.59991		
06:56:05	2000	3000	3333	9955	2937	0.99100	1.14347	2.59084		
06:56:15	2000	3000	3333	9955	2940	0.99100	1.14361	2.59089		
06:56:25	2000	3000	3333	9955	2948	0.99100	1.14362	2.59744		
06:56:35	2000	3000	3333	9955	2959	0.99100	1.14371	2.54090		
06:56:45	2000	3000	3333	9955	2973	0.99100	1.14371	2.54676		
06:56:56	2000	3000	3333	9955	2989	0.99100	1.14376	2.56353		
06:57:06	2000	3000	3333	9955	3008	0.99100	1.14375	2.57727		
06:57:16	2000	3000	3333	9955	3027	0.99100	1.14376	2.57050		
06:57:26	2000	3000	3333	9955	3048	0.99100	1.14372	2.57076		
06:57:36	2000	3000	3333	9955	3070	0.99100	1.14374	2.56171		
06:57:46	2000	3000	3333	9955	3085	0.99100	1.14374	2.55317		
06:57:56	2000	3000	3333	9955	3098	0.99100	1.14375	2.52435		
06:58:07	2000	3000	3333	9955	3109	0.99100	1.14368	2.55058		
06:58:17	2000	3000	3333	9955	3115	0.99100	1.14372	2.58718		
06:58:27	2000	3000	3333	9955	3119	0.99100	1.14375	2.58769		
06:58:37	2000	3000	3333	9955	3121	0.99100	1.14372	2.59490		
06:58:47	2000	3000	3333	9955	3126	0.99100	1.14371	2.59534		
06:58:58	2000	3000	3333	9955	3131	0.99100	1.14375	2.56747		
06:59:08	2000	3000	3333	9955	3137	0.99100	1.14376	2.57384		
06:59:18	2000	3000	3333	9955	3145	0.99100	1.14381	2.57886		
06:59:28	2000	3000	3333	9955	3153	0.99100	1.14382	2.56923		
06:59:38	2000	3000	3333	9955	3160	0.99100	1.14386	2.57676		
06:59:48	2000	3000	3333	9955	3164	0.99100	1.14388	2.56572		
06:59:59	2000	3000	3333	9955	3171	0.99100	1.14387	2.57234		
07:00:09	2000	3000	3333	9955	3174	0.99100	1.14392	2.57275		
07:00:19	2000	3000	3333	9955	3176	0.99100	1.14391	2.53416		
07:00:29	2000	3000	3333	9955	3177	0.99100	1.14397	2.54560		
07:00:39	2000	3000	3333	9955	3178	0.99100	1.14402	2.53558		
07:00:50	2000	3000	3333	9955	3180	0.99100	1.14402	2.52412		
07:01:00	2000	3000	3333	9955	3182	0.99100	1.14405	2.53343		
07:01:10	2000	3000	3333	7304	3186	0.98775	1.14407	2.50311		
07:01:20	2000	3000	3333	9955	3188	0.99100	1.14408	2.52652		
07:01:30	2000	3000	3333	5719	3190	0.98439	1.14401	2.49362		
07:01:41	2000	3000	3333	7979	3192	0.98878	1.14400	2.50582		
07:01:51	2000	3000	3333	5430	3195	0.98356	1.14399	2.49128		
07:02:01	2000	3000	3333	9955	3194	0.99100	1.14395	2.51882		
07:02:11	2000	3000	3333	9955	3192	0.99100	1.14392	2.53983		
07:02:21	2000	3000	3333	9955	3188	0.99100	1.14390	2.55373		
07:02:31	2000	3000	3333	9955	3177	0.99100	1.14393	2.57514		
07:02:42	2000	3000	3333	9955	3163	0.99100	1.14393	2.56374		
07:02:52	2000	3000	3333	9955	3151	0.99100	1.14385	2.57206		
07:03:02	2000	3000	3333	9955	3142	0.99100	1.14390	2.55670		
07:03:12	2000	3000	3333	9955	3136	0.99100	1.14396	2.55022		
07:03:22	2000	3000	3333	9955	3127	0.99100	1.14395	2.56524		
07:03:33	2000	3000	3333	9955	3118	0.99100	1.14388	2.55285		
07:03:43	2000	3000	3333	9955	3109	0.99100	1.14388	2.57318		
07:03:53	2000	3000	3333	9955	3101	0.99100	1.14393	2.57103		
07:04:03	2000	3000	3333	9955	3092	0.99100	1.14394	2.56041		
07:04:13	2000	3000	3333	9955	3081	0.99100	1.14391	2.56995		
07:04:23	2000	3000	3333	9955	3066	0.99100	1.14394	2.55939		
07:04:33	2000	3000	3333	9955	3051	0.99100	1.14397	2.54847		
07:04:43	2000	3000	3333	9955	3034	0.99100	1.14393	2.56228		
07:04:54	2000	3000	3333	9955	3017	0.99100	1.14396	2.57210		
07:05:04	2000	3000	3333	9955	3005	0.99100	1.14398	2.55730		
07:05:14	2000	3000	3333	9955	3001	0.99100	1.14401	2.57716		
07:05:24	2000	3000	3333	9955	2999	0.99100	1.14395	2.55774		
07:05:34	2000	3000	3333	9955	2995	0.99100	1.14397	2.55372		
07:05:44	2000	3000	3333	9955	2982	0.99100	1.14394	2.55139		
07:05:55	2000	3000	3333	9955	2969	0.99100	1.14396	2.51986		
07:06:05	2000	3000	3333	3216	2955	0.97240	1.14398	2.46023		
07:06:15	2000	3000	3333	8273	2939	0.98918	1.14387	2.50664		
07:06:25	2000	3000	3333	6677	2919	0.98661	1.14384	2.49943		
07:06:35	2000	3000	3333	8437	2905	0.98939	1.14381	2.50709		
07:06:46	2000	3000	3333	9955	2900	0.99100	1.14375	2.52005		
07:06:56	2000	3000	3333	9955	2902	0.99100	1.14375	2.52726		
07:07:06	2000	3000	3333	9955	2911	0.99100	1.14370	2.52680		
07:07:16	2000	3000	3333	9955	2922	0.99100	1.14364	2.53188		
07:07:26	2000	3000	3333	9955	2936	0.99100	1.14364	2.52688		
07:07:36	2000	3000	3333	8238	2940	0.98913	1.14365	2.50603		
07:07:47	2000	3000	3333	9955	2943	0.99100	1.14362	2.51816		
07:07:57	2000	3000	3333	9955	2945	0.99100	1.14364	2.52289		
07:08:07	2000	3000	3333	9955	2944	0.99100	1.14364	2.54249		
07:08:17	2000	3000	3333	9955	2946	0.99100	1.14363	2.52259		
07:08:27	2000	3000	3333	9955	2951	0.99100	1.14364	2.52197		
07:08:38	2000	3000	3333	9955	2958	0.99100	1.14368	2.52811		
07:08:48	2000	3000	3333	9955	2969	0.99100	1.14370	2.52813		
07:08:58	2000	3000	3333	9955	2989	0.99100	1.14359	2.52723		
07:09:08	2000	3000	3333	9955	3006	0.99100	1.14362	2.52267		
07:09:18	2000	3000	3333	9955	3026	0.99100	1.14362	2.52421		
07:09:28	2000	3000	3333	9955	3048	0.99100	1.14362	2.52673		
07:09:39	2000	3000	3333	9955	3069	0.99100	1.14358	2.52667		
07:09:49	2000	3000	3333	9955	3093	0.99100	1.14363	2.54812		
07:09:59	2000	3000	3333	9955	3115	0.99100	1.14368	2.55960		
07:10:09	2000	3000	3333	9955	3136	0.99100	1.14366	2.55308		
07:10:19	2000	3000	3333	9955	3147	0.99100	1.14358	2.56445		
07:10:30	2000	3000	3333	9955	3147	0.99100	1.14368	2.56981		
07:10:40	2000	3000	3333	9955	3141	0.99100	1.14366	2.55558		
07:10:50	2000	3000	3333	9955	3134	0.99100	1.14362	2.53564		
07:11:00	2000	3000	3333	4640	3129	0.98079	1.14372	2.48299		
07:11:10	2000	3000	3333	9955	3127	0.99100	1.14369	2.53324		
07:11:20	2000	3000	3333	7588	3122	0.98821	1.14361	2.50337		
07:11:31	2000	3000	3333	9955	3118	0.99100	1.14355	2.55323		
07:11:41	2000	3000	3333	9955	3108	0.99100	1.14357	2.53093		
07:11:51	2000	3000	3333	9717	3097	0.99078	1.14352	2.51032		
07:12:01	2000	3000	3333	9955	3083	0.99100	1.14353	2.54541		
07:12:11	2000	3000	3333	9955	3063	0.99100	1.14353	2.51957		
07:12:21	2000	3000	3333	7064	3044	0.98734	1.14354	2.50080		
07:12:32	2000	3000	3333	6255	3029	0.98571	1.14348	2.49615		
07:12:42	2000	3000	3333	8958	3016	0.99000	1.14352	2.50816		
07:12:52	2000	3000	3333	6311	3007	0.98584	1.14351	2.49657		
07:13:02	2000	3000	3333	6346	3000	0.98592	1.14343	2.49661		
07:13:12	2000	3000	3333	9955	2996	0.99100	1.14341	2.51566		
07:13:23	2000	3000	3333	9955	2992	0.99100	1.14332	2.52723		
07:13:33	2000	3000	3333	9955	2989	0.99100	1.14337	2.54916		
07:13:43	2000	3000	3333	9955	2989	0.99100	1.14334	2.53102		
07:13:53	2000	3000	3333	9955	2993	0.99100	1.14339	2.53370		
07:14:03	2000	3000	3333	9955	2994	0.99100	1.14333	2.53474		
07:14:14	2000	3000	3333	9955	2994	0.99100	1.14334	2.52371		
07:14:24	2000	3000	3333	9955	2995	0.99100	1.14331	2.55829		
07:14:34	2000	3000	3333	9955	2993	0.99100	1.14332	2.56410		
07:14:44	2000	3000	3333	9955	2992	0.99100	1.14332	2.57516		
07:14:54	2000	3000	3333	9955	2994	0.99100	1.14330	2.56373		
07:15:04	2000	3000	3333	9955	2996	0.99100	1.14322	2.56364		
07:15:15	2000	3000	3333	9955	2990	0.99100	1.14342	2.56660		
07:15:25	2000	3000	3333	9955	2987	0.99100	1.14341	2.54375		
07:15:35	2000	3000	3333	9955	2987	0.99100	1.14335	2.55004		
07:15:45	2000	3000	3333	9955	2987	0.99100	1.14337	2.53788		
07:15:55	2000	3000	3333	9955	2991	0.99100	1.14341	2.57336		
07:16:05	2000	3000	3333	9955	2993	0.99100	1.14331	2.57919		
07:16:15	2000	3000	3333	9955	2999	0.99100	1.14340	2.57455		
07:16:26	2000	3000	3333	9955	3010	0.99100	1.14341	2.56588		
07:16:36	2000	3000	3333	9955	3022	0.99100	1.14350	2.57190		
07:16:46	2000	3000	3333	9955	3031	0.99100	1.14336	2.55909		
07:16:56	2000	3000	3333	9955	3041	0.99100	1.14347	2.56809		
07:17:06	2000	3000	3333	9955	3049	0.99100	1.14350	2.57931		
07:17:16	2000	3000	3333	9955	3058	0.99100	1.14351	2.56252		
07:17:26	2000	3000	3333	9955	3071	0.99100	1.14348	2.56687		
07:17:36	2000	3000	3333	9955	3084	0.99100	1.14357	2.57369		
07:17:46	2000	3000	3333	9955	3096	0.99100	1.14348	2.53287		
07:17:56	2000	3000	3333	9955	3108	0.99100	1.14358	2.54671		
07:18:07	2000	3000	3333	9955	3118	0.99100	1.14356	2.52945		
07:18:17	2000	3000	3333	9955	3124	0.99100	1.14359	2.55112		
07:18:27	2000	3000	3333	9955	3126	0.99100	1.14359	2.54476		
07:18:37	2000	3000	3333	9955	3123	0.99100	1.14352	2.54961		
07:18:47	2000	3000	3333	9955	3114	0.99100	1.14349	2.52393		
07:18:57	2000	3000	3333	3646	3106	0.97562	1.14347	2.46807		
07:19:08	2000	3000	3333	8811	3100	0.98984	1.14353	2.50772		
07:19:18	2000	3000	3333	9955	3093	0.99100	1.14349	2.52455		
07:19:28	2000	3000	3333	9955	3083	0.99100	1.14349	2.55425		
07:19:38	2000	3000	3333	9955	3076	0.99100	1.14348	2.56010		
07:19:48	2000	3000	3333	9955	3074	0.99100	1.14344	2.56768		
07:19:59	2000	3000	3333	9955	3076	0.99100	1.14344	2.56036		
07:20:09	2000	3000	3333	9955	3079	0.99100	1.14352	2.57104		
07:20:19	2000	3000	3333	9955	3085	0.99100	1.14354	2.56604		
07:20:29	2000	3000	3333	9955	3091	0.99100	1.14360	2.57037		
07:20:39	2000	3000	3333	9955	3101	0.99100	1.14354	2.57724		
07:20:49	2000	3000	3333	9955	3118	0.99100	1.14360	2.54049		
07:21:00	2000	3000	3333	9955	3133	0.99100	1.14352	2.58848		
07:21:10	2000	3000	3333	9955	3145	0.99100	1.14348	2.58674		
07:21:20	2000	3000	3333	9955	3151	0.99100	1.14360	2.57236		
07:21:30	2000	3000	3333	9955	3155	0.99100	1.14365	2.54242		
07:21:40	2000	3000	3333	9955	3158	0.99100	1.14360	2.54014		
07:21:50	2000	3000	3333	9955	3158	0.99100	1.14353	2.56158		
07:22:01	2000	3000	3333	9955	3158	0.99100	1.14353	2.57171		
07:22:11	2000	3000	3333	9955	3157	0.99100	1.14349	2.57732		
07:22:21	2000	3000	3333	9955	3157	0.99100	1.14341	2.57654		
07:22:31	2000	3000	3333	9955	3157	0.99100	1.14350	2.56066		
07:22:41	2000	3000	3333	9955	3156	0.99100	1.14349	2.57898		
07:22:51	2000	3000	3333	9955	3158	0.99100	1.14356	2.55958		
07:23:02	2000	3000	3333	9955	3159	0.99100	1.14361	2.54115		
07:23:12	2000	3000	3333	9955	3161	0.99100	1.14364	2.54215		
07:23:22	2000	3000	3333	9955	3161	0.99100	1.14357	2.56251		
07:23:32	2000	3000	3333	9955	3154	0.99100	1.14358	2.56803		
07:23:42	2000	3000	3333	9955	3143	0.99100	1.14356	2.55527		
07:23:53	2000	3000	3333	9955	3137	0.99100	1.14349	2.55626		
07:24:03	2000	3000	3333	9955	3128	0.99100	1.14352	2.58190		
07:24:13	2000	3000	3333	9955	3117	0.99100	1.14361	2.58816		
07:24:23	2000	3000	3333	9955	3108	0.99100	1.14357	2.57010		
07:24:33	2000	3000	3333	9955	3095	0.99100	1.14361	2.59401		
07:24:44	2000	3000	3333	9955	3084	0.99100	1.14363	2.56782		
07:24:54	2000	3000	3333	9955	3076	0.99100	1.14361	2.57776		
07:25:04	2000	3000	3333	9955	3073	0.99100	1.14355	2.59740		
07:25:14	2000	3000	3333	9955	3066	0.99100	1.14363	2.58848		
07:25:24	2000	3000	3333	9955	3057	0.99100	1.14362	2.57568		
07:25:34	2000	3000	3333	9955	3050	0.99100	1.14368	2.57118		
07:25:45	2000	3000	3333	9955	3038	0.99100	1.14367	2.57214		
07:25:55	2000	3000	3333	9955	3021	0.99100	1.14372	2.57996		
07:26:05	2000	3000	3333	9955	3004	0.99100	1.14367	2.58332		
07:26:15	2000	3000	3333	9955	2987	0.99100	1.14377	2.57935		
07:26:25	2000	3000	3333	9955	2961	0.99100	1.14377	2.56658		
07:26:36	2000	3000	3333	9955	2934	0.99100	1.14380	2.57721		
07:26:46	2000	3000	3333	9955	2911	0.99100	1.14379	2.59090		
07:26:56	2000	3000	3333	9955	2889	0.99100	1.14380	2.57795		
07:27:06	2000	3000	3333	9955	2871	0.99100	1.14385	2.59339		
07:27:16	2000	3000	3333	9955	2857	0.99100	1.14383	2.56504		
07:27:27	2000	3000	3333	9955	2839	0.99100	1.14386	2.55602		
07:27:37	2000	3000	3333	9955	2819	0.99100	1.14387	2.52754		
07:27:47	2000	3000	3333	9955	2799	0.99100	1.14376	2.56752		
07:27:57	2000	3000	3333	9955	2782	0.99100	1.14378	2.56594		
07:28:07	2000	3000	3333	9955	2768	0.99100	1.14379	2.57143		
07:28:17	2000	3000	3333	9955	2750	0.99100	1.14381	2.56037		
07:28:28	2000	3000	3333	9955	2750	0.99100	1.14381	2.56037		
07:28:38	2000	3000	3333	7324	2750	0.98779	1.14384	2.50270		
07:28:48	2000	3000	3333	9955	2754	0.99100	1.14378	2.53492		
07:28:58	2000	3000	3333	9955	2764	0.99100	1.14373	2.54843		
07:29:08	2000	3000	3333	9955	2775	0.99100	1.14369	2.54165		
07:29:18	2000	3000	3333	9955	2786	0.99100	1.14368	2.54735		
07:29:29	2000	3000	3333	9955	2794	0.99100	1.14366	2.56759		
07:29:39	2000	3000	3333	9955	2807	0.99100	1.14370	2.56056		
07:29:49	2000	3000	3333	9955	2826	0.99100	1.14373	2.56197		
07:29:59	2000	3000	3333	9955	2833	0.99100	1.14374	2.56345		
07:30:09	2000	3000	3333	9955	2839	0.99100	1.14373	2.55233		
07:30:20	2000	3000	3333	9955	2842	0.99100	1.14374	2.52096		
07:30:30	2000	3000	3333	9955	2841	0.99100	1.14369	2.52869		
07:30:40	2000	3000	3333	9955	2843	0.99100	1.14365	2.56967		
07:30:50	2000	3000	3333	9955	2849	0.99100	1.14371	2.57074		
07:31:00	2000	3000	3333	9955	2857	0.99100	1.14372	2.54032		
07:31:11	2000	3000	3333	9955	2861	0.99100	1.14371	2.53349		
07:31:21	2000	3000	3333	9955	2867	0.99100	1.14367	2.55140		
07:31:31	2000	3000	3333	9955	2864	0.99100	1.14363	2.58742		
07:31:41	2000	3000	3333	9955	2864	0.99100	1.14369	2.56087		
07:31:51	2000	3000	3333	9955	2867	0.99100	1.14368	2.54671		
07:32:01	2000	3000	3333	9955	2870	0.99100	1.14371	2.55766		
07:32:11	2000	3000	3333	9955	2875	0.99100	1.14372	2.51252		
07:32:21	2000	3000	3333	9955	2871	0.99100	1.14375	2.57083		
07:32:32	2000	3000	3333	9955	2873	0.99100	1.14370	2.55197		
07:32:42	2000	3000	3333	9955	2877	0.99100	1.14366	2.54602		
07:32:52	2000	3000	3333	9955	2882	0.99100	1.14366	2.54490		
07:33:02	2000	3000	3333	9955	2890	0.99100	1.14368	2.56080		
07:33:12	2000	3000	3333	9955	2895	0.99100	1.14365	2.57858		
07:33:22	2000	3000	3333	9955	2902	0.99100	1.14356	2.57379		
07:33:32	2000	3000	3333	9955	2913	0.99100	1.14360	2.55189		
07:33:42	2000	3000	3333	9955	2913	0.99100	1.14360	2.55189		
07:33:52	2000	3000	3333	9955	2946	0.99100	1.14357	2.58804		
07:34:02	2000	3000	3333	9955	2961	0.99100	1.14361	2.56928		
07:34:12	2000	3000	3333	9955	2974	0.99100	1.14365	2.55577		
07:34:22	2000	3000	3333	9955	2986	0.99100	1.14368	2.53162		
07:34:32	2000	3000	3333	9955	2993	0.99100	1.14365	2.54742		
07:34:42	2000	3000	3333	9955	2997	0.99100	1.14363	2.55050		
07:34:52	2000	3000	3333	9955	3001	0.99100	1.14366	2.55822		
07:35:03	2000	3000	3333	9955	3003	0.99100	1.14365	2.55694		
07:35:13	2000	3000	3333	9955	3004	0.99100	1.14358	2.57463		
07:35:23	2000	3000	3333	9955	3004	0.99100	1.14358	2.57463		
07:35:33	2000	3000	3333	9955	2996	0.99100	1.14359	2.56456		
07:35:43	2000	3000	3333	9955	2996	0.99100	1.14359	2.56456		


			DELHI AIRPORT : 30 m Base line


Time	RVR	 MOR	RVR	MOR	BLM	Trf	 Ref(v)	PD(v)
	(limited)	(limited)	(actual)	(actual)

15:12:02	2000	3000	2653	9955	2	0.99100	1.12161	3.04878		
15:12:12	2000	3000	3333	9955	2	0.99100	1.12388	3.05119		
15:12:22	2000	3000	3333	9955	2	0.99100	1.12425	3.05435		
15:12:32	2000	3000	3333	9955	2	0.99100	1.12425	3.05435		
15:12:42	2000	3000	3333	9955	2	0.99100	1.12198	3.06001		
15:12:52	2000	3000	3333	9955	2	0.99100	1.12198	3.06001		
15:13:02	2000	3000	3333	9955	2	0.99100	1.12518	2.93830		
15:13:12	2000	3000	3333	9955	2	0.99100	1.12532	3.04803		
15:13:22	2000	3000	3333	9955	2	0.99100	1.12408	3.03531		
15:13:32	2000	3000	3333	9955	2	0.99100	1.12497	3.03634		
15:13:43	2000	3000	3333	9955	2	0.99100	1.12332	3.03462		
15:13:53	2000	3000	3333	9955	2	0.99100	1.12309	3.04366		
15:14:03	2000	3000	3333	9955	2	0.99100	1.12508	3.02074		
15:14:13	2000	3000	3333	9955	2	0.99100	1.12615	3.02455		
15:14:23	2000	3000	3333	9955	2	0.99100	1.12489	3.03733		
15:14:33	2000	3000	3333	9955	2	0.99100	1.12414	3.02790		
15:14:43	2000	3000	3333	9955	2	0.99100	1.12415	3.04372		
15:14:53	2000	3000	3333	9955	2	0.99100	1.12463	3.03787		
15:15:03	2000	3000	3333	9955	2	0.99100	1.12575	3.03723		
15:15:13	2000	3000	3333	9955	2	0.99100	1.12575	3.03723		
15:15:24	2000	3000	3333	9955	2	0.99100	1.12343	3.03847		
15:15:34	2000	3000	3333	9955	2	0.99100	1.12308	3.04622		
15:15:44	2000	3000	3333	9955	2	0.99100	1.12483	3.03301		
15:15:54	2000	3000	3333	9955	2	0.99100	1.12338	2.99789		
15:16:04	2000	3000	3333	9955	2	0.99100	1.12325	3.03395		
15:16:14	2000	3000	3333	9955	2	0.99100	1.12223	3.02587		
15:16:24	2000	3000	3333	9955	2	0.99100	1.12307	3.03422		
15:16:34	2000	3000	3333	9955	2	0.99100	1.12075	3.04562		
15:16:44	2000	3000	3333	9955	2	0.99100	1.12075	3.04562		
15:16:54	2000	3000	3333	9955	2	0.99100	1.12402	2.89569		
15:17:05	2000	3000	3333	9955	2	0.99100	1.12512	2.85633		
15:17:15	2000	3000	3333	9955	2	0.99100	1.12336	3.00565		
15:17:25	2000	3000	3333	9955	2	0.99100	1.12438	3.01146		
15:17:35	2000	3000	3333	9955	2	0.99100	1.12418	3.01249		
15:17:45	2000	3000	3333	9955	2	0.99100	1.12450	3.00773		
15:17:55	2000	3000	3333	9955	2	0.99100	1.12355	3.02131		
15:18:05	2000	3000	3333	9955	2	0.99100	1.12680	3.01512		
15:18:15	2000	3000	3333	9955	2	0.99100	1.12502	3.01974		
15:18:25	2000	3000	3333	9955	2	0.99100	1.12419	3.00728		
15:18:35	2000	3000	3333	9955	2	0.99100	1.12521	2.84568		
15:18:45	2000	3000	3333	9955	2	0.99100	1.12404	3.00683		
15:18:56	2000	3000	3333	9955	2	0.99100	1.12433	3.02382		
15:19:06	2000	3000	3333	9955	2	0.99100	1.12197	3.02489		
15:19:16	2000	3000	3333	9955	2	0.99100	1.12339	3.02470		
15:19:26	2000	3000	3333	9955	2	0.99100	1.12262	3.03137		
15:19:36	2000	3000	3333	9955	2	0.99100	1.12248	3.02197		
15:19:46	2000	3000	3333	9955	2	0.99100	1.12276	2.92095		
15:19:56	2000	3000	3333	9955	2	0.99100	1.12218	2.96245		
15:20:06	2000	3000	3333	9955	2	0.99100	1.12411	2.93696		
15:20:16	2000	3000	3333	9955	2	0.99100	1.12092	2.99919		
15:20:26	2000	3000	3333	9955	2	0.99100	1.12276	3.00980		
15:20:36	2000	3000	3333	9955	2	0.99100	1.12336	3.01110		
15:20:47	2000	3000	3333	9955	2	0.99100	1.12294	3.00159		
15:20:57	2000	3000	3333	9955	2	0.99100	1.12230	3.01135		
15:21:07	2000	3000	3333	9955	2	0.99100	1.12441	3.00019		
15:21:17	2000	3000	3333	9955	2	0.99100	1.12558	2.99539		
15:21:27	2000	3000	3333	9955	2	0.99100	1.12356	3.00953		
15:21:37	2000	3000	3333	9955	2	0.99100	1.12364	2.99981		
15:21:47	2000	3000	3333	9955	2	0.99100	1.12349	2.99956		
15:21:57	2000	3000	3333	9955	2	0.99100	1.12453	3.00236		
15:22:07	2000	3000	3333	9955	2	0.99100	1.12360	3.01293		
15:22:17	2000	3000	3333	9955	2	0.99100	1.12212	2.98951		
15:22:27	2000	3000	3333	9955	2	0.99100	1.12221	2.94071		
15:22:38	2000	3000	3333	9955	2	0.99100	1.12038	2.94578		
15:22:48	2000	3000	3333	9955	2	0.99100	1.12298	3.00476		
15:22:58	2000	3000	3333	9955	2	0.99100	1.12069	2.99657		
15:23:08	2000	3000	3333	9955	2	0.99100	1.12378	3.00969		
15:23:18	2000	3000	3333	9955	2	0.99100	1.12304	3.02507		
15:23:28	2000	3000	3333	9955	2	0.99100	1.12437	3.01568		
15:23:38	2000	3000	3333	9955	2	0.99100	1.12218	2.99766		
15:23:48	2000	3000	3333	9955	2	0.99100	1.12181	3.01212		
15:23:58	2000	3000	3333	9955	2	0.99100	1.12257	2.97238		
15:24:08	2000	3000	3333	9955	2	0.99100	1.12225	3.03290		
15:24:19	2000	3000	3333	9955	2	0.99100	1.12334	2.93450		
15:24:29	2000	3000	3333	9955	2	0.99100	1.11959	3.01459		
15:24:39	2000	3000	3333	9955	2	0.99100	1.11992	3.01822		
15:24:49	2000	3000	3333	9955	2	0.99100	1.12040	3.02182		
15:24:59	2000	3000	3333	9955	2	0.99100	1.12210	3.02300		
15:25:09	2000	3000	3333	9955	2	0.99100	1.11876	3.02896		
15:25:19	2000	3000	3333	9955	2	0.99100	1.11945	3.02908		
15:25:29	2000	3000	3333	9955	2	0.99100	1.12225	3.02478		
15:25:39	2000	3000	3333	9955	2	0.99100	1.12225	3.02478		
15:25:49	2000	3000	3333	9955	2	0.99100	1.12177	3.02371		
15:26:00	2000	3000	3333	9955	2	0.99100	1.12102	3.02955		
15:26:10	2000	3000	3333	9955	2	0.99100	1.12195	2.98645		
15:26:20	2000	3000	3333	9955	2	0.99100	1.12123	2.86589		
15:26:30	2000	3000	3333	9955	2	0.99100	1.11866	3.12783		
15:26:40	2000	3000	3333	9955	2	0.99100	1.11847	3.13518		
15:26:50	2000	3000	3333	9955	2	0.99100	1.12132	3.13412		
15:27:00	2000	3000	3333	9955	2	0.99100	1.12147	3.12200		
15:27:10	2000	3000	3333	9955	2	0.99100	1.12273	3.12535		
15:27:21	2000	3000	3333	9955	2	0.99100	1.12273	3.12535		
15:27:31	2000	3000	3333	9955	2	0.99100	1.12207	3.11628		
15:27:41	2000	3000	3333	9955	2	0.99100	1.12247	3.11514		
15:27:51	2000	3000	3333	9955	2	0.99100	1.12275	2.98205		
15:28:01	2000	3000	3333	9955	2	0.99100	1.12332	2.94125		
15:28:11	2000	3000	3333	9955	2	0.99100	1.12163	3.05119		
15:28:22	2000	3000	3333	9955	2	0.99100	1.12190	3.08242		
15:28:32	2000	3000	3333	9955	2	0.99100	1.12106	3.08354		
15:28:42	2000	3000	3333	9955	2	0.99100	1.12233	3.06659		
15:28:52	2000	3000	3333	9955	2	0.99100	1.12284	3.04951		
15:29:02	2000	3000	3333	9955	2	0.99100	1.12197	3.07153		
15:29:13	2000	3000	3333	9955	2	0.99100	1.12152	3.07184		
15:29:23	2000	3000	3333	9955	2	0.99100	1.12160	3.06709		
15:29:33	2000	3000	3333	9955	2	0.99100	1.12169	3.06787		
15:29:43	2000	3000	3333	9955	2	0.99100	1.12169	3.06787		
15:29:53	2000	3000	3333	9955	2	0.99100	1.12169	3.06787		
