

			DELHI AIRPORT : 30 m Base line


Time	RVR	 MOR	RVR	MOR	BLM	Trf	 Ref(v)	PD(v)
	(limited)	(limited)	(actual)	(actual)

04:30:07	2000	3000	3333	4635	3285	0.98077	1.12999	2.45313		
04:30:18	2000	3000	3333	7225	3282	0.98762	1.13005	2.47207		
04:30:28	2000	3000	3333	5943	3277	0.98497	1.13003	2.46475		
04:30:38	2000	3000	3333	9955	3271	0.99100	1.13008	2.48899		
04:30:48	2000	3000	3333	9955	3266	0.99100	1.12992	2.50642		
04:30:58	2000	3000	3333	9955	3260	0.99100	1.13000	2.50543		
04:31:08	2000	3000	3333	9955	3254	0.99100	1.12990	2.50240		
04:31:19	2000	3000	3333	8441	3250	0.98939	1.12993	2.47668		
04:31:29	2000	3000	3333	5644	3245	0.98418	1.12989	2.46227		
04:31:39	2000	3000	3333	5304	3240	0.98317	1.12988	2.45949		
04:31:49	2000	3000	3333	8258	3237	0.98916	1.13303	2.48283		
04:31:59	2000	3000	3333	6141	3236	0.98545	1.12972	2.46539		
04:32:09	2000	3000	3333	5935	3234	0.98495	1.12973	2.46404		
04:32:20	2000	3000	3333	6250	3236	0.98570	1.12974	2.46613		
04:32:30	2000	3000	3333	9955	3240	0.99100	1.12969	2.48403		
04:32:40	2000	3000	3333	4774	3242	0.98132	1.12961	2.45382		
04:32:50	2000	3000	3333	4406	3243	0.97978	1.12958	2.44952		
04:33:00	2000	3000	3333	4247	3246	0.97903	1.12961	2.44753		
04:33:10	2000	3000	3333	4798	3250	0.98142	1.12954	2.45393		
04:33:21	2000	3000	3333	4244	3260	0.97902	1.12947	2.44718		
04:33:31	2000	3000	3333	3932	3264	0.97737	1.12943	2.44258		
04:33:41	2000	3000	3333	4374	3274	0.97963	1.12937	2.44866		
04:33:51	2000	3000	3333	4494	3285	0.98017	1.12933	2.45005		
04:34:01	2000	3000	3333	4331	3297	0.97943	1.12924	2.44783		
04:34:12	2000	3000	3333	4676	3310	0.98094	1.12927	2.45202		
04:34:22	2000	3000	3333	4295	3324	0.97926	1.12924	2.44736		
04:34:32	2000	3000	3333	6760	3337	0.98677	1.12915	2.46778		
04:34:42	2000	3000	3333	5800	3347	0.98460	1.12919	2.46191		
04:34:52	2000	3000	3333	5463	3355	0.98366	1.12917	2.45928		
04:35:02	2000	3000	3333	5848	3362	0.98473	1.12913	2.46212		
04:35:13	2000	3000	3333	5727	3368	0.98441	1.12913	2.46124		
04:35:23	2000	3000	3333	6336	3373	0.98590	1.12910	2.46526		
04:35:33	2000	3000	3333	6943	3375	0.98712	1.12905	2.46851		
04:35:43	2000	3000	3333	6658	3378	0.98657	1.12904	2.46699		
04:35:53	2000	3000	3333	9798	3383	0.99086	1.12904	2.47874		
04:36:03	2000	3000	3333	6379	3388	0.98599	1.12904	2.46539		
04:36:13	2000	3000	3333	5041	3389	0.98231	1.12929	2.45582		
04:36:23	2000	3000	3333	5189	3390	0.98280	1.13214	2.46339		
04:36:34	2000	3000	3333	5417	3390	0.98352	1.12933	2.45925		
04:36:44	2000	3000	3333	9955	3391	0.99100	1.12933	2.47979		
04:36:54	2000	3000	3333	6290	3389	0.98579	1.12937	2.46557		
04:37:04	2000	3000	3333	5871	3391	0.98479	1.12932	2.46270		
04:37:14	2000	3000	3333	5537	3394	0.98388	1.12936	2.46029		
04:37:25	2000	3000	3333	5480	3397	0.98371	1.12935	2.45981		
04:37:35	2000	3000	3333	4558	3397	0.98045	1.12939	2.45094		
04:37:45	2000	3000	3333	5359	3398	0.98335	1.12935	2.45881		
04:37:55	2000	3000	3333	5201	3392	0.98284	1.12934	2.45741		
04:38:05	2000	3000	3333	9016	3391	0.99007	1.12933	2.47721		
04:38:15	2000	3000	3333	7352	3387	0.98783	1.12933	2.47108		
04:38:26	2000	3000	3333	5974	3383	0.98505	1.12926	2.46328		
04:38:36	2000	3000	3333	8450	3379	0.98941	1.12930	2.47533		
04:38:46	2000	3000	3333	6587	3375	0.98643	1.12930	2.46716		
04:38:56	2000	3000	3333	6936	3367	0.98711	1.12927	2.46896		
04:39:06	2000	3000	3333	7753	3360	0.98846	1.12929	2.47271		
04:39:17	2000	3000	3333	5383	3354	0.98342	1.12931	2.45892		
04:39:27	2000	3000	3333	5181	3353	0.98278	1.12933	2.45721		
04:39:37	2000	3000	3333	6727	3353	0.98671	1.12930	2.46793		
04:39:47	2000	3000	3333	4152	3352	0.97856	1.12932	2.44560		
04:39:57	2000	3000	3333	3325	3347	0.97330	1.12928	2.43107		
04:40:08	2000	3000	3333	3822	3338	0.97673	1.12931	2.44055		
04:40:18	2000	3000	3333	4849	3327	0.98161	1.12926	2.45385		
04:40:28	2000	3000	3333	3568	3321	0.97509	1.12928	2.43600		
04:40:38	2000	3000	3333	3453	3313	0.97427	1.12927	2.43373		
04:40:48	2000	3000	3333	3058	3311	0.97099	1.12930	2.42480		
04:40:58	2000	3000	3333	3074	3298	0.97114	1.12917	2.42493		
04:41:09	2000	3000	3333	2704	3296	0.96726	1.12920	2.41434		
04:41:19	2000	3000	3032	2335	3284	0.96219	1.12932	2.40068		
04:41:29	2000	2900	2967	3182	3272	0.97211	1.12920	2.42764		
04:41:39	2000	2900	2937	3273	3263	0.97287	1.12924	2.42983		
04:41:49	2000	2900	2987	3357	3261	0.97355	1.12924	2.43167		
04:42:00	2000	2900	2953	2870	3255	0.96913	1.12917	2.41940		
04:42:10	2000	2900	2968	2796	3251	0.96832	1.12918	2.41720		
04:42:20	2000	3000	3043	2781	3250	0.96816	1.12917	2.41673		
04:42:30	2000	2900	2972	2755	3248	0.96786	1.12913	2.41584		
04:42:40	2000	2900	2943	3102	3246	0.97140	1.12916	2.42561		
04:42:51	2000	2900	2924	3242	3246	0.97263	1.12914	2.42893		
04:43:01	2000	3000	3045	3599	3247	0.97530	1.12916	2.43632		
04:43:11	2000	3000	3181	3612	3243	0.97539	1.12913	2.43649		
04:43:21	2000	3000	3177	2752	3242	0.96782	1.12910	2.41566		
04:43:31	2000	3000	3263	3271	3243	0.97286	1.12912	2.42954		
04:43:41	2000	3000	3064	1910	3247	0.95397	1.12906	2.37758		
04:43:51	2000	2800	2842	1910	3247	0.95397	1.12906	2.37758		
04:44:02	2000	2600	2689	2679	3253	0.96696	1.12902	2.41313		
04:44:12	2000	2500	2554	2802	3254	0.96839	1.12906	2.41715		
04:44:22	2000	2900	2908	4878	3262	0.98172	1.13385	2.46412		
04:44:32	2000	3000	3026	3981	3270	0.97765	1.13519	2.45580		
04:44:42	2000	3000	3333	3758	3276	0.97633	1.13516	2.45211		
04:44:53	2000	3000	3333	3312	3281	0.97319	1.13544	2.44405		
04:45:03	2000	3000	3333	3878	3285	0.97706	1.13534	2.45450		
04:45:13	2000	3000	3333	4410	3290	0.97980	1.13518	2.46171		
04:45:23	2000	3000	3333	4430	3293	0.97989	1.13514	2.46187		
04:45:33	2000	3000	3333	4671	3294	0.98092	1.13480	2.46397		
04:45:44	2000	3000	3333	3759	3296	0.97634	1.13296	2.44738		
04:45:54	2000	3000	3333	2835	3301	0.96875	1.12976	2.41963		
04:46:04	2000	3000	3333	2805	3307	0.96843	1.12975	2.41872		
04:46:14	2000	3000	3333	3474	3311	0.97443	1.12975	2.43519		
04:46:24	2000	3000	3333	3718	3313	0.97608	1.12976	2.43976		
04:46:34	2000	3000	3333	3830	3318	0.97677	1.12975	2.44163		
04:46:45	2000	3000	3333	3473	3325	0.97442	1.12975	2.43517		
04:46:55	2000	3000	3333	4271	3332	0.97915	1.12971	2.44807		
04:47:05	2000	3000	3333	4499	3338	0.98020	1.12970	2.45092		
04:47:15	2000	3000	3333	3954	3340	0.97749	1.12970	2.44350		
04:47:25	2000	3000	3333	3580	3345	0.97517	1.12965	2.43702		
04:47:35	2000	3000	3333	4060	3349	0.97808	1.12963	2.44495		
04:47:45	2000	3000	3333	2835	3351	0.96875	1.12954	2.41916		
04:47:56	2000	3000	3333	3103	3352	0.97141	1.12936	2.42607		
04:48:06	2000	3000	3333	3392	3356	0.97381	1.12926	2.43245		
04:48:16	2000	3000	3333	3185	3358	0.97214	1.12903	2.42736		
04:48:26	2000	3000	3333	4043	3356	0.97799	1.12893	2.44319		
04:48:36	2000	3000	3333	4043	3356	0.97799	1.12893	2.44319		
04:48:47	2000	3000	3333	4552	3361	0.98042	1.12883	2.44966		
04:48:57	2000	3000	3333	3005	3365	0.97049	1.12886	2.42248		
04:49:07	2000	3000	3333	2957	3368	0.97002	1.12881	2.42107		
04:49:17	2000	3000	3333	3641	3371	0.97559	1.12879	2.43630		
04:49:27	2000	3000	3333	3921	3372	0.97731	1.12885	2.44115		
04:49:37	2000	3000	3333	3796	3373	0.97657	1.12881	2.43904		
04:49:48	2000	3000	3333	4686	3375	0.98098	1.12882	2.45115		
04:49:58	2000	3000	3333	4354	3375	0.97954	1.12877	2.44711		
04:50:08	2000	3000	3333	2957	3377	0.97002	1.12878	2.42102		
04:50:18	2000	3000	3333	3714	3376	0.97606	1.12873	2.43747		
04:50:28	2000	3000	3333	3019	3372	0.97063	1.12872	2.42255		
04:50:39	2000	3000	3333	3012	3367	0.97056	1.12864	2.42220		
04:50:49	2000	3000	3333	3070	3371	0.97111	1.12865	2.42373		
04:50:59	2000	3000	3239	3662	3373	0.97572	1.12861	2.43629		
04:51:09	2000	3000	3333	3568	3374	0.97509	1.12855	2.43443		
04:51:19	2000	3000	3333	4049	3372	0.97801	1.12859	2.44253		
04:51:30	2000	3000	3333	4153	3371	0.97856	1.12854	2.44392		
04:51:40	2000	3000	3333	3454	3371	0.97428	1.12849	2.43207		
04:51:50	2000	3000	3333	3897	3372	0.97717	1.12845	2.43991		
04:52:00	2000	3000	3333	4015	3373	0.97783	1.12845	2.44173		
04:52:10	2000	3000	3333	2998	3370	0.97043	1.12837	2.42125		
04:52:20	2000	3000	3333	3639	3371	0.97557	1.12831	2.43522		
04:52:31	2000	3000	3333	3423	3373	0.97405	1.12827	2.43097		
04:52:41	2000	3000	3333	2825	3374	0.96864	1.12822	2.41602		
04:52:51	2000	3000	3298	2891	3376	0.96935	1.12816	2.41784		
04:53:01	2000	3000	3160	3184	3381	0.97213	1.12810	2.42533		
04:53:11	2000	3000	3085	2548	3383	0.96529	1.12841	2.40725		
04:53:22	2000	2900	2989	3066	3383	0.97107	1.12799	2.42220		
04:53:32	2000	3000	3037	3709	3381	0.97603	1.12798	2.43576		
04:53:42	2000	3000	3009	2659	3380	0.96671	1.12791	2.41008		
04:53:52	2000	3000	3021	2965	3375	0.97010	1.12798	2.41951		
04:54:02	2000	3000	3057	3396	3371	0.97385	1.12781	2.42942		
04:54:12	2000	3000	3184	3312	3368	0.97320	1.12780	2.42761		
04:54:22	2000	3000	3212	3231	3364	0.97253	1.12774	2.42566		
04:54:33	2000	3000	3194	3606	3361	0.97535	1.13253	2.44373		
04:54:43	2000	3000	3333	4933	3361	0.98192	1.13335	2.46359		
04:54:53	2000	3000	3333	4443	3362	0.97995	1.13365	2.45881		
04:55:03	2000	3000	3333	4227	3364	0.97893	1.13558	2.46019		
04:55:13	2000	3000	3333	5942	3366	0.98497	1.13610	2.47798		
04:55:24	2000	3000	3333	4396	3367	0.97974	1.13626	2.46388		
04:55:34	2000	3000	3333	3361	3370	0.97358	1.13635	2.44708		
04:55:44	2000	3000	3333	3818	3374	0.97670	1.13645	2.45592		
04:55:54	2000	3000	3333	4122	3379	0.97840	1.13647	2.46066		
04:56:04	2000	3000	3333	4938	3382	0.98194	1.13650	2.47049		
04:56:15	2000	3000	3333	4838	3385	0.98157	1.13656	2.46960		
04:56:25	2000	3000	3333	6617	3387	0.98649	1.13655	2.48317		
04:56:35	2000	3000	3333	4299	3392	0.97928	1.13656	2.46328		
04:56:45	2000	3000	3333	4669	3396	0.98091	1.13647	2.46758		
04:56:55	2000	3000	3333	4363	3401	0.97958	1.13640	2.46376		
04:57:05	2000	3000	3333	3366	3406	0.97362	1.13638	2.44724		
04:57:16	2000	3000	3333	4545	3411	0.98039	1.13655	2.46632		
04:57:26	2000	3000	3333	3750	3416	0.97628	1.13656	2.45500		
04:57:36	2000	3000	3333	3841	3421	0.97684	1.13660	2.45663		
04:57:46	2000	3000	3333	4422	3426	0.97985	1.13656	2.46486		
04:57:56	2000	3000	3333	5302	3431	0.98317	1.13657	2.47404		
04:58:06	2000	3000	3333	5327	3436	0.98325	1.13656	2.47423		
04:58:16	2000	3000	3333	4532	3442	0.98034	1.13659	2.46626		
04:58:26	2000	3000	3333	5035	3450	0.98228	1.13657	2.47159		
04:58:36	2000	3000	3333	4207	3458	0.97884	1.13652	2.46196		
04:58:47	2000	3000	3333	4377	3466	0.97965	1.13647	2.46409		
04:58:57	2000	3000	3333	4285	3473	0.97922	1.13689	2.46381		
04:59:07	2000	3000	3333	5157	3481	0.98270	1.13741	2.47457		
04:59:17	2000	3000	3333	5252	3488	0.98301	1.13751	2.47564		
04:59:27	2000	3000	3333	5517	3492	0.98382	1.13756	2.47799		
04:59:37	2000	3000	3333	5599	3496	0.98405	1.13758	2.47868		
04:59:48	2000	3000	3333	4142	3499	0.97851	1.13756	2.46330		
04:59:58	2000	3000	3333	9955	3502	0.99100	1.13758	2.51115		
05:00:08	2000	3000	3333	4380	3500	0.97966	1.13759	2.46656		
05:00:18	2000	3000	3333	5056	3497	0.98236	1.13756	2.47395		
05:00:28	2000	3000	3333	7028	3492	0.98727	1.13754	2.48750		
05:00:39	2000	3000	3333	4649	3485	0.98083	1.13754	2.46967		
05:00:49	2000	3000	3333	7345	3477	0.98782	1.13753	2.48899		
05:00:59	2000	3000	3333	6989	3471	0.98720	1.13751	2.48724		
05:01:09	2000	3000	3333	7489	3467	0.98805	1.13756	2.48970		
05:01:19	2000	3000	3333	7492	3460	0.98806	1.13751	2.48960		
05:01:29	2000	3000	3333	9955	3457	0.99100	1.13774	2.50430		
05:01:40	2000	3000	3333	9955	3454	0.99100	1.13775	2.50339		
05:01:50	2000	3000	3333	7244	3448	0.98765	1.13772	2.48894		
05:02:00	2000	3000	3333	9955	3445	0.99100	1.13754	2.50673		
05:02:10	2000	3000	3333	8097	3439	0.98895	1.13748	2.49199		
05:02:20	2000	3000	3333	9955	3436	0.99100	1.13744	2.50369		
05:02:31	2000	3000	3333	7089	3432	0.98738	1.13742	2.48754		
05:02:41	2000	3000	3333	5687	3430	0.98430	1.13736	2.47888		
05:02:51	2000	3000	3333	5016	3428	0.98222	1.13770	2.47387		
05:03:01	2000	3000	3333	8594	3424	0.98958	1.13775	2.49434		
05:03:11	2000	3000	3333	9955	3422	0.99100	1.13773	2.50280		
05:03:22	2000	3000	3333	9955	3421	0.99100	1.13815	2.52809		
05:03:32	2000	3000	3333	7557	3421	0.98816	1.13822	2.49144		
05:03:42	2000	3000	3333	8298	3422	0.98921	1.13829	2.49450		
05:03:52	2000	3000	3333	7741	3419	0.98844	1.13832	2.49243		
05:04:02	2000	3000	3333	9955	3424	0.99100	1.13828	2.50760		
05:04:12	2000	3000	3333	9955	3426	0.99100	1.13832	2.50201		
05:04:23	2000	3000	3333	9955	3430	0.99100	1.13823	2.51204		
05:04:33	2000	3000	3333	9955	3432	0.99100	1.13813	2.51037		
05:04:43	2000	3000	3333	9955	3433	0.99100	1.13806	2.50797		
05:04:53	2000	3000	3333	8748	3440	0.98976	1.13805	2.49550		
05:05:03	2000	3000	3333	9955	3441	0.99100	1.13805	2.53700		
05:05:14	2000	3000	3333	9955	3446	0.99100	1.13803	2.50079		
05:05:24	2000	3000	3333	9955	3452	0.99100	1.13802	2.50802		
05:05:34	2000	3000	3333	6502	3454	0.98625	1.13801	2.48570		
05:05:44	2000	3000	3333	9955	3454	0.99100	1.13802	2.52367		
05:05:54	2000	3000	3333	2288	3456	0.96143	1.13806	2.41716		
05:06:04	2000	3000	3333	9955	3454	0.99100	1.13802	2.51428		
05:06:14	2000	3000	3333	9955	3457	0.99100	1.13799	2.51302		
05:06:25	2000	3000	3333	9955	3458	0.99100	1.13795	2.50122		
05:06:35	2000	3000	3333	6694	3458	0.98665	1.13786	2.48646		
05:06:45	2000	3000	3333	5382	3458	0.98342	1.13764	2.47705		
05:06:55	2000	3000	3333	5655	3457	0.98421	1.13737	2.47866		
05:07:05	2000	3000	3333	4883	3455	0.98174	1.13725	2.47156		
05:07:16	2000	3000	3333	5917	3450	0.98490	1.13713	2.48005		
05:07:26	2000	3000	3333	5754	3444	0.98448	1.13713	2.47888		
05:07:36	2000	3000	3333	5827	3438	0.98467	1.13700	2.47913		
05:07:46	2000	3000	3333	6693	3434	0.98664	1.13699	2.48455		
05:07:56	2000	3000	3333	6655	3432	0.98657	1.13747	2.48539		
05:08:07	2000	3000	3333	5884	3429	0.98482	1.13744	2.48050		
05:08:17	2000	3000	3333	7306	3425	0.98776	1.13721	2.48811		
05:08:27	2000	3000	3333	6540	3419	0.98633	1.13720	2.48415		
05:08:37	2000	3000	3333	4697	3413	0.98102	1.13717	2.46941		
05:08:47	2000	3000	3333	9613	3407	0.99068	1.13715	2.49606		
05:08:57	2000	3000	3333	5292	3403	0.98314	1.13707	2.47504		
05:09:08	2000	3000	3333	4713	3400	0.98109	1.13735	2.46998		
05:09:18	2000	3000	3333	7706	3395	0.98839	1.13729	2.49003		
05:09:28	2000	3000	3333	5410	3391	0.98350	1.13693	2.47574		
05:09:38	2000	3000	3333	5410	3391	0.98350	1.13693	2.47574		
05:09:48	2000	3000	3333	5235	3388	0.98296	1.13676	2.47386		
05:09:58	2000	3000	3333	5366	3387	0.98337	1.13660	2.47465		
05:10:08	2000	3000	3333	6854	3386	0.98695	1.13601	2.48327		
05:10:18	2000	3000	3333	8498	3386	0.98946	1.13549	2.48906		
05:10:28	2000	3000	3333	5723	3384	0.98440	1.13447	2.47285		
05:10:38	2000	3000	3333	6116	3380	0.98539	1.13308	2.47256		
05:10:48	2000	3000	3333	5507	3377	0.98379	1.13196	2.46571		
05:10:59	2000	3000	3333	6261	3373	0.98573	1.13134	2.46969		
05:11:09	2000	3000	3333	5709	3370	0.98436	1.12848	2.45969		
05:11:19	2000	3000	3333	3754	3367	0.97631	1.12814	2.43689		
05:11:29	2000	3000	3333	4030	3363	0.97791	1.12815	2.44130		
05:11:39	2000	3000	3333	4576	3359	0.98052	1.12812	2.44839		
05:11:49	2000	3000	3333	4451	3356	0.97998	1.12806	2.44678		
05:12:00	2000	3000	3333	4058	3352	0.97807	1.12804	2.44148		
05:12:10	2000	3000	3333	5832	3349	0.98469	1.12810	2.45976		
05:12:20	2000	3000	3333	5222	3346	0.98291	1.12817	2.45505		
05:12:30	2000	3000	3333	5321	3344	0.98323	1.12814	2.45585		
05:12:40	2000	3000	3333	5531	3342	0.98386	1.12814	2.45758		
05:12:51	2000	3000	3333	5560	3339	0.98394	1.12810	2.45772		
05:13:01	2000	3000	3333	5909	3335	0.98489	1.12807	2.46024		
05:13:11	2000	3000	3333	5075	3328	0.98242	1.12813	2.45362		
05:13:21	2000	3000	3333	5023	3322	0.98224	1.12809	2.45304		
05:13:31	2000	3000	3333	4936	3315	0.98193	1.12810	2.45221		
05:13:42	2000	3000	3333	4662	3309	0.98088	1.12810	2.44932		
05:13:52	2000	3000	3333	4315	3301	0.97936	1.12811	2.44517		
05:14:02	2000	3000	3333	4721	3295	0.98112	1.12808	2.44993		
05:14:12	2000	3000	3333	3927	3291	0.97735	1.12802	2.43946		
05:14:22	2000	3000	3333	3798	3287	0.97658	1.12808	2.43749		
05:14:32	2000	3000	3333	4335	3286	0.97945	1.12832	2.44589		
05:14:43	2000	3000	3333	4842	3288	0.98158	1.12829	2.45167		
05:14:53	2000	3000	3333	7061	3290	0.98734	1.12825	2.46735		
05:15:03	2000	3000	3333	4896	3293	0.98179	1.12826	2.45216		
05:15:13	2000	3000	3333	5403	3298	0.98348	1.12825	2.45678		
05:15:23	2000	3000	3333	4536	3305	0.98036	1.12817	2.44804		
05:15:34	2000	3000	3333	4011	3311	0.97781	1.12812	2.44096		
05:15:44	2000	3000	3333	4264	3315	0.97912	1.12811	2.44451		
05:15:54	2000	3000	3333	4670	3315	0.98091	1.12814	2.44950		
05:16:04	2000	3000	3333	3632	3325	0.97553	1.12810	2.43465		
05:16:14	2000	3000	3333	3542	3332	0.97491	1.12807	2.43290		
05:16:24	2000	3000	3333	3827	3339	0.97676	1.12805	2.43792		
05:16:35	2000	3000	3333	4832	3345	0.98155	1.12799	2.45091		
05:16:45	2000	3000	3333	5506	3350	0.98379	1.12795	2.45697		
05:16:55	2000	3000	3333	4720	3352	0.98111	1.12791	2.44955		
05:17:05	2000	3000	3333	3741	3353	0.97623	1.12787	2.43607		
05:17:15	2000	3000	3333	3343	3353	0.97344	1.12785	2.42839		
05:17:26	2000	3000	3333	3358	3357	0.97356	1.12784	2.42869		
05:17:36	2000	3000	3333	3475	3360	0.97443	1.12782	2.43105		
05:17:46	2000	3000	3333	3879	3362	0.97706	1.12778	2.43817		
05:17:56	2000	3000	3333	3848	3365	0.97688	1.12779	2.43769		
05:18:06	2000	3000	3333	3395	3369	0.97384	1.12777	2.42931		
05:18:16	2000	3000	3333	4607	3372	0.98065	1.12778	2.44801		
05:18:27	2000	3000	3333	2505	3375	0.96471	1.12775	2.40425		
05:18:37	2000	3000	3333	4223	3376	0.97891	1.12772	2.44311		
05:18:47	2000	3000	3333	4658	3377	0.98086	1.12769	2.44839		
05:18:57	2000	3000	3333	4101	3378	0.97830	1.12769	2.44135		
05:19:07	2000	3000	3333	4081	3379	0.97819	1.12766	2.44099		
05:19:18	2000	3000	3333	4030	3377	0.97791	1.12772	2.44037		
05:19:28	2000	3000	3333	4903	3378	0.98181	1.12774	2.45110		
05:19:38	2000	3000	3333	9955	3378	0.99100	1.12775	2.48150		
05:19:48	2000	3000	3333	4016	3378	0.97784	1.12772	2.44016		
05:19:58	2000	3000	3333	3619	3378	0.97544	1.12767	2.43347		
05:20:08	2000	3000	3333	3866	3378	0.97699	1.12764	2.43766		
05:20:19	2000	3000	3333	3359	3377	0.97357	1.12764	2.42828		
05:20:29	2000	3000	3333	3876	3377	0.97705	1.12764	2.43782		
05:20:39	2000	3000	3333	3803	3377	0.97661	1.12760	2.43654		
05:20:49	2000	3000	3333	3841	3377	0.97684	1.12757	2.43710		
05:20:59	2000	3000	3333	5050	3376	0.98233	1.12757	2.45216		
05:21:10	2000	3000	3333	5050	3376	0.98233	1.12757	2.45216		
05:21:20	2000	3000	3333	3781	3370	0.97648	1.12753	2.43603		
05:21:30	2000	3000	3333	4267	3365	0.97913	1.12750	2.44322		
05:21:40	2000	3000	3333	4267	3365	0.97913	1.12750	2.44322		
05:22:00	2000	3000	3333	4939	3350	0.98194	1.12749	2.45091		
05:22:10	2000	3000	3333	3895	3347	0.97716	1.12749	2.43781		
05:22:20	2000	3000	3333	4890	3344	0.98176	1.12773	2.45094		
05:22:31	2000	3000	3333	3575	3342	0.97514	1.12738	2.43203		
05:22:41	2000	3000	3333	3575	3342	0.97514	1.12738	2.43203		
05:22:51	2000	3000	3333	3936	3342	0.97739	1.12738	2.43821		
05:23:01	2000	3000	3333	4437	3340	0.97992	1.12734	2.44504		
05:23:11	2000	3000	3333	4437	3340	0.97992	1.12734	2.44504		
05:23:22	2000	3000	3333	4407	3332	0.97979	1.12734	2.44468		
05:23:32	2000	3000	3333	4407	3332	0.97979	1.12734	2.44468		
11:03:22	2000	3000	3333	1648	1751	0.94686	1.14910	2.39992		
11:03:32	2000	3000	3333	1594	1750	0.94512	1.14915	2.39515		
11:03:42	2000	3000	3080	1644	1748	0.94671	1.14917	2.39965		
11:03:52	2000	2500	2630	1619	1746	0.94594	1.14918	2.39751		
11:04:02	2000	2000	2183	1600	1744	0.94530	1.14917	2.39570		
11:04:13	1700	1600	1739	1627	1742	0.94620	1.14918	2.39824		
11:04:23	1700	1600	1727	1540	1741	0.94325	1.14911	2.38985		
11:04:33	1700	1600	1728	1600	1739	0.94530	1.14913	2.39561		
11:04:43	1700	1600	1733	1692	1738	0.94818	1.14909	2.40359		
11:04:53	1700	1600	1741	1692	1738	0.94818	1.14909	2.40359		
11:05:04	1700	1600	1754	1710	1734	0.94873	1.14906	2.40504		
11:05:14	1700	1600	1748	1573	1731	0.94440	1.14904	2.39293		
11:05:24	1700	1600	1764	1681	1729	0.94786	1.14904	2.40258		
11:05:34	1700	1600	1780	1747	1727	0.94978	1.14902	2.40790		
11:05:44	1700	1600	1762	1518	1717	0.94243	1.14902	2.38738		
11:05:54	1700	1600	1780	1856	1713	0.95265	1.14907	2.41603		
11:06:04	1700	1600	1733	1302	1710	0.93323	1.14902	2.36168		
11:06:14	1700	1600	1758	1794	1711	0.95107	1.14899	2.41144		
11:06:24	1700	1500	1722	1362	1709	0.93605	1.14900	2.36951		
11:06:34	1700	1600	1776	2149	1711	0.95899	1.14897	2.43352		
11:06:44	1800	1700	1858	2167	1709	0.95931	1.14898	2.43444		
11:06:54	1900	1800	1936	2358	1706	0.96255	1.14903	2.44357		
11:07:04	2000	2000	2071	2335	1703	0.96219	1.14904	2.44261		
11:07:15	2000	2000	2115	2118	1699	0.95840	1.14899	2.43191		
11:07:25	2000	2200	2214	2161	1696	0.95921	1.14901	2.43422		
11:07:35	2000	2200	2216	2158	1695	0.95915	1.14897	2.43395		
11:07:45	2000	2200	2211	2136	1693	0.95875	1.14898	2.43286		
11:07:55	2000	2200	2252	2604	1691	0.96602	1.14909	2.45341		
11:08:06	2000	2200	2264	2407	1687	0.96329	1.14911	2.44583		
11:08:16	2000	2300	2325	2484	1684	0.96442	1.14911	2.44897		
11:08:26	2000	2300	2398	2604	1676	0.96602	1.14912	2.45347		
11:08:36	2000	2400	2437	2387	1658	0.96300	1.14912	2.44502		
11:08:46	2000	2400	2408	1955	1666	0.95500	1.14911	2.42268		
11:08:57	2000	2200	2242	1417	1668	0.93847	1.14907	2.37642		
11:09:07	2000	2100	2176	2007	1672	0.95616	1.14902	2.42571		
11:09:17	2000	2100	2191	2576	1671	0.96566	1.14897	2.45214		
11:09:27	2000	2100	2199	2654	1670	0.96666	1.14907	2.45514		
11:09:37	2000	2200	2243	2647	1667	0.96658	1.14909	2.45495		
11:09:47	2000	2200	2325	2455	1665	0.96400	1.14913	2.44784		
11:09:58	2000	2400	2450	2364	1663	0.96264	1.14916	2.44410		
11:10:08	2000	2500	2516	2403	1661	0.96324	1.14917	2.44581		
11:10:18	2000	2500	2527	2644	1660	0.96654	1.14912	2.45491		
11:10:28	2000	2400	2477	2354	1658	0.96249	1.14915	2.44367		
11:10:38	2000	2400	2418	2288	1656	0.96144	1.14920	2.44083		
11:10:49	2000	2400	2435	2559	1654	0.96544	1.14923	2.45207		
11:10:59	2000	2400	2455	2484	1652	0.96442	1.14915	2.44905		
11:11:09	2000	2400	2414	2157	1646	0.95914	1.14922	2.43446		
11:11:19	2000	2300	2349	2253	1644	0.96084	1.14923	2.43923		
11:11:29	2000	2300	2308	2110	1642	0.95825	1.14930	2.43214		
11:11:39	2000	2300	2329	2416	1641	0.96343	1.14929	2.44659		
11:11:50	2000	2300	2327	2543	1641	0.96523	1.14916	2.45134		
11:12:00	2000	2300	2362	2693	1640	0.96713	1.14922	2.45677		
11:12:10	2000	2400	2422	2517	1639	0.96488	1.14923	2.45051		
11:12:20	2000	2400	2447	2407	1638	0.96330	1.14926	2.44616		
11:12:30	2000	2400	2465	2219	1637	0.96025	1.14928	2.43769		
11:12:41	2000	2400	2459	2377	1635	0.96285	1.14931	2.44502		
11:12:51	2000	2400	2458	2539	1633	0.96517	1.14929	2.45146		
11:13:01	2000	2300	2391	2288	1632	0.96144	1.14937	2.44119		
11:13:11	2000	2300	2376	2426	1632	0.96359	1.14933	2.44712		
11:13:21	2000	2300	2343	2212	1632	0.96014	1.14934	2.43750		
11:13:32	2000	2200	2286	1805	1632	0.95136	1.14935	2.41301		
11:13:42	2000	2200	2233	2054	1631	0.95712	1.14933	2.42906		
11:13:52	2000	2100	2177	2208	1630	0.96005	1.14934	2.43727		
11:14:02	2000	2100	2164	2205	1628	0.96001	1.14930	2.43706		
11:14:12	2000	2000	2096	2019	1627	0.95640	1.14931	2.42701		
11:14:22	2000	2000	2076	2094	1625	0.95794	1.14929	2.43125		
11:14:32	2000	2100	2121	2146	1625	0.95893	1.14931	2.43406		
11:14:43	2000	2100	2118	2039	1622	0.95683	1.14929	2.42816		
11:14:53	2000	2000	2055	1722	1619	0.94909	1.14929	2.40653		
11:15:03	2000	1900	2011	1907	1619	0.95391	1.14929	2.42000		
11:15:13	1900	1900	1989	1810	1618	0.95148	1.14925	2.41314		
11:15:23	1900	1900	1982	2055	1618	0.95714	1.14927	2.42898		
11:15:34	1900	1900	1964	2033	1616	0.95669	1.14928	2.42775		
11:15:44	1900	1900	2000	2259	1615	0.96094	1.14927	2.43959		
11:15:54	2000	2000	2095	2395	1607	0.96311	1.14936	2.44586		
11:16:04	2000	2200	2214	2662	1606	0.96676	1.14936	2.45604		
11:16:14	2000	2300	2362	2771	1606	0.96804	1.14934	2.45957		
11:16:24	2000	2500	2515	2972	1606	0.97018	1.14934	2.46554		
11:16:35	2000	2600	2672	2974	1605	0.97019	1.14931	2.46553		
11:16:45	2000	2800	2813	3107	1602	0.97144	1.14931	2.46902		
11:16:55	2000	2800	2897	2900	1599	0.96945	1.14930	2.46342		
11:17:05	2000	2900	2925	2828	1595	0.96867	1.14933	2.46132		
11:17:15	2000	2900	2916	2719	1594	0.96744	1.14932	2.45786		
11:17:26	2000	2700	2783	2172	1593	0.95940	1.14928	2.43532		
11:17:36	2000	2600	2661	2244	1592	0.96069	1.14931	2.43898		
11:17:46	2000	2500	2546	2416	1591	0.96344	1.14930	2.44664		
11:17:56	2000	2500	2504	2650	1589	0.96661	1.14925	2.45540		
11:18:06	2000	2400	2491	2747	1586	0.96777	1.14921	2.45855		
11:18:16	2000	2400	2442	2426	1585	0.96358	1.14919	2.44679		
11:18:26	2000	2500	2542	2772	1583	0.96805	1.14921	2.45932		
11:18:36	2000	2500	2559	2347	1574	0.96238	1.14923	2.44354		
11:18:47	2000	2500	2546	2338	1576	0.96223	1.14924	2.44314		
11:18:57	2000	2400	2454	2094	1574	0.95793	1.14929	2.43124		
11:19:07	2000	2300	2326	1946	1573	0.95481	1.14927	2.42246		
11:19:17	2000	2200	2232	1764	1573	0.95025	1.14923	2.40966		
11:19:27	2000	2100	2144	2244	1574	0.96069	1.14922	2.43878		
11:19:38	2000	2100	2125	2234	1572	0.96052	1.14924	2.43835		
11:19:48	2000	2000	2089	2122	1570	0.95848	1.14925	2.43268		
11:19:58	2000	2000	2090	2102	1567	0.95808	1.14923	2.43152		
11:20:08	2000	2000	2113	2115	1566	0.95834	1.14926	2.43231		
11:20:18	2000	2100	2147	2065	1565	0.95735	1.14925	2.42953		
11:20:28	2000	2100	2111	2027	1564	0.95658	1.14921	2.42728		
11:20:39	2000	2100	2119	2284	1560	0.96136	1.14916	2.44053		
11:20:49	2000	2100	2157	2345	1554	0.96234	1.14917	2.44330		
11:20:59	2000	2100	2161	2126	1552	0.95855	1.14916	2.43268		
11:21:09	2000	2000	2090	1501	1548	0.94179	1.14917	2.38591		
11:21:19	2000	1900	2028	1504	1547	0.94190	1.14918	2.38624		
11:21:30	2000	1900	2001	1768	1551	0.95037	1.14917	2.40985		
11:21:40	2000	1900	2019	2393	1552	0.96308	1.14916	2.44535		
11:21:50	2000	1900	2054	2552	1551	0.96535	1.14917	2.45171		
11:22:00	2000	2000	2151	2708	1549	0.96731	1.14922	2.45727		
11:22:10	2000	2200	2342	2838	1547	0.96879	1.14920	2.46137		
11:22:21	2000	2500	2522	2774	1546	0.96807	1.14921	2.45939		
11:22:31	2000	2600	2628	2507	1542	0.96474	1.14922	2.45011		
11:22:41	2000	2600	2656	2562	1540	0.96548	1.14916	2.45203		
11:22:51	2000	2600	2679	2688	1538	0.96707	1.14917	2.45650		
11:23:01	2000	2600	2686	2752	1537	0.96783	1.14915	2.45858		
11:23:11	2000	2600	2699	2912	1534	0.96956	1.14914	2.46340		
11:23:22	2000	2700	2729	2954	1532	0.96999	1.14916	2.46463		
11:23:32	2000	2700	2790	2876	1530	0.96919	1.14914	2.46237		
11:23:42	2000	2800	2806	2657	1527	0.96670	1.14910	2.45531		
11:23:52	2000	2800	2843	2909	1525	0.96954	1.14910	2.46325		
11:24:02	2000	2700	2758	2241	1523	0.96063	1.14912	2.43841		
11:24:13	2000	2600	2665	2358	1521	0.96255	1.14907	2.44368		
11:24:23	2000	2600	2675	3014	1518	0.97058	1.14903	2.46600		
11:24:33	2000	2500	2597	2408	1515	0.96331	1.14901	2.44566		
11:24:43	2000	2500	2596	2651	1513	0.96662	1.14898	2.45483		
11:24:53	2000	2500	2511	2394	1498	0.96311	1.14899	2.44505		
11:25:04	2000	2500	2563	2553	1507	0.96536	1.14900	2.45136		
11:25:14	2000	2500	2510	2023	1506	0.95650	1.14897	2.42655		
11:25:24	2000	2300	2347	2014	1503	0.95630	1.14898	2.42601		
11:25:34	2000	2300	2325	2275	1500	0.96121	1.14900	2.43978		
11:25:44	2000	2200	2262	2275	1500	0.96121	1.14900	2.43978		
11:25:54	2000	2200	2248	2311	1501	0.96180	1.14899	2.44140		
11:26:04	2000	2100	2201	2269	1498	0.96111	1.14897	2.43942		
11:26:15	2000	2200	2212	2110	1495	0.95825	1.14896	2.43142		
11:26:25	2000	2200	2247	2247	1495	0.96074	1.14895	2.43835		
11:26:35	2000	2200	2246	2269	1494	0.96111	1.14901	2.43952		
11:26:45	2000	2200	2244	2259	1492	0.96095	1.14906	2.43917		
11:26:55	2000	2200	2278	2519	1490	0.96490	1.14901	2.45009		
11:27:06	2000	2300	2335	2609	1488	0.96609	1.14902	2.45344		
11:27:16	2000	2300	2383	2400	1486	0.96319	1.14905	2.44541		
11:27:26	2000	2400	2452	2658	1484	0.96671	1.14906	2.45525		
11:27:36	2000	2500	2526	2713	1482	0.96737	1.14903	2.45704		
11:27:46	2000	2500	2596	2678	1479	0.96695	1.14909	2.45599		
11:27:56	2000	2500	2596	2518	1476	0.96489	1.14915	2.45036		
11:28:07	2000	2500	2593	2592	1474	0.96587	1.14920	2.45321		
11:28:17	2000	2600	2648	2729	1471	0.96755	1.14922	2.45796		
11:28:27	2000	2600	2656	2707	1469	0.96730	1.14922	2.45724		
11:28:37	2000	2600	2652	2693	1466	0.96714	1.14925	2.45686		
11:28:47	2000	2600	2611	2429	1464	0.96363	1.14926	2.44708		
11:28:58	2000	2600	2647	2732	1462	0.96759	1.14924	2.45810		
11:29:08	2000	2600	2632	2503	1460	0.96468	1.14930	2.45011		
11:29:18	2000	2600	2606	2573	1458	0.96562	1.14929	2.45272		
11:29:28	2000	2500	2577	2535	1454	0.96512	1.14932	2.45137		
11:29:38	2000	2500	2537	2450	1452	0.96393	1.14932	2.44804		
11:29:48	2000	2500	2509	2265	1449	0.96104	1.14933	2.44001		
11:29:58	2000	2400	2423	2216	1447	0.96020	1.14938	2.43775		
11:30:08	2000	2400	2421	2488	1446	0.96448	1.14933	2.44960		
11:30:19	2000	2400	2436	2662	1443	0.96675	1.14929	2.45587		
11:30:29	2000	2400	2456	2657	1441	0.96670	1.14934	2.45583		
11:30:39	2000	2400	2499	2706	1439	0.96729	1.14936	2.45752		
11:30:49	2000	2500	2563	2654	1436	0.96666	1.14938	2.45580		
11:30:59	2000	2600	2664	2821	1434	0.96860	1.14940	2.46126		
11:31:10	2000	2600	2695	2670	1432	0.96686	1.14951	2.45664		
11:31:20	2000	2600	2670	2515	1429	0.96484	1.14956	2.45111		
11:31:30	2000	2600	2664	2623	1426	0.96627	1.14959	2.45517		
11:31:40	2000	2600	2631	2503	1425	0.96468	1.14959	2.45073		
11:31:50	2000	2600	2631	2659	1423	0.96672	1.14964	2.45653		
11:32:00	2000	2500	2587	2553	1421	0.96536	1.14960	2.45264		
11:32:11	2000	2500	2592	2702	1418	0.96724	1.14965	2.45799		
11:32:21	2000	2600	2609	2618	1416	0.96620	1.14963	2.45506		
11:32:31	2000	2500	2596	2543	1414	0.96523	1.14964	2.45237		
11:32:41	2000	2600	2615	2615	1412	0.96616	1.14963	2.45495		
11:32:51	2000	2500	2579	2444	1409	0.96385	1.14964	2.44850		
11:33:02	2000	2400	2494	1991	1406	0.95581	1.14965	2.42607		
11:33:12	2000	2400	2438	2363	1404	0.96263	1.14965	2.44511		
11:33:22	2000	2300	2363	2170	1402	0.95937	1.14969	2.43611		
11:33:32	2000	2300	2330	2341	1401	0.96229	1.14963	2.44412		
11:33:42	2000	2300	2320	2555	1399	0.96538	1.14962	2.45275		
11:33:53	2000	2300	2336	2541	1396	0.96520	1.14960	2.45221		
11:34:03	2000	2400	2407	2473	1394	0.96426	1.14955	2.44946		
11:34:13	2000	2300	2371	2150	1392	0.95900	1.14959	2.43486		
11:34:23	2000	2300	2378	2210	1390	0.96010	1.14962	2.43799		
11:34:33	2000	2300	2375	2322	1389	0.96198	1.14965	2.44332		
11:34:43	2000	2300	2340	2344	1387	0.96232	1.14958	2.44412		
11:34:54	2000	2300	2332	2493	1385	0.96454	1.14959	2.45033		
11:35:04	2000	2300	2382	2774	1384	0.96808	1.14957	2.46018		
11:35:14	2000	2500	2507	2904	1382	0.96948	1.14954	2.46404		
11:35:24	2000	2600	2622	2896	1380	0.96940	1.14957	2.46387		
11:35:34	2000	2600	2695	2763	1379	0.96795	1.14954	2.45976		
11:35:45	2000	2700	2779	2844	1377	0.96885	1.14958	2.46234		
11:35:55	2000	2800	2832	2815	1375	0.96853	1.14957	2.46144		
11:36:05	2000	2800	2835	2791	1373	0.96827	1.14959	2.46076		
11:36:15	2000	2800	2829	2870	1371	0.96912	1.14958	2.46312		
11:36:25	2000	2800	2841	2968	1368	0.97013	1.14957	2.46591		
11:36:36	2000	2800	2884	3021	1366	0.97065	1.14956	2.46734		
11:36:46	2000	2800	2869	2749	1364	0.96779	1.14958	2.45938		
11:36:56	2000	2800	2864	2790	1361	0.96826	1.14958	2.46069		
11:37:06	2000	2800	2826	2558	1359	0.96542	1.14958	2.45278		
11:37:16	2000	2700	2787	2636	1357	0.96644	1.14959	2.45563		
11:37:26	2000	2700	2760	2807	1354	0.96845	1.14960	2.46128		
11:37:36	2000	2700	2706	2699	1352	0.96721	1.14960	2.45780		
11:37:47	2000	2700	2723	2853	1350	0.96895	1.14961	2.46270		
11:37:57	2000	2700	2740	2892	1348	0.96936	1.14968	2.46400		
11:38:07	2000	2700	2791	2860	1345	0.96903	1.14964	2.46297		
11:38:17	2000	2700	2796	2670	1340	0.96685	1.14970	2.45702		
11:38:27	2000	2700	2772	2663	1337	0.96677	1.14972	2.45684		
11:38:38	2000	2700	2745	2532	1334	0.96507	1.14974	2.45214		
11:38:48	2000	2600	2647	2268	1332	0.96110	1.14970	2.44095		
11:38:58	2000	2600	2619	2721	1330	0.96747	1.14970	2.45874		
11:39:08	2000	2500	2549	2440	1330	0.96378	1.14965	2.44834		
11:39:18	2000	2400	2466	2168	1326	0.95934	1.14966	2.43594		
11:39:28	2000	2400	2425	2416	1326	0.96343	1.14967	2.44741		
11:39:39	2000	2400	2418	2487	1325	0.96446	1.14966	2.45027		
11:39:49	2000	2400	2484	2667	1321	0.96682	1.14958	2.45667		
11:39:59	2000	2400	2433	2411	1318	0.96335	1.14961	2.44706		
11:40:09	2000	2400	2458	2594	1316	0.96590	1.14960	2.45414		
11:40:19	2000	2500	2573	2868	1314	0.96911	1.14959	2.46309		
11:40:29	2000	2600	2627	2736	1310	0.96763	1.14960	2.45900		
11:40:39	2000	2600	2641	2572	1305	0.96561	1.14959	2.45333		
11:40:49	2000	2500	2562	2186	1302	0.95966	1.14958	2.43667		
11:40:59	2000	2500	2580	2520	1299	0.96492	1.14959	2.45140		
11:41:10	2000	2400	2502	2065	1295	0.95735	1.14959	2.43024		
11:41:20	2000	2400	2423	2399	1294	0.96317	1.14955	2.44643		
11:41:30	2000	2300	2348	2283	1294	0.96134	1.14957	2.44135		
11:41:40	2000	2300	2408	2933	1293	0.96978	1.14954	2.46486		
11:41:50	2000	3000	3333	9955	1294	0.99100	1.14955	2.60519		
11:42:00	2000	3000	3333	9955	1290	0.99100	1.14972	2.55867		
11:42:11	2000	3000	3333	9955	1286	0.99100	1.14972	2.53304		
11:42:21	2000	3000	3333	4890	1284	0.98176	1.14962	2.49852		
11:42:31	2000	3000	3333	3177	1280	0.97207	1.14964	2.47147		
11:42:41	2000	3000	3333	9955	1279	0.99100	1.14968	2.56316		
11:42:51	2000	3000	3333	9955	1277	0.99100	1.14962	2.62742		
11:43:02	2000	3000	3333	9955	1275	0.99100	1.14958	2.63028		
11:43:12	2000	3000	3333	9955	1271	0.99100	1.14960	2.61510		
11:43:22	2000	3000	3333	9955	1269	0.99100	1.14957	2.60462		
11:43:32	2000	3000	3333	9955	1267	0.99100	1.14954	2.62822		
11:43:42	2000	3000	3333	9955	1264	0.99100	1.14952	2.59657		
11:43:52	2000	3000	3333	9955	1261	0.99100	1.14949	2.61968		
11:44:03	2000	3000	3333	9955	1258	0.99100	1.14949	2.61085		
11:44:13	2000	3000	3333	9955	1254	0.99100	1.14943	2.58862		
11:44:23	2000	3000	3333	9955	1251	0.99100	1.14944	2.60578		
11:44:33	2000	3000	3333	9955	1248	0.99100	1.14945	2.53944		
11:44:43	2000	3000	3333	9955	1246	0.99100	1.14944	2.53019		
11:44:54	2000	3000	3333	9955	1244	0.99100	1.14939	2.55954		
11:45:04	2000	3000	3333	9955	1242	0.99100	1.14939	2.61723		
11:45:14	2000	3000	3333	9955	1240	0.99100	1.14938	2.59197		
11:45:24	2000	3000	3333	9955	1238	0.99100	1.14942	2.62880		
11:45:34	2000	3000	3333	9955	1235	0.99100	1.14942	2.63171		
11:45:45	2000	3000	3333	9955	1229	0.99100	1.14935	2.62919		
11:45:55	2000	3000	3333	9955	1226	0.99100	1.14936	2.64646		
11:46:05	2000	3000	3333	9955	1223	0.99100	1.14935	2.64089		
11:46:15	2000	3000	3333	9955	1221	0.99100	1.14936	2.64517		
11:46:25	2000	3000	3333	9955	1218	0.99100	1.14935	2.63598		
11:46:35	2000	3000	3333	9955	1216	0.99100	1.14936	2.63881		
11:46:46	2000	3000	3333	9955	1213	0.99100	1.14934	2.64010		
11:46:56	2000	3000	3333	9955	1211	0.99100	1.14931	2.64991		
11:47:06	2000	3000	3333	9955	1205	0.99100	1.14932	2.63698		
11:47:16	2000	3000	3333	9955	1203	0.99100	1.14925	2.54910		
11:47:26	2000	3000	3333	9955	1201	0.99100	1.14917	2.55771		
11:47:37	2000	3000	3333	9955	1200	0.99100	1.14910	2.56597		
11:47:47	2000	3000	3333	9955	1198	0.99100	1.14906	2.62871		
11:47:57	2000	3000	3333	9955	1195	0.99100	1.14906	2.65006		
11:48:07	2000	3000	3333	9955	1192	0.99100	1.14907	2.60924		
11:48:17	2000	3000	3333	9955	1186	0.99100	1.14907	2.62746		
11:48:27	2000	3000	3333	9955	1184	0.99100	1.14903	2.61820		
11:48:38	2000	3000	3333	9955	1181	0.99100	1.14897	2.57953		
11:48:48	2000	3000	3333	9955	1177	0.99100	1.14893	2.54187		
11:48:58	2000	3000	3333	9955	1180	0.99100	1.14889	2.60840		
11:49:08	2000	3000	3333	9955	1178	0.99100	1.14887	2.63327		
11:49:18	2000	3000	3333	9955	1176	0.99100	1.14889	2.63173		
11:49:28	2000	3000	3333	9955	1174	0.99100	1.14887	2.64299		
11:49:39	2000	3000	3333	9955	1171	0.99100	1.14886	2.63337		
11:49:49	2000	3000	3333	9955	1168	0.99100	1.14884	2.64155		
11:49:59	2000	3000	3333	9955	1164	0.99100	1.14884	2.60651		
11:50:09	2000	3000	3333	9955	1160	0.99100	1.14883	2.54890		
11:50:19	2000	3000	3333	9955	1160	0.99100	1.14889	2.52350		
11:50:30	2000	3000	3333	3051	1157	0.97093	1.14886	2.46662		
11:50:40	2000	3000	3333	9490	1156	0.99056	1.14886	2.52143		
11:50:50	2000	3000	3333	9955	1155	0.99100	1.14885	2.60503		
11:51:00	2000	3000	3333	9955	1152	0.99100	1.14886	2.62090		
11:51:10	2000	3000	3333	9955	1149	0.99100	1.14888	2.62275		
11:51:20	2000	3000	3333	9955	1147	0.99100	1.14880	2.63849		
11:51:31	2000	3000	3333	9955	1144	0.99100	1.14880	2.60864		
11:51:41	2000	3000	3333	9955	1141	0.99100	1.14880	2.62527		
11:51:51	2000	3000	3333	9955	1139	0.99100	1.14879	2.62703		
11:52:01	2000	3000	3333	9955	1137	0.99100	1.14875	2.62632		
11:52:11	2000	3000	3333	9955	1134	0.99100	1.14876	2.62103		
11:52:21	2000	3000	3333	9955	1132	0.99100	1.14875	2.61529		
11:52:31	2000	3000	3333	9955	1130	0.99100	1.14877	2.59049		
11:52:41	2000	3000	3333	9955	1128	0.99100	1.14872	2.59861		
11:52:51	2000	3000	3333	9955	1126	0.99100	1.14871	2.61524		
11:53:02	2000	3000	3333	9955	1124	0.99100	1.14871	2.59723		
11:53:12	2000	3000	3333	9955	1122	0.99100	1.14864	2.58734		
11:53:22	2000	3000	3333	9955	1121	0.99100	1.14869	2.62107		
11:53:32	2000	3000	3333	9955	1118	0.99100	1.14867	2.65053		
11:53:42	2000	3000	3333	9955	1114	0.99100	1.14871	2.60702		
11:53:53	2000	3000	3333	9955	1112	0.99100	1.14873	2.56965		
11:54:03	2000	3000	3333	6577	1110	0.98641	1.14866	2.50940		
11:54:13	2000	3000	3333	9955	1109	0.99100	1.14868	2.52411		
11:54:23	2000	3000	3333	9955	1110	0.99100	1.14869	2.55027		
11:54:33	2000	3000	3333	9955	1108	0.99100	1.14864	2.56859		
11:54:44	2000	3000	3333	9955	1106	0.99100	1.14866	2.60317		
11:54:54	2000	3000	3333	9955	1104	0.99100	1.14866	2.59689		
11:55:04	2000	3000	3333	9955	1102	0.99100	1.14865	2.59853		
11:55:14	2000	3000	3333	9955	1100	0.99100	1.14866	2.61970		
11:55:24	2000	3000	3333	9955	1098	0.99100	1.14865	2.59519		
11:55:34	2000	3000	3333	9955	1096	0.99100	1.14869	2.61116		
11:55:45	2000	3000	3333	9955	1094	0.99100	1.14862	2.61014		
11:55:55	2000	3000	3333	9955	1092	0.99100	1.14863	2.60768		
11:56:05	2000	3000	3333	9955	1089	0.99100	1.14864	2.65193		
11:56:15	2000	3000	3333	9955	1085	0.99100	1.14862	2.64438		
11:56:25	2000	3000	3333	9955	1080	0.99100	1.14857	2.65079		
11:56:36	2000	3000	3333	9955	1079	0.99100	1.14860	2.63515		
11:56:46	2000	3000	3333	9955	1075	0.99100	1.14858	2.58176		
11:56:56	2000	3000	3333	9955	1074	0.99100	1.14848	2.62121		
11:57:06	2000	3000	3333	6186	1068	0.98556	1.14851	2.50669		
11:57:16	2000	3000	3333	9955	1066	0.99100	1.14851	2.64248		
11:57:27	2000	3000	3333	9955	1062	0.99100	1.14852	2.65456		
11:57:37	2000	3000	3333	9955	1059	0.99100	1.14852	2.66838		
11:57:47	2000	3000	3333	9955	1056	0.99100	1.14852	2.64224		
11:57:57	2000	3000	3333	9955	1053	0.99100	1.14849	2.65622		
11:58:07	2000	3000	3333	9955	1050	0.99100	1.14850	2.63343		
11:58:17	2000	3000	3333	9955	1047	0.99100	1.14848	2.65376		
11:58:28	2000	3000	3333	9955	1043	0.99100	1.14848	2.63729		
11:58:38	2000	3000	3333	9955	1040	0.99100	1.14846	2.61434		
11:58:48	2000	3000	3333	9955	1037	0.99100	1.14839	2.59910		
11:58:58	2000	3000	3333	9955	1035	0.99100	1.14837	2.63057		
11:59:08	2000	3000	3333	9955	1032	0.99100	1.14842	2.64934		
11:59:19	2000	3000	3333	9955	1028	0.99100	1.14835	2.60363		
11:59:29	2000	3000	3333	9955	1025	0.99100	1.14840	2.62331		
11:59:39	2000	3000	3333	9955	1021	0.99100	1.14836	2.63541		
11:59:49	2000	3000	3333	9955	1015	0.99100	1.14831	2.60571		
11:59:59	2000	3000	3333	9955	1010	0.99100	1.14831	2.64224		
12:00:09	2000	3000	3333	9955	1007	0.99100	1.14828	2.60625		
12:00:19	2000	3000	3333	9955	1005	0.99100	1.14758	2.58293		
12:00:30	2000	3000	3333	9955	1005	0.99100	1.14754	2.67246		
12:00:40	2000	3000	3333	9955	1004	0.99100	1.14754	2.66472		
12:00:50	2000	3000	3333	9955	1002	0.99100	1.14752	2.65798		
12:01:00	2000	3000	3333	9955	1000	0.99100	1.14753	2.70550		
12:01:10	2000	3000	3333	9955	998	0.99100	1.14755	2.66049		
12:01:21	2000	3000	3333	9955	995	0.99100	1.14755	2.63667		
12:01:31	2000	3000	3333	9955	992	0.99100	1.14753	2.62490		
12:01:41	2000	3000	3333	9955	989	0.99100	1.14754	2.57447		
12:01:51	2000	3000	3333	7116	986	0.98743	1.14756	2.50985		
12:02:01	2000	3000	3333	9955	984	0.99100	1.14750	2.55919		
12:02:12	2000	3000	3333	9955	982	0.99100	1.14753	2.60141		
12:02:22	2000	3000	3333	9955	979	0.99100	1.14752	2.67958		
12:02:32	2000	3000	3333	9955	975	0.99100	1.14752	2.68924		
12:02:42	2000	3000	3333	9955	971	0.99100	1.14753	2.69153		
12:02:52	2000	3000	3333	9955	967	0.99100	1.14753	2.68047		
12:03:02	2000	3000	3333	9955	963	0.99100	1.14756	2.69278		
12:03:13	2000	3000	3333	9955	960	0.99100	1.14753	2.66426		
12:03:23	2000	3000	3333	9955	956	0.99100	1.14751	2.67104		
12:03:33	2000	3000	3333	9955	953	0.99100	1.14748	2.66817		
12:03:43	2000	3000	3333	9955	950	0.99100	1.14746	2.65445		
12:03:53	2000	3000	3333	9955	947	0.99100	1.14746	2.65540		
12:04:03	2000	3000	3333	9955	945	0.99100	1.14749	2.65656		
12:04:13	2000	3000	3333	9955	942	0.99100	1.14745	2.65850		
12:04:23	2000	3000	3333	9955	940	0.99100	1.14748	2.62883		
12:04:33	2000	3000	3333	9955	937	0.99100	1.14749	2.66840		
12:04:43	2000	3000	3333	9955	934	0.99100	1.14752	2.67994		
12:04:53	2000	3000	3333	9955	932	0.99100	1.14748	2.65389		
12:05:04	2000	3000	3333	9955	929	0.99100	1.14745	2.66575		
12:05:14	2000	3000	3333	9955	927	0.99100	1.14746	2.64490		
12:05:24	2000	3000	3333	9955	924	0.99100	1.14745	2.65752		
12:05:34	2000	3000	3333	9955	921	0.99100	1.14745	2.67556		
12:05:44	2000	3000	3333	9955	918	0.99100	1.14743	2.69656		
12:05:55	2000	3000	3333	9955	914	0.99100	1.14747	2.69224		
12:06:05	2000	3000	3333	9955	911	0.99100	1.14748	2.68618		
12:06:15	2000	3000	3333	9955	908	0.99100	1.14747	2.70159		
12:06:25	2000	3000	3333	9955	905	0.99100	1.14746	2.67649		
12:06:35	2000	3000	3333	9955	902	0.99100	1.14747	2.71794		
12:06:45	2000	3000	3333	9955	899	0.99100	1.14745	2.73780		
12:06:56	2000	3000	3333	9955	896	0.99100	1.14747	2.72804		
12:07:06	2000	3000	3333	9955	893	0.99100	1.14748	2.69553		
12:07:16	2000	3000	3333	9955	890	0.99100	1.14747	2.72353		
12:07:26	2000	3000	3333	9955	887	0.99100	1.14745	2.71443		
12:07:36	2000	3000	3333	9955	885	0.99100	1.14747	2.72715		
12:07:47	2000	3000	3333	9955	882	0.99100	1.14749	2.71548		
12:07:57	2000	3000	3333	9955	879	0.99100	1.14745	2.69934		
12:08:07	2000	3000	3333	9955	876	0.99100	1.14746	2.72576		
12:08:17	2000	3000	3333	9955	873	0.99100	1.14748	2.71092		
12:08:27	2000	3000	3333	9955	871	0.99100	1.14750	2.71385		
12:08:37	2000	3000	3333	9955	868	0.99100	1.14749	2.73054		
12:08:48	2000	3000	3333	9955	866	0.99100	1.14752	2.71768		
12:08:58	2000	3000	3333	9955	862	0.99100	1.14754	2.72529		
12:09:08	2000	3000	3333	9955	859	0.99100	1.14748	2.69416		
12:09:18	2000	3000	3333	9955	853	0.99100	1.14749	2.66831		
12:09:28	2000	3000	3333	9955	849	0.99100	1.14744	2.64099		
12:09:39	2000	3000	3333	9955	844	0.99100	1.14747	2.64134		
12:09:49	2000	3000	3333	9955	837	0.99100	1.14743	2.56433		
12:09:59	2000	3000	3333	9955	838	0.99100	1.14743	2.62680		
12:10:09	2000	3000	3333	9955	842	0.99100	1.14741	2.59472		
12:10:19	2000	3000	3333	9955	840	0.99100	1.14742	2.62256		
12:10:30	2000	3000	3333	9955	839	0.99100	1.14745	2.64546		
12:10:40	2000	3000	3333	9955	836	0.99100	1.14743	2.66072		
12:10:50	2000	3000	3333	9955	833	0.99100	1.14741	2.67897		
12:11:00	2000	3000	3333	9955	829	0.99100	1.14748	2.66904		
12:11:10	2000	3000	3333	9955	827	0.99100	1.14745	2.65178		
12:11:20	2000	3000	3333	9955	823	0.99100	1.14745	2.60849		
12:11:31	2000	3000	3333	9955	823	0.99100	1.14745	2.60849		
12:11:41	2000	3000	3333	9955	820	0.99100	1.14742	2.68283		
12:11:51	2000	3000	3333	9955	818	0.99100	1.14744	2.67645		
12:12:01	2000	3000	3333	9955	817	0.99100	1.14744	2.66787		
12:12:11	2000	3000	3333	9955	815	0.99100	1.14744	2.65048		
12:12:21	2000	3000	3333	9955	812	0.99100	1.14743	2.66981		
12:12:32	2000	3000	3333	9955	811	0.99100	1.14743	2.67983		
12:12:42	2000	3000	3333	9955	808	0.99100	1.14741	2.65567		
12:12:52	2000	3000	3333	9955	806	0.99100	1.14741	2.57455		
12:13:02	2000	3000	3333	9955	804	0.99100	1.14741	2.72731		
12:13:12	2000	3000	3333	9955	802	0.99100	1.14748	2.71509		
12:13:23	2000	3000	3333	9955	800	0.99100	1.14745	2.72974		
12:13:33	2000	3000	3333	9955	797	0.99100	1.14741	2.71726		
12:13:43	2000	3000	3333	9955	794	0.99100	1.14744	2.73421		
12:13:53	2000	3000	3333	9955	791	0.99100	1.14742	2.53120		
12:14:03	2000	3000	3333	9955	790	0.99100	1.14746	2.64564		
12:14:14	2000	3000	3333	9955	788	0.99100	1.14735	2.69746		
12:14:24	2000	3000	3333	9955	785	0.99100	1.14740	2.70568		
12:14:34	2000	3000	3333	9955	782	0.99100	1.14739	2.72399		
12:14:44	2000	3000	3333	9955	777	0.99100	1.14743	2.64151		
12:14:54	2000	3000	3333	9955	774	0.99100	1.14741	2.70187		
12:15:04	2000	3000	3333	9955	770	0.99100	1.14733	2.63678		
12:15:15	2000	3000	3333	9955	769	0.99100	1.14649	2.73922		
12:15:25	2000	3000	3333	9955	767	0.99100	1.14653	2.58595		
12:15:35	2000	3000	3333	9955	766	0.99100	1.14652	2.59662		
12:15:45	2000	3000	3333	9955	764	0.99100	1.14646	2.67861		
12:15:55	2000	3000	3333	9955	762	0.99100	1.14651	2.67999		
12:16:05	2000	3000	3333	9955	759	0.99100	1.14653	2.70864		
12:16:15	2000	3000	3333	9955	756	0.99100	1.14650	2.70313		
12:16:25	2000	3000	3333	9955	753	0.99100	1.14646	2.72502		
12:16:35	2000	3000	3333	9955	750	0.99100	1.14644	2.71365		
12:16:45	2000	3000	3333	9955	745	0.99100	1.14639	2.75215		
12:16:55	2000	3000	3333	9955	743	0.99100	1.14641	2.72412		
12:17:05	2000	3000	3333	9955	742	0.99100	1.14637	2.74492		
12:17:15	2000	3000	3333	9955	740	0.99100	1.14639	2.72771		
12:17:25	2000	3000	3333	9955	738	0.99100	1.14637	2.72758		
12:17:36	2000	3000	3333	9955	735	0.99100	1.14635	2.71795		
12:17:46	2000	3000	3333	9955	733	0.99100	1.14637	2.75522		
12:17:56	2000	3000	3333	9955	730	0.99100	1.14636	2.75313		
12:18:06	2000	3000	3333	9955	728	0.99100	1.14637	2.74951		
12:18:16	2000	3000	3333	9955	725	0.99100	1.14634	2.75660		
12:18:27	2000	3000	3333	9955	723	0.99100	1.14634	2.73249		
12:18:37	2000	3000	3333	9955	720	0.99100	1.14628	2.70990		
12:18:47	2000	3000	3333	9955	717	0.99100	1.14625	2.73999		
12:18:57	2000	3000	3333	9955	714	0.99100	1.14624	2.73918		
12:19:07	2000	3000	3333	9955	712	0.99100	1.14626	2.73564		
12:19:18	2000	3000	3333	9955	709	0.99100	1.14619	2.73597		
12:19:28	2000	3000	3333	9955	706	0.99100	1.14620	2.74592		
12:19:38	2000	3000	3333	9955	703	0.99100	1.14620	2.72703		
12:19:48	2000	3000	3333	9955	703	0.99100	1.14620	2.72703		
12:19:58	2000	3000	3333	9955	698	0.99100	1.14620	2.78105		
12:20:08	2000	3000	3333	9955	696	0.99100	1.14620	2.73554		
12:20:19	2000	3000	3333	9955	693	0.99100	1.14613	2.74438		
12:20:29	2000	3000	3333	9955	691	0.99100	1.14612	2.76575		
12:20:39	2000	3000	3333	9955	688	0.99100	1.14612	2.74084		
12:20:49	2000	3000	3333	9955	685	0.99100	1.14610	2.73582		
12:20:59	2000	3000	3333	9955	673	0.99100	1.14603	2.63996		
12:21:10	2000	3000	3333	9955	676	0.99100	1.14604	2.61370		
12:21:20	2000	3000	3333	1838	673	0.95222	1.14602	2.40841		
12:21:30	2000	3000	3333	9955	673	0.99100	1.14597	2.76745		
12:21:40	2000	3000	3333	9955	669	0.99100	1.14594	2.78173		
12:21:50	2000	3000	3333	9955	666	0.99100	1.14592	2.77413		
12:22:00	2000	3000	3333	9955	663	0.99100	1.14593	2.76783		
12:22:11	2000	3000	3333	9955	660	0.99100	1.14594	2.76500		
12:22:21	2000	3000	3333	9955	657	0.99100	1.14595	2.78820		
12:22:31	2000	3000	3333	9955	654	0.99100	1.14596	2.77763		
12:22:41	2000	3000	3333	9955	651	0.99100	1.14591	2.78663		
12:22:51	2000	3000	3333	9955	648	0.99100	1.14587	2.79608		
12:23:02	2000	3000	3333	9955	645	0.99100	1.14585	2.78930		
12:23:12	2000	3000	3333	9955	641	0.99100	1.14593	2.77321		
12:23:22	2000	3000	3333	9955	638	0.99100	1.14595	2.78474		
12:23:32	2000	3000	3333	9955	635	0.99100	1.14592	2.78568		
12:23:42	2000	3000	3333	9955	632	0.99100	1.14593	2.78689		
12:23:53	2000	3000	3333	9955	629	0.99100	1.14594	2.77214		
12:24:03	2000	3000	3333	9955	627	0.99100	1.14594	2.77414		
12:24:13	2000	3000	3333	9955	623	0.99100	1.14599	2.78368		
12:24:23	2000	3000	3333	9955	622	0.99100	1.14591	2.76240		
12:24:33	2000	3000	3333	9955	619	0.99100	1.14589	2.74280		
12:24:43	2000	3000	3333	9955	616	0.99100	1.14588	2.73506		
12:24:53	2000	3000	3333	9955	613	0.99100	1.14588	2.77176		
12:25:04	2000	3000	3333	9955	610	0.99100	1.14587	2.76796		
12:25:14	2000	3000	3333	9955	607	0.99100	1.14584	2.77814		
12:25:24	2000	3000	3333	9955	604	0.99100	1.14589	2.78012		
12:25:34	2000	3000	3333	9955	601	0.99100	1.14590	2.76766		
12:25:44	2000	3000	3333	9955	598	0.99100	1.14590	2.77440		
12:25:55	2000	3000	3333	9955	596	0.99100	1.14588	2.70328		
12:26:05	2000	3000	3333	9955	594	0.99100	1.14592	2.73605		
12:26:15	2000	3000	3333	9955	592	0.99100	1.14588	2.69886		
12:26:25	2000	3000	3333	9955	590	0.99100	1.14586	2.67112		
12:26:35	2000	3000	3333	9955	587	0.99100	1.14584	2.72436		
12:26:45	2000	3000	3333	9955	585	0.99100	1.14587	2.74347		
12:26:56	2000	3000	3333	9955	575	0.99100	1.14589	2.76408		
12:27:06	2000	3000	3333	9955	578	0.99100	1.14582	2.54577		
12:27:16	2000	3000	3333	9955	576	0.99100	1.14583	2.60396		
12:27:26	2000	3000	3333	9955	575	0.99100	1.14579	2.69511		
12:27:36	2000	3000	3333	9955	572	0.99100	1.14578	2.74562		
12:27:47	2000	3000	3333	9955	569	0.99100	1.14576	2.74942		
12:27:57	2000	3000	3333	9955	566	0.99100	1.14578	2.72291		
12:28:07	2000	3000	3333	9955	563	0.99100	1.14576	2.68525		
12:28:17	2000	3000	3333	9955	561	0.99100	1.14575	2.62588		
12:28:27	2000	3000	3333	9955	558	0.99100	1.14568	2.64169		
12:28:37	2000	3000	3333	9955	558	0.99100	1.14568	2.64169		
12:28:47	2000	3000	3333	9955	551	0.99100	1.14569	2.65677		
12:28:57	2000	3000	3333	9955	548	0.99100	1.14567	2.62933		
12:29:07	2000	3000	3333	9955	548	0.99100	1.14559	2.67414		
12:29:17	2000	3000	3333	9955	546	0.99100	1.14556	2.80132		
12:29:27	2000	3000	3333	9955	543	0.99100	1.14562	2.77828		
12:29:37	2000	3000	3333	9955	541	0.99100	1.14562	2.76182		
12:29:48	2000	3000	3333	9955	541	0.99100	1.14562	2.76182		
23:56:55	2000	3000	3333	9955	2	0.99100	1.12920	3.05233		
23:57:05	2000	3000	3333	9955	2	0.99100	1.12924	3.05687		
23:57:15	2000	3000	3333	9955	2	0.99100	1.12925	3.02816		
23:57:25	2000	3000	3333	9955	2	0.99100	1.12918	3.04087		
23:57:35	2000	3000	3333	9955	2	0.99100	1.12915	3.04318		
23:57:45	2000	3000	3333	9955	2	0.99100	1.12909	3.02886		
23:57:55	2000	3000	3333	9955	2	0.99100	1.12911	3.03747		
23:58:06	2000	3000	3333	9955	2	0.99100	1.12915	3.05091		
23:58:16	2000	3000	3333	9955	2	0.99100	1.12914	3.05589		
23:58:26	2000	3000	3333	9955	2	0.99100	1.12915	3.05905		
23:58:36	2000	3000	3333	9955	2	0.99100	1.12915	3.05938		
23:58:46	2000	3000	3333	9955	2	0.99100	1.12912	3.05478		
23:58:56	2000	3000	3333	9955	2	0.99100	1.12914	3.04973		
23:59:06	2000	3000	3333	9955	2	0.99100	1.12923	3.04189		
23:59:16	2000	3000	3333	9955	2	0.99100	1.12923	3.04390		
23:59:26	2000	3000	3333	9955	2	0.99100	1.12917	3.04019		
23:59:36	2000	3000	3333	9955	2	0.99100	1.12920	3.01813		
23:59:46	2000	3000	3333	9955	2	0.99100	1.12915	3.03791		
23:59:56	2000	3000	3333	9955	2	0.99100	1.12912	3.02920		
