

			DELHI AIRPORT : 30 m Base line


Time	RVR	 MOR	RVR	MOR	BLM	Trf	 Ref(v)	PD(v)
	(limited)	(limited)	(actual)	(actual)



			DELHI AIRPORT : 30 m Base line


Time	RVR	 MOR	RVR	MOR	BLM	Trf	 Ref(v)	PD(v)
	(limited)	(limited)	(actual)	(actual)

20:32:16	2000	1400	606	1409	2	0.93814	4.99041	4.67359		
20:32:26	2000	1300	1195	1356	2	0.93577	4.99155	4.66164		
20:32:36	2000	1300	1783	1355	2	0.93575	4.99065	4.66070		
20:32:46	2000	1300	2366	1341	2	0.93508	4.99091	4.65728		
20:32:56	2000	1300	2959	1368	2	0.93632	4.99103	4.66419		
20:33:06	2000	1300	3333	1366	2	0.93623	4.99101	4.66369		
20:33:16	2000	1200	3333	1283	2	0.93225	4.99185	4.64256		
20:33:26	2000	1200	3333	1272	2	0.93170	4.99161	4.63934		
20:33:36	2000	1300	3333	1272	2	0.93169	4.99141	4.63912		
20:33:46	2000	1300	3333	1282	2	0.93220	4.99114	4.64162		
20:33:56	2000	1200	3333	1247	2	0.93036	4.99188	4.63223		
20:34:06	2000	1200	3333	1264	2	0.93129	4.99170	4.63718		
20:34:16	2000	1200	3333	1310	2	0.93360	4.99133	4.64953		
20:34:26	2000	1200	3333	1269	2	0.93154	4.99161	4.63848		
20:34:36	2000	1200	3333	1303	2	0.93326	4.99164	4.64794		
20:34:46	2000	1200	3333	1274	2	0.93181	4.99226	4.64056		
20:34:56	2000	1200	3333	1312	2	0.93369	4.99179	4.65045		
20:35:06	2000	1200	3333	1330	2	0.93455	4.99190	4.65526		
20:35:16	2000	1200	3333	1312	2	0.93369	4.99186	4.65052		
20:35:26	2000	1300	3333	1325	2	0.93431	4.99253	4.65455		
20:35:36	2000	1300	3333	1309	2	0.93353	4.99232	4.65006		
20:35:46	2000	1300	3333	1327	2	0.93443	4.99133	4.65408		
20:35:56	2000	1300	3333	1321	2	0.93412	4.99218	4.65315		
20:36:06	2000	1300	3333	1297	2	0.93297	4.99229	4.64697		
20:36:16	2000	1300	3333	1293	2	0.93278	4.99151	4.64517		
20:36:26	2000	1200	3333	1256	2	0.93084	4.99320	4.63608		
20:36:36	2000	1200	3333	1263	2	0.93122	4.99172	4.63680		
20:36:46	2000	1200	3333	1338	2	0.93494	4.99295	4.65837		
20:36:56	2000	1200	3333	1318	2	0.93399	4.99291	4.65311		
20:37:06	2000	1200	3333	1299	2	0.93306	4.99273	4.64787		
20:37:16	2000	1200	3333	1311	2	0.93365	4.99284	4.65120		
20:37:26	2000	1300	3333	1304	2	0.93331	4.99331	4.64976		
20:37:36	2000	1300	3333	1277	2	0.93192	4.99286	4.64173		
20:37:46	2000	1300	3333	1324	2	0.93430	4.99220	4.65418		
20:37:56	2000	1300	3333	1297	2	0.93295	4.99253	4.64704		
20:38:06	2000	1300	3333	1299	2	0.93307	4.99364	4.64877		
20:38:16	2000	1200	3333	1300	2	0.93313	4.99278	4.64830		
20:38:26	2000	1300	3333	1319	2	0.93405	4.99321	4.65376		
20:38:36	2000	1300	3333	1314	2	0.93382	4.99288	4.65219		
20:38:46	2000	1200	3333	1265	2	0.93135	4.99356	4.63922		
20:38:56	2000	1300	3333	1311	2	0.93366	4.99304	4.65144		
20:39:06	2000	1300	3333	1298	2	0.93303	4.99354	4.64845		
20:39:16	2000	1300	3333	1325	2	0.93435	4.99372	4.65585		
20:39:26	2000	1300	3333	1344	2	0.93522	4.99466	4.66150		
20:39:36	2000	1300	3333	1341	2	0.93507	4.99403	4.66012		
20:39:46	2000	1300	3333	1351	2	0.93557	4.99392	4.66278		
20:39:56	2000	1300	3333	1363	2	0.93611	4.99397	4.66577		
20:40:06	2000	1300	3333	1333	2	0.93470	4.99414	4.65816		
20:40:16	2000	1300	3333	1348	2	0.93544	4.99460	4.66266		
20:40:26	2000	1300	3333	1363	2	0.93610	4.99480	4.66651		
20:40:36	2000	1300	3333	1362	2	0.93605	4.99490	4.66633		
20:40:46	2000	1300	3333	1339	2	0.93501	4.99489	4.66059		
20:40:56	2000	1300	3333	1368	2	0.93631	4.99554	4.66836		
20:41:06	2000	1300	3333	1346	2	0.93533	4.99507	4.66251		
20:41:16	2000	1300	3333	1351	2	0.93553	4.99439	4.66300		
20:41:26	2000	1300	3333	1329	2	0.93451	4.99361	4.65666		
20:41:36	2000	1300	3333	1412	2	0.93826	4.99407	4.67767		
20:41:46	2000	1300	3333	1399	2	0.93771	4.99532	4.67583		
20:41:56	2000	1300	3333	1361	2	0.93599	4.99507	4.66615		
20:42:06	2000	1300	3333	1403	2	0.93786	4.99577	4.67708		
20:42:16	2000	1300	3333	1404	2	0.93789	4.99524	4.67676		
20:42:26	2000	1300	3333	1418	2	0.93848	4.99523	4.68001		
20:42:36	2000	1300	3333	1375	2	0.93665	4.99431	4.66907		
20:42:46	2000	1300	3333	1359	2	0.93590	4.99482	4.66544		
20:42:56	2000	1300	3333	1388	2	0.93723	4.99554	4.67341		
20:43:06	2000	1300	3333	1380	2	0.93688	4.99545	4.67138		
20:43:16	2000	1300	3333	1361	2	0.93603	4.99474	4.66605		
20:43:26	2000	1300	3333	1394	2	0.93748	4.99436	4.67368		
20:43:36	2000	1300	3333	1476	2	0.94084	4.99486	4.69260		
20:43:46	2000	1400	3333	1426	2	0.93885	4.99512	4.68191		
20:43:56	2000	1400	3333	1417	2	0.93847	4.99538	4.68005		
20:44:06	2000	1400	3333	1415	2	0.93836	4.99651	4.68053		
20:44:16	2000	1400	3333	1450	2	0.93982	4.99634	4.68838		
20:44:26	2000	1400	3333	1429	2	0.93898	4.99660	4.68402		
20:44:36	2000	1400	3333	1423	2	0.93873	4.99660	4.68263		
20:44:46	2000	1400	3333	1452	2	0.93991	4.99759	4.69008		
20:44:56	2000	1400	3333	1433	2	0.93914	4.99642	4.68471		
20:45:06	2000	1400	3333	1377	2	0.93673	4.99657	4.67162		
20:45:16	2000	1400	3333	1377	2	0.93673	4.99739	4.67240		
20:45:26	2000	1400	3333	1350	2	0.93552	4.99714	4.66547		
20:45:36	2000	1300	3333	1335	2	0.93483	4.99727	4.66179		
20:45:46	2000	1300	3333	1331	2	0.93460	4.99845	4.66165		
20:45:56	2000	1300	3333	1340	2	0.93506	4.99844	4.66419		
20:46:06	2000	1300	3333	1350	2	0.93550	4.99812	4.66627		
20:46:16	2000	1300	3333	1328	2	0.93445	4.99769	4.66014		
20:46:26	2000	1300	3333	1326	2	0.93440	4.99799	4.66011		
20:46:36	2000	1300	3333	1330	2	0.93458	4.99851	4.66158		
20:46:46	2000	1300	3333	1324	2	0.93429	4.99799	4.65951		
20:46:56	2000	1300	3333	1280	2	0.93208	4.99828	4.64761		
20:47:06	2000	1300	3333	1274	2	0.93177	4.99874	4.64637		
20:47:16	2000	1300	3333	1290	2	0.93263	4.99900	4.65133		
20:47:26	2000	1200	3333	1307	2	0.93345	4.99818	4.65507		
20:47:36	2000	1200	3333	1310	2	0.93363	4.99869	4.65651		
20:47:46	2000	1200	3333	1281	2	0.93214	4.99920	4.64880		
20:47:56	2000	1200	3333	1296	2	0.93289	4.99901	4.65277		
20:48:06	2000	1200	3333	1263	2	0.93120	4.99820	4.64270		
20:48:16	2000	1200	3333	1242	2	0.93008	4.99934	4.63759		
20:48:26	2000	1200	3333	1225	2	0.92914	4.99892	4.63203		
20:48:36	2000	1200	3318	1223	2	0.92907	4.99812	4.63094		
20:48:46	2000	1200	3314	1270	2	0.93156	4.99979	4.64619		
20:48:56	2000	1200	3285	1212	2	0.92842	4.99989	4.62899		
20:49:06	2000	1200	3270	1222	2	0.92899	4.99951	4.63176		
20:49:16	2000	1200	3254	1194	2	0.92741	4.99980	4.62335		
20:49:26	2000	1200	3238	1182	2	0.92667	5.00011	4.61953		
20:49:36	2000	1200	3228	1195	2	0.92744	5.00035	4.62399		
20:49:46	2000	1200	3207	1210	2	0.92834	5.00011	4.62872		
20:49:56	2000	1200	3207	1212	2	0.92844	4.99944	4.62866		
20:50:06	2000	1200	3218	1252	2	0.93064	5.00016	4.64143		
20:50:16	2000	1200	3230	1229	2	0.92938	4.99974	4.63412		
20:50:26	2000	1200	3248	1231	2	0.92949	5.00149	4.63636		
20:50:36	2000	1200	3261	1232	2	0.92957	5.00014	4.63553		
20:50:46	2000	1200	3265	1222	2	0.92902	5.00014	4.63251		
20:50:56	2000	1200	3259	1195	2	0.92748	5.00145	4.62522		
20:51:06	2000	1200	3245	1210	2	0.92834	5.00142	4.62993		
20:51:16	2000	1200	3248	1239	2	0.92994	5.00086	4.63822		
20:51:26	2000	1200	3248	1229	2	0.92940	5.00092	4.63533		
20:51:36	2000	1200	3248	1234	2	0.92969	5.00119	4.63717		
20:51:46	2000	1200	3245	1213	2	0.92848	5.00200	4.63125		
20:51:56	2000	1200	3288	1316	2	0.93391	5.00230	4.66143		
20:52:06	2000	1200	3286	1205	2	0.92801	5.00244	4.62908		
20:52:16	2000	1200	3290	1251	2	0.93058	5.00302	4.64375		
20:52:26	2000	1200	3284	1213	2	0.92849	5.00260	4.63188		
20:52:36	2000	1200	3286	1241	2	0.93004	5.00240	4.64023		
20:52:46	2000	1200	3297	1243	2	0.93018	5.00299	4.64154		
20:52:56	2000	1200	3272	1244	2	0.93021	5.00321	4.64193		
20:53:06	2000	1200	3304	1298	2	0.93299	5.00307	4.65711		
20:53:16	2000	1200	3297	1229	2	0.92939	5.00242	4.63665		
20:53:26	2000	1200	3307	1241	2	0.93003	5.00363	4.64130		
20:53:36	2000	1200	3324	1290	2	0.93261	5.00279	4.65472		
20:53:46	2000	1200	3331	1264	2	0.93130	5.00375	4.64840		
20:53:56	2000	1200	3331	1243	2	0.93016	5.00425	4.64261		
20:54:06	2000	1200	3298	1203	2	0.92794	5.00345	4.62965		
20:54:16	2000	1200	3302	1240	2	0.92998	5.00322	4.64063		
20:54:26	2000	1200	3305	1250	2	0.93051	5.00445	4.64470		
20:54:36	2000	1200	3298	1271	2	0.93165	5.00471	4.65122		
20:54:46	2000	1200	3295	1255	2	0.93081	5.00466	4.64657		
20:54:56	2000	1200	3301	1261	2	0.93113	5.00488	4.64853		
20:55:06	2000	1200	3321	1260	2	0.93105	5.00504	4.64822		
20:55:16	2000	1200	3333	1278	2	0.93201	5.00489	4.65338		
20:55:26	2000	1200	3327	1227	2	0.92929	5.00438	4.63794		
20:55:36	2000	1200	3314	1235	2	0.92970	5.00665	4.64230		
20:55:46	2000	1200	3304	1227	2	0.92927	5.00560	4.63893		
20:55:56	2000	1200	3290	1221	2	0.92896	5.00655	4.63811		
20:56:06	2000	1200	3263	1184	2	0.92683	5.00653	4.62634		
20:56:16	2000	1200	3242	1219	2	0.92885	5.00657	4.63752		
20:56:26	2000	1200	3239	1216	2	0.92868	5.00686	4.63686		
20:56:36	2000	1200	3233	1218	2	0.92874	5.00654	4.63692		
20:56:46	2000	1200	3226	1209	2	0.92823	5.00663	4.63419		
20:56:56	2000	1200	3230	1233	2	0.92961	5.00771	4.64278		
20:57:06	2000	1200	3226	1174	2	0.92619	5.00688	4.62315		
20:57:16	2000	1200	3223	1209	2	0.92828	5.00661	4.63442		
20:57:26	2000	1200	3212	1187	2	0.92696	5.00702	4.62754		
20:57:36	2000	1200	3216	1229	2	0.92937	5.00771	4.64147		
20:57:46	2000	1200	3218	1213	2	0.92850	5.00853	4.63743		
20:57:56	2000	1150	3189	1153	2	0.92494	5.00804	4.61733		
20:58:06	2000	1150	3198	1197	2	0.92757	5.00833	4.63210		
20:58:16	2000	1150	3194	1198	2	0.92765	5.00807	4.63233		
20:58:26	2000	1150	3185	1163	2	0.92552	5.00865	4.62112		
20:58:36	2000	1150	3164	1170	2	0.92594	5.00899	4.62372		
20:58:46	2000	1150	3149	1171	2	0.92605	5.00892	4.62426		
20:58:56	2000	1150	3162	1188	2	0.92704	5.00979	4.63053		
20:59:06	2000	1150	3150	1164	2	0.92560	5.00980	4.62259		
20:59:16	2000	1150	3150	1198	2	0.92762	5.01108	4.63491		
20:59:26	2000	1150	3161	1195	2	0.92742	5.01142	4.63415		
20:59:36	2000	1150	3161	1169	2	0.92590	5.01175	4.62606		
20:59:46	2000	1150	3162	1175	2	0.92625	5.01116	4.62743		
20:59:56	2000	1150	3160	1184	2	0.92678	5.01156	4.63072		
21:00:06	2000	1150	3168	1186	2	0.92692	5.01101	4.63101		
21:00:16	2000	1150	3154	1159	2	0.92529	5.01113	4.62211		
21:00:26	2000	1150	3154	1194	2	0.92740	5.01087	4.63350		
21:00:36	2000	1150	3161	1189	2	0.92711	5.01091	4.63193		
21:00:46	2000	1150	3174	1210	2	0.92829	5.01099	4.63854		
21:00:56	2000	1150	3176	1188	2	0.92705	5.01157	4.63222		
21:01:06	2000	1150	3176	1188	2	0.92703	5.01188	4.63241		
21:01:16	2000	1150	3176	1159	2	0.92530	5.01204	4.62301		
21:01:26	2000	1150	3182	1210	2	0.92835	5.01178	4.63958		
21:01:36	2000	1150	3178	1177	2	0.92638	5.01058	4.62763		
21:01:46	2000	1150	3170	1189	2	0.92710	5.01163	4.63257		
21:01:56	2000	1150	3171	1190	2	0.92717	5.01063	4.63202		
21:02:06	2000	1150	3180	1213	2	0.92851	5.01034	4.63915		
21:02:16	2000	1150	3198	1210	2	0.92829	5.01015	4.63776		
21:02:26	2000	1150	3191	1191	2	0.92720	5.01038	4.63195		
21:02:36	2000	1200	3205	1215	2	0.92859	5.00987	4.63915		
21:02:46	2000	1200	3210	1203	2	0.92793	5.00953	4.63519		
21:02:56	2000	1200	3213	1198	2	0.92765	5.00856	4.63276		
21:03:06	2000	1200	3224	1246	2	0.93031	5.01008	4.64886		
21:03:16	2000	1200	3229	1224	2	0.92909	5.00896	4.64108		
21:03:26	2000	1200	3236	1209	2	0.92827	5.00831	4.63596		
21:03:36	2000	1200	3246	1242	2	0.93013	5.00842	4.64628		
21:03:46	2000	1200	3245	1202	2	0.92785	5.00818	4.63353		
21:03:56	2000	1200	3277	1288	2	0.93252	5.00780	4.65892		
21:04:06	2000	1200	3267	1218	2	0.92880	5.00654	4.63722		
21:04:16	2000	1200	3268	1227	2	0.92927	5.00674	4.64002		
21:04:26	2000	1200	3275	1229	2	0.92941	5.00575	4.63986		
21:04:36	2000	1200	3277	1247	2	0.93035	5.00566	4.64498		
21:04:46	2000	1200	3296	1255	2	0.93080	5.00528	4.64710		
21:04:56	2000	1200	3297	1290	2	0.93263	5.00511	4.65699		
21:05:06	2000	1200	3309	1255	2	0.93080	5.00420	4.64610		
21:05:16	2000	1200	3333	1307	2	0.93347	5.00368	4.66028		
21:05:26	2000	1200	3333	1323	2	0.93423	5.00339	4.66421		
21:05:36	2000	1200	3333	1331	2	0.93462	5.00271	4.66574		
21:05:46	2000	1300	3333	1304	2	0.93329	5.00321	4.65890		
21:05:56	2000	1300	3333	1326	2	0.93440	5.00235	4.66420		
21:06:06	2000	1300	3333	1333	2	0.93471	5.00245	4.66596		
21:06:16	2000	1300	3333	1383	2	0.93700	5.00145	4.67765		
21:06:26	2000	1300	3333	1390	2	0.93728	5.00047	4.67831		
21:06:36	2000	1300	3333	1378	2	0.93676	5.00042	4.67539		
21:06:46	2000	1300	3333	1372	2	0.93652	4.99905	4.67280		
21:06:56	2000	1300	3333	1343	2	0.93520	4.99899	4.66543		
21:07:06	2000	1300	3333	1369	2	0.93639	4.99799	4.67109		
21:07:16	2000	1300	3333	1364	2	0.93616	4.99735	4.66920		
21:07:26	2000	1300	3333	1372	2	0.93650	4.99697	4.67074		
21:07:36	2000	1300	3333	1383	2	0.93700	4.99655	4.67306		
21:07:46	2000	1300	3333	1383	2	0.93700	4.99605	4.67259		
21:07:56	2000	1300	3333	1367	2	0.93626	4.99483	4.66742		
21:08:06	2000	1300	3333	1356	2	0.93578	4.99477	4.66468		
21:08:16	2000	1300	3333	1405	2	0.93797	4.99476	4.67675		
21:08:26	2000	1300	3333	1432	2	0.93907	4.99415	4.68221		
21:08:36	2000	1300	3333	1425	2	0.93881	4.99329	4.67999		
21:08:46	2000	1300	3333	1405	2	0.93793	4.99277	4.67467		
21:08:56	2000	1400	3333	1428	2	0.93893	4.99178	4.67922		
21:09:06	2000	1400	3333	1389	2	0.93725	4.99218	4.67037		
21:09:16	2000	1400	3333	1426	2	0.93883	4.99088	4.67783		
21:09:26	2000	1400	3333	1447	2	0.93971	4.99053	4.68235		
21:09:36	2000	1400	3333	1423	2	0.93872	4.99112	4.67744		
21:09:46	2000	1400	3333	1436	2	0.93926	4.98998	4.67936		
21:09:56	2000	1400	3333	1385	2	0.93709	4.98955	4.66702		
21:10:06	2000	1400	3333	1467	2	0.94050	4.98986	4.68607		
21:10:16	2000	1400	3333	1447	2	0.93971	4.98965	4.68151		
21:10:26	2000	1400	3333	1446	2	0.93967	4.98980	4.68142		
21:10:36	2000	1400	3333	1438	2	0.93934	4.98908	4.67893		
21:10:46	2000	1400	3333	1446	2	0.93966	4.98866	4.68031		
21:10:56	2000	1400	3333	1448	2	0.93973	4.98851	4.68055		
21:11:06	2000	1400	3333	1464	2	0.94037	4.98763	4.68326		
21:11:16	2000	1400	3333	1458	2	0.94014	4.98821	4.68250		
21:11:26	2000	1400	3333	1550	2	0.94358	4.98745	4.70070		
21:11:36	2000	1400	3333	1534	2	0.94303	4.98747	4.69768		
21:11:46	2000	1400	3333	1463	2	0.94034	4.98749	4.68297		
21:11:56	2000	1400	3333	1481	2	0.94105	4.98749	4.68685		
21:12:06	2000	1400	3333	1451	2	0.93985	4.98727	4.68005		
21:12:16	2000	1400	3333	1432	2	0.93909	4.98779	4.67637		
21:12:26	2000	1400	3333	1463	2	0.94033	4.98762	4.68303		
21:12:36	2000	1400	3333	1454	2	0.93998	4.98706	4.68059		
21:12:46	2000	1400	3333	1478	2	0.94094	4.98691	4.68567		
21:12:56	2000	1400	3333	1465	2	0.94042	4.98703	4.68293		
21:13:06	2000	1400	3333	1481	2	0.94102	4.98614	4.68543		
21:13:16	2000	1400	3333	1477	2	0.94090	4.98644	4.68501		
21:13:26	2000	1400	3333	1487	2	0.94129	4.98652	4.68724		
21:13:36	2000	1400	3333	1441	2	0.93946	4.98622	4.67693		
21:13:46	2000	1400	3333	1461	2	0.94025	4.98675	4.68175		
21:13:56	2000	1400	3333	1473	2	0.94073	4.98627	4.68392		
21:14:06	2000	1400	3333	1496	2	0.94161	4.98625	4.68877		
21:14:16	2000	1400	3333	1515	2	0.94231	4.98502	4.69142		
21:14:26	2000	1400	3333	1460	2	0.94022	4.98512	4.68006		
21:14:36	2000	1400	3333	1441	2	0.93945	4.98510	4.67583		
21:14:46	2000	1400	3333	1486	2	0.94122	4.98534	4.68575		
21:14:56	2000	1400	3333	1447	2	0.93968	4.98548	4.67743		
21:15:06	2000	1400	3333	1507	2	0.94202	4.98562	4.69041		
21:15:16	2000	1400	3333	1432	2	0.93909	4.98547	4.67421		
21:15:26	2000	1400	3333	1482	2	0.94109	4.98537	4.68509		
21:15:36	2000	1400	3333	1463	2	0.94033	4.98580	4.68130		
21:15:46	2000	1400	3333	1432	2	0.93909	4.98581	4.67452		
21:15:56	2000	1400	3333	1456	2	0.94005	4.98544	4.67945		
21:16:06	2000	1400	3333	1434	2	0.93918	4.98592	4.67512		
21:16:16	2000	1400	3333	1452	2	0.93988	4.98593	4.67895		
21:16:26	2000	1400	3333	1605	2	0.94546	4.98579	4.70947		
21:16:36	2000	1400	3333	1496	2	0.94160	4.98609	4.68855		
21:16:46	2000	1400	3333	1486	2	0.94122	4.98587	4.68626		
21:16:56	2000	1400	3333	1467	2	0.94050	4.98663	4.68303		
21:17:06	2000	1400	3333	1469	2	0.94057	4.98669	4.68347		
21:17:16	2000	1400	3333	1444	2	0.93958	4.98692	4.67824		
21:17:26	2000	1400	3333	1470	2	0.94063	4.98647	4.68356		
21:17:36	2000	1400	3333	1465	2	0.94041	4.98610	4.68200		
21:17:46	2000	1400	3333	1509	2	0.94211	4.98659	4.69184		
21:17:56	2000	1400	3333	1450	2	0.93983	4.98596	4.67870		
21:18:06	2000	1400	3333	1456	2	0.94005	4.98647	4.68042		
21:18:16	2000	1400	3333	1518	2	0.94243	4.98717	4.69411		
21:18:26	2000	1400	3333	1469	2	0.94058	4.98719	4.68397		
21:18:36	2000	1400	3333	1540	2	0.94323	4.98731	4.69866		
21:18:46	2000	1400	3333	1538	2	0.94317	4.98729	4.69830		
21:18:56	2000	1400	3333	1435	2	0.93923	4.98730	4.67666		
21:19:06	2000	1400	3333	1481	2	0.94104	4.98715	4.68646		
21:19:16	2000	1400	3333	1482	2	0.94107	4.98750	4.68697		
21:19:26	2000	1400	3333	1500	2	0.94176	4.98709	4.69038		
21:19:36	2000	1400	3333	1483	2	0.94111	4.98684	4.68655		
21:19:46	2000	1400	3333	1485	2	0.94121	4.98731	4.68753		
21:19:56	2000	1400	3333	1480	2	0.94099	4.98755	4.68656		
21:20:06	2000	1400	3333	1540	2	0.94325	4.98761	4.69904		
21:20:16	2000	1400	3333	1516	2	0.94235	4.98742	4.69391		
21:20:26	2000	1400	3333	1483	2	0.94110	4.98763	4.68724		
21:20:36	2000	1500	3333	1605	2	0.94547	4.98803	4.71161		
21:20:46	2000	1500	3333	1553	2	0.94369	4.98815	4.70195		
21:20:56	2000	1500	3333	1593	2	0.94506	4.98871	4.71001		
21:21:06	2000	1500	3333	1540	2	0.94325	4.98857	4.69994		
21:21:16	2000	1500	3333	1593	2	0.94508	4.98889	4.71032		
21:21:26	2000	1500	3333	1572	2	0.94436	4.98870	4.70614		
21:21:36	2000	1500	3333	1587	2	0.94485	4.98892	4.70908		
21:21:46	2000	1500	3333	1606	2	0.94549	4.98905	4.71268		
21:21:56	2000	1500	3333	1532	2	0.94294	4.98911	4.69877		
21:22:06	2000	1500	3333	1567	2	0.94418	4.98946	4.70587		
21:22:16	2000	1500	3333	1522	2	0.94259	4.98897	4.69667		
21:22:26	2000	1500	3333	1516	2	0.94237	4.98927	4.69577		
21:22:36	2000	1500	3333	1571	2	0.94433	4.99117	4.70833		
21:22:46	2000	1500	3333	1543	2	0.94334	4.99158	4.70325		
21:22:56	2000	1500	3333	1567	2	0.94418	4.99148	4.70781		
21:23:06	2000	1500	3333	1519	2	0.94247	4.99157	4.69849		
21:23:16	2000	1500	3333	1599	2	0.94526	4.99169	4.71395		
21:23:26	2000	1500	3333	1499	2	0.94174	4.99199	4.69488		
21:23:36	2000	1500	3333	1502	2	0.94185	4.99234	4.69581		
21:23:46	2000	1500	3333	1508	2	0.94207	4.99226	4.69691		
21:23:56	2000	1500	3333	1529	2	0.94285	4.99328	4.70219		
21:24:06	2000	1500	3333	1508	2	0.94205	4.99311	4.69762		
21:24:16	2000	1500	3333	1511	2	0.94217	4.99306	4.69825		
21:24:26	2000	1500	3333	1484	2	0.94117	4.99279	4.69247		
21:24:36	2000	1500	3333	1477	2	0.94089	4.99352	4.69162		
21:24:46	2000	1500	3333	1519	2	0.94246	4.99309	4.69985		
21:24:56	2000	1500	3333	1534	2	0.94303	4.99366	4.70351		
21:25:06	2000	1500	3333	1552	2	0.94366	4.99335	4.70672		
21:25:16	2000	1500	3333	1551	2	0.94362	4.99333	4.70645		
21:25:26	2000	1500	3333	1596	2	0.94516	4.99338	4.71497		
21:25:36	2000	1500	3333	1588	2	0.94490	4.99278	4.71298		
21:25:46	2000	1500	3333	1607	2	0.94554	4.99292	4.71664		
21:25:56	2000	1500	3333	1585	2	0.94479	4.99307	4.71263		
21:26:06	2000	1500	3333	1514	2	0.94228	4.99378	4.69950		
21:26:16	2000	1500	3333	1589	2	0.94493	4.99376	4.71409		
21:26:26	2000	1500	3333	1523	2	0.94261	4.99423	4.70178		
21:26:36	2000	1500	3333	1596	2	0.94519	4.99497	4.71662		
21:26:46	2000	1500	3333	1594	2	0.94510	4.99415	4.71539		
21:26:56	2000	1500	3333	1540	2	0.94325	4.99493	4.70593		
21:27:06	2000	1500	3333	1525	2	0.94268	4.99470	4.70261		
21:27:16	2000	1500	3333	1581	2	0.94466	4.99493	4.71369		
21:27:26	2000	1500	3333	1555	2	0.94376	4.99622	4.70995		
21:27:36	2000	1500	3333	1579	2	0.94458	4.99534	4.71364		
21:27:46	2000	1500	3333	1544	2	0.94336	4.99584	4.70741		
21:27:56	2000	1500	3333	1588	2	0.94490	4.99599	4.71601		
21:28:06	2000	1500	3333	1546	2	0.94346	4.99536	4.70750		
21:28:16	2000	1500	3333	1527	2	0.94276	4.99621	4.70447		
21:28:26	2000	1500	3333	1557	2	0.94383	4.99637	4.71046		
21:28:36	2000	1500	3333	1511	2	0.94219	4.99636	4.70146		
21:28:46	2000	1500	3333	1613	2	0.94573	4.99603	4.72063		
21:28:56	2000	1500	3333	1571	2	0.94431	4.99636	4.71313		
21:29:06	2000	1500	3333	1479	2	0.94095	4.99616	4.69445		
21:29:16	2000	1500	3333	1491	2	0.94143	4.99783	4.69865		
21:29:26	2000	1500	3333	1508	2	0.94207	4.99690	4.70128		
21:29:36	2000	1500	3333	1533	2	0.94297	4.99785	4.70712		
21:29:46	2000	1500	3333	1543	2	0.94335	4.99753	4.70896		
21:29:56	2000	1500	3333	1540	2	0.94322	4.99797	4.70861		
21:30:06	2000	1500	3333	1531	2	0.94291	4.99842	4.70738		
21:30:16	2000	1500	3333	1575	2	0.94445	4.99762	4.71510		
21:30:26	2000	1500	3333	1596	2	0.94518	4.99868	4.72007		
21:30:36	2000	1500	3333	1626	2	0.94616	4.99851	4.72530		
21:30:46	2000	1500	3333	1587	2	0.94487	4.99884	4.71853		
21:30:56	2000	1500	3333	1498	2	0.94171	4.99939	4.70165		
21:31:06	2000	1500	3333	1580	2	0.94464	4.99978	4.71816		
21:31:16	2000	1500	3333	1589	2	0.94495	4.99943	4.71953		
21:31:26	2000	1500	3333	1602	2	0.94538	4.99914	4.72160		
21:31:36	2000	1500	3333	1543	2	0.94333	5.00059	4.71173		
21:31:46	2000	1500	3333	1597	2	0.94522	5.00023	4.72175		
21:31:56	2000	1500	3333	1563	2	0.94406	4.99987	4.71504		
21:32:06	2000	1500	3333	1554	2	0.94372	5.00118	4.71441		
21:32:16	2000	1500	3333	1548	2	0.94351	5.00005	4.71221		
21:32:26	2000	1500	3333	1565	2	0.94412	5.00071	4.71615		
21:32:36	2000	1500	3333	1509	2	0.94212	5.00096	4.70538		
21:32:46	2000	1500	3333	1575	2	0.94445	5.00126	4.71850		
21:32:56	2000	1500	3333	1557	2	0.94383	5.00106	4.71491		
21:33:06	2000	1500	3333	1599	2	0.94528	5.00229	4.72405		
21:33:16	2000	1500	3333	1511	2	0.94217	5.00155	4.70623		
21:33:26	2000	1500	3333	1566	2	0.94416	5.00192	4.71751		
21:33:36	2000	1500	3333	1537	2	0.94313	5.00212	4.71207		
21:33:46	2000	1500	3333	1559	2	0.94392	5.00245	4.71670		
21:33:56	2000	1500	3333	1580	2	0.94464	5.00300	4.72120		
21:34:06	2000	1500	3333	1615	2	0.94580	5.00318	4.72775		
21:34:16	2000	1500	3333	1595	2	0.94514	5.00344	4.72435		
21:34:26	2000	1500	3333	1635	2	0.94644	5.00312	4.73125		
21:34:36	2000	1500	3333	1608	2	0.94558	5.00349	4.72684		
21:34:46	2000	1600	3333	1667	2	0.94745	5.00366	4.73732		
21:34:56	2000	1600	3333	1591	2	0.94500	5.00326	4.72342		
21:35:06	2000	1600	3333	1671	2	0.94758	5.00433	4.73863		
21:35:16	2000	1600	3333	1655	2	0.94708	5.00391	4.73547		
21:35:26	2000	1600	3333	1737	2	0.94950	5.00357	4.74850		
21:35:36	2000	1600	3333	1679	2	0.94781	5.00467	4.74024		
21:35:46	2000	1600	3333	1641	2	0.94665	5.00457	4.73373		
21:35:56	2000	1600	3333	1748	2	0.94980	5.00448	4.75104		
21:36:06	2000	1600	3333	1664	2	0.94734	5.00478	4.73774		
21:36:16	2000	1600	3333	1636	2	0.94647	5.00483	4.73300		
21:36:26	2000	1600	3333	1746	2	0.94976	5.00487	4.75116		
21:36:36	2000	1600	3333	1755	2	0.95001	5.00573	4.75337		
21:36:46	2000	1700	3333	1700	2	0.94843	5.00567	4.74459		
21:36:56	2000	1600	3333	1646	2	0.94678	5.00617	4.73600		
21:37:06	2000	1600	3333	1689	2	0.94811	5.00667	4.74378		
21:37:16	2000	1600	3333	1640	2	0.94659	5.00674	4.73546		
21:37:26	2000	1600	3333	1610	2	0.94564	5.00668	4.73019		
21:37:36	2000	1600	3333	1609	2	0.94559	5.00694	4.73015		
21:37:46	2000	1600	3333	1633	2	0.94639	5.00760	4.73519		
21:37:56	2000	1600	3333	1706	2	0.94861	5.00751	4.74735		
21:38:06	2000	1600	3333	1612	2	0.94569	5.00750	4.73122		
21:38:16	2000	1600	3333	1618	2	0.94590	5.00747	4.73238		
21:38:26	2000	1600	3333	1568	2	0.94423	5.00812	4.72377		
21:38:36	2000	1600	3333	1530	2	0.94287	5.00855	4.71667		
21:38:46	2000	1500	3333	1543	2	0.94334	5.00874	4.71945		
21:38:56	2000	1500	3333	1544	2	0.94337	5.00897	4.71982		
21:39:06	2000	1500	3333	1476	2	0.94086	5.00891	4.70592		
21:39:16	2000	1500	3333	1556	2	0.94379	5.00872	4.72190		
21:39:26	2000	1500	3333	1571	2	0.94431	5.00891	4.72496		
21:39:36	2000	1500	3333	1616	2	0.94582	5.00872	4.73312		
21:39:46	2000	1500	3333	1645	2	0.94676	5.00889	4.73847		
21:39:56	2000	1500	3333	1638	2	0.94654	5.00898	4.73733		
21:40:06	2000	1600	3333	1633	2	0.94639	5.00975	4.73719		
21:40:16	2000	1600	3333	1616	2	0.94583	5.00997	4.73434		
21:40:26	2000	1600	3333	1580	2	0.94464	5.00957	4.72739		
21:40:36	2000	1600	3333	1629	2	0.94626	5.00992	4.73664		
21:40:46	2000	1600	3333	1594	2	0.94510	5.01033	4.73067		
21:40:56	2000	1600	3333	1654	2	0.94703	5.00979	4.74079		
21:41:06	2000	1600	3333	1643	2	0.94671	5.01012	4.73931		
21:41:16	2000	1600	3333	1699	2	0.94840	5.01047	4.74899		
21:41:26	2000	1600	3333	1644	2	0.94674	5.01089	4.74022		
21:41:36	2000	1600	3333	1597	2	0.94519	5.01125	4.73203		
21:41:46	2000	1600	3333	1705	2	0.94858	5.01154	4.75097		
21:41:56	2000	1600	3333	1620	2	0.94596	5.01047	4.73554		
21:42:06	2000	1600	3333	1704	2	0.94854	5.01169	4.75093		
21:42:16	2000	1600	3333	1620	2	0.94596	5.01103	4.73603		
21:42:26	2000	1600	3333	1684	2	0.94796	5.01086	4.74695		
21:42:36	2000	1600	3333	1632	2	0.94634	5.01149	4.73859		
21:42:46	2000	1600	3333	1666	2	0.94742	5.01175	4.74480		
21:42:56	2000	1600	3333	1604	2	0.94544	5.01218	4.73430		
21:43:06	2000	1600	3333	1657	2	0.94713	5.01193	4.74337		
21:43:16	2000	1600	3333	1539	2	0.94321	5.01195	4.72175		
21:43:26	2000	1600	3333	1600	2	0.94531	5.01311	4.73444		
21:43:36	2000	1600	3333	1562	2	0.94401	5.01334	4.72745		
21:43:46	2000	1500	3333	1585	2	0.94479	5.01304	4.73150		
21:43:56	2000	1500	3333	1542	2	0.94330	5.01357	4.72376		
21:44:06	2000	1500	3333	1574	2	0.94444	5.01343	4.72993		
21:44:16	2000	1500	3333	1524	2	0.94264	5.01352	4.72010		
21:44:26	2000	1500	3333	1522	2	0.94258	5.01387	4.72006		
21:44:36	2000	1500	3333	1536	2	0.94307	5.01501	4.72388		
21:44:46	2000	1500	3333	1489	2	0.94135	5.01463	4.71399		
21:44:56	2000	1500	3333	1512	2	0.94220	5.01444	4.71850		
21:45:06	2000	1500	3333	1471	2	0.94063	5.01474	4.71016		
21:45:16	2000	1400	3333	1475	2	0.94080	5.01472	4.71105		
21:45:26	2000	1400	3333	1440	2	0.93941	5.01436	4.70303		
21:45:36	2000	1400	3333	1461	2	0.94025	5.01478	4.70809		
21:45:46	2000	1400	3333	1432	2	0.93910	5.01493	4.70185		
21:45:56	2000	1400	3333	1429	2	0.93897	5.01525	4.70146		
21:46:06	2000	1400	3333	1489	2	0.94136	5.01477	4.71417		
21:46:16	2000	1400	3333	1442	2	0.93949	5.01456	4.70366		
21:46:26	2000	1400	3333	1423	2	0.93872	5.01439	4.69928		
21:46:36	2000	1400	3333	1402	2	0.93783	5.01591	4.69578		
21:46:46	2000	1400	3333	1399	2	0.93771	5.01552	4.69477		
21:46:56	2000	1400	3333	1399	2	0.93769	5.01538	4.69448		
21:47:06	2000	1400	3333	1359	2	0.93590	5.01584	4.68506		
21:47:16	2000	1300	3333	1369	2	0.93635	5.01647	4.68813		
21:47:26	2000	1300	3333	1343	2	0.93517	5.01635	4.68151		
21:47:36	2000	1300	3333	1372	2	0.93652	5.01579	4.68844		
21:47:46	2000	1300	3333	1364	2	0.93614	5.01599	4.68651		
21:47:56	2000	1300	3333	1423	2	0.93871	5.01480	4.69958		
21:48:06	2000	1300	3333	1387	2	0.93716	5.01579	4.69196		
21:48:16	2000	1300	3333	1377	2	0.93674	5.01610	4.68993		
21:48:26	2000	1300	3333	1401	2	0.93776	5.01689	4.69632		
21:48:36	2000	1300	3333	1369	2	0.93637	5.01714	4.68885		
21:48:46	2000	1300	3333	1348	2	0.93543	5.01771	4.68421		
21:48:56	2000	1300	3333	1355	2	0.93573	5.01682	4.68500		
21:49:06	2000	1300	3333	1318	2	0.93398	5.01778	4.67623		
21:49:16	2000	1300	3333	1335	2	0.93482	5.01745	4.68060		
21:49:26	2000	1300	3333	1330	2	0.93457	5.01918	4.68080		
21:49:36	2000	1300	3333	1311	2	0.93365	5.01948	4.67601		
21:49:46	2000	1300	3333	1336	2	0.93486	5.01850	4.68177		
21:49:56	2000	1300	3333	1375	2	0.93665	5.01709	4.69038		
21:50:06	2000	1300	3333	1351	2	0.93554	5.01760	4.68470		
21:50:16	2000	1300	3333	1340	2	0.93505	5.01793	4.68228		
21:50:26	2000	1300	3333	1316	2	0.93388	5.01824	4.67614		
21:50:36	2000	1300	3333	1365	2	0.93621	5.01758	4.68841		
21:50:46	2000	1300	3333	1335	2	0.93480	5.01783	4.68081		
21:50:56	2000	1300	3333	1321	2	0.93416	5.01833	4.67777		
21:51:06	2000	1300	3333	1302	2	0.93320	5.01820	4.67235		
21:51:16	2000	1300	3333	1313	2	0.93376	5.01807	4.67533		
21:51:26	2000	1300	3333	1323	2	0.93421	5.01900	4.67867		
21:51:36	2000	1300	3333	1308	2	0.93349	5.01874	4.67445		
21:51:46	2000	1300	3333	1277	2	0.93197	5.01867	4.66598		
21:51:56	2000	1300	3333	1286	2	0.93240	5.01752	4.66728		
21:52:06	2000	1300	3333	1326	2	0.93437	5.01670	4.67741		
21:52:16	2000	1300	3333	1333	2	0.93470	5.01675	4.67929		
21:52:26	2000	1300	3333	1303	2	0.93328	5.01631	4.67104		
21:52:36	2000	1300	3333	1293	2	0.93274	5.01640	4.66812		
21:52:46	2000	1300	3333	1332	2	0.93465	5.01578	4.67811		
21:52:56	2000	1300	3333	1341	2	0.93507	5.01546	4.68012		
21:53:06	2000	1300	3333	1300	2	0.93309	5.01509	4.66885		
21:53:16	2000	1300	3333	1308	2	0.93350	5.01552	4.67147		
21:53:26	2000	1300	3333	1311	2	0.93364	5.01415	4.67097		
21:53:36	2000	1300	3333	1330	2	0.93457	5.01429	4.67628		
21:53:46	2000	1300	3333	1302	2	0.93323	5.01377	4.66838		
21:53:56	2000	1300	3333	1327	2	0.93442	5.01344	4.67462		
21:54:06	2000	1300	3333	1327	2	0.93441	5.01359	4.67470		
21:54:16	2000	1300	3333	1308	2	0.93350	5.01274	4.66890		
21:54:26	2000	1300	3333	1297	2	0.93294	5.01250	4.66561		
21:54:36	2000	1300	3333	1335	2	0.93482	5.01344	4.67683		
21:54:46	2000	1300	3333	1348	2	0.93541	5.01317	4.67987		
21:54:56	2000	1300	3333	1312	2	0.93372	5.01300	4.67036		
21:55:06	2000	1300	3333	1307	2	0.93344	5.01189	4.66776		
21:55:16	2000	1300	3333	1357	2	0.93584	5.01099	4.68018		
21:55:26	2000	1300	3333	1339	2	0.93497	5.01028	4.67474		
21:55:36	2000	1300	3333	1320	2	0.93407	5.00951	4.66903		
21:55:46	2000	1300	3333	1343	2	0.93517	5.00929	4.67492		
21:55:56	2000	1300	3333	1300	2	0.93312	5.00968	4.66398		
21:56:06	2000	1300	3333	1325	2	0.93435	5.00805	4.66924		
21:56:16	2000	1300	3333	1359	2	0.93594	5.00754	4.67749		
21:56:26	2000	1300	3333	1326	2	0.93437	5.00840	4.66964		
21:56:36	2000	1300	3333	1330	2	0.93459	5.00798	4.67047		
21:56:46	2000	1300	3333	1314	2	0.93380	5.00951	4.66757		
21:56:56	2000	1300	3333	1301	2	0.93318	5.00858	4.66326		
21:57:06	2000	1300	3333	1306	2	0.93341	5.00788	4.66386		
21:57:16	2000	1300	3333	1318	2	0.93400	5.00729	4.66658		
21:57:26	2000	1300	3333	1333	2	0.93473	5.00661	4.66998		
21:57:36	2000	1300	3333	1292	2	0.93271	5.00639	4.65863		
21:57:46	2000	1300	3333	1332	2	0.93467	5.00491	4.66808		
21:57:56	2000	1300	3333	1307	2	0.93344	5.00447	4.66087		
21:58:06	2000	1300	3333	1324	2	0.93430	5.00427	4.66543		
21:58:16	2000	1300	3333	1326	2	0.93439	5.00416	4.66584		
21:58:26	2000	1300	3333	1311	2	0.93367	5.00311	4.66086		
21:58:36	2000	1300	3333	1319	2	0.93405	5.00308	4.66295		
21:58:46	2000	1300	3333	1316	2	0.93392	5.00274	4.66188		
21:58:56	2000	1300	3333	1328	2	0.93446	5.00223	4.66442		
21:59:06	2000	1300	3333	1283	2	0.93227	5.00247	4.65257		
21:59:16	2000	1300	3333	1297	2	0.93298	5.00252	4.65652		
21:59:26	2000	1300	3333	1294	2	0.93280	5.00227	4.65531		
21:59:36	2000	1300	3333	1317	2	0.93396	5.00217	4.66159		
21:59:46	2000	1300	3333	1297	2	0.93294	5.00107	4.65496		
21:59:56	2000	1200	3333	1299	2	0.93308	5.00061	4.65529		
22:00:06	2000	1300	3333	1348	2	0.93539	5.00087	4.66827		
22:00:16	2000	1300	3333	1307	2	0.93346	4.99986	4.65671		
22:00:26	2000	1300	3333	1305	2	0.93336	4.99960	4.65591		
22:00:36	2000	1300	3333	1289	2	0.93255	4.99960	4.65142		
22:00:46	2000	1300	3333	1311	2	0.93366	4.99967	4.65762		
22:00:56	2000	1300	3333	1291	2	0.93267	4.99966	4.65213		
22:01:06	2000	1200	3333	1288	2	0.93252	4.99937	4.65105		
22:01:16	2000	1200	3333	1274	2	0.93178	5.00000	4.64758		
22:01:26	2000	1200	3333	1303	2	0.93325	4.99910	4.65480		
22:01:36	2000	1200	3333	1297	2	0.93296	4.99900	4.65314		
22:01:46	2000	1200	3333	1280	2	0.93212	5.00044	4.64987		
22:01:56	2000	1200	3333	1295	2	0.93286	4.99890	4.65250		
22:02:06	2000	1200	3333	1280	2	0.93212	4.99936	4.64886		
22:02:16	2000	1200	3333	1303	2	0.93327	4.99861	4.65448		
22:02:26	2000	1200	3333	1302	2	0.93322	4.99798	4.65360		
22:02:36	2000	1200	3333	1306	2	0.93341	4.99805	4.65475		
22:02:46	2000	1200	3333	1314	2	0.93380	4.99781	4.65667		
22:02:56	2000	1300	3333	1333	2	0.93470	4.99838	4.66212		
22:03:06	2000	1300	3333	1298	2	0.93302	4.99821	4.65273		
22:03:16	2000	1300	3333	1298	2	0.93300	4.99781	4.65224		
22:03:26	2000	1300	3333	1328	2	0.93446	4.99813	4.66060		
22:03:36	2000	1300	3333	1311	2	0.93365	4.99791	4.65592		
22:03:46	2000	1300	3333	1297	2	0.93296	4.99773	4.65197		
22:03:56	2000	1300	3333	1307	2	0.93346	4.99800	4.65498		
22:04:06	2000	1300	3333	1311	2	0.93368	4.99798	4.65613		
22:04:16	2000	1300	3333	1294	2	0.93282	4.99876	4.65213		
22:04:26	2000	1300	3333	1302	2	0.93321	4.99839	4.65393		
22:04:36	2000	1300	3333	1322	2	0.93418	4.99892	4.65976		
22:04:46	2000	1300	3333	1298	2	0.93302	4.99909	4.65355		
22:04:56	2000	1300	3333	1338	2	0.93497	4.99869	4.66390		
22:05:06	2000	1300	3333	1303	2	0.93328	4.99892	4.65480		
22:05:16	2000	1300	3333	1328	2	0.93446	4.99861	4.66103		
22:05:26	2000	1300	3333	1344	2	0.93525	4.99867	4.66543		
22:05:36	2000	1300	3333	1322	2	0.93421	4.99858	4.65962		
22:05:46	2000	1300	3333	1365	2	0.93620	4.99920	4.67117		
22:05:56	2000	1300	3333	1369	2	0.93639	4.99858	4.67162		
22:06:06	2000	1300	3333	1339	2	0.93500	4.99928	4.66465		
22:06:16	2000	1300	3333	1346	2	0.93534	4.99890	4.66614		
22:06:26	2000	1300	3333	1334	2	0.93475	4.99852	4.66252		
22:06:36	2000	1300	3333	1358	2	0.93586	4.99932	4.66938		
22:06:46	2000	1300	3333	1371	2	0.93645	4.99924	4.67257		
22:06:56	2000	1300	3333	1363	2	0.93612	4.99967	4.67114		
22:07:06	2000	1300	3333	1363	2	0.93612	4.99994	4.67138		
22:07:16	2000	1300	3333	1351	2	0.93557	4.99978	4.66822		
22:07:26	2000	1300	3333	1346	2	0.93534	5.00045	4.66758		
22:07:36	2000	1300	3333	1387	2	0.93719	5.00058	4.67791		
22:07:46	2000	1300	3333	1392	2	0.93741	5.00020	4.67876		
22:07:56	2000	1300	3333	1370	2	0.93643	5.00067	4.67381		
22:08:06	2000	1300	3333	1352	2	0.93561	5.00063	4.66924		
22:08:16	2000	1300	3333	1419	2	0.93855	5.00079	4.68560		
22:08:26	2000	1300	3333	1415	2	0.93838	5.00067	4.68453		
22:08:36	2000	1300	3333	1418	2	0.93850	5.00109	4.68557		
22:08:46	2000	1300	3333	1414	2	0.93832	5.00059	4.68412		
22:08:56	2000	1400	3333	1391	2	0.93734	5.00032	4.67847		
22:09:06	2000	1400	3333	1411	2	0.93819	5.00091	4.68371		
22:09:16	2000	1400	3333	1436	2	0.93925	5.00078	4.68941		
22:09:26	2000	1400	3333	1383	2	0.93700	5.00083	4.67707		
22:09:36	2000	1300	3333	1356	2	0.93580	5.00212	4.67168		
22:09:46	2000	1300	3333	1370	2	0.93640	5.00150	4.67440		
22:09:56	2000	1300	3333	1389	2	0.93726	5.00177	4.67939		
22:10:06	2000	1300	3333	1429	2	0.93898	5.00203	4.68909		
22:10:16	2000	1300	3333	1429	2	0.93896	5.00143	4.68846		
22:10:26	2000	1400	3333	1453	2	0.93993	5.00240	4.69470		
22:10:36	2000	1400	3333	1411	2	0.93820	5.00178	4.68460		
22:10:46	2000	1400	3333	1440	2	0.93943	5.00190	4.69144		
22:10:56	2000	1400	3333	1436	2	0.93925	5.00292	4.69144		
22:11:06	2000	1400	3333	1406	2	0.93801	5.00375	4.68537		
22:11:16	2000	1400	3333	1430	2	0.93900	5.00289	4.69003		
22:11:26	2000	1400	3333	1408	2	0.93809	5.00356	4.68562		
22:11:36	2000	1400	3333	1409	2	0.93811	5.00352	4.68569		
22:11:46	2000	1400	3333	1416	2	0.93840	5.00324	4.68706		
22:11:56	2000	1400	3333	1419	2	0.93856	5.00346	4.68816		
22:12:06	2000	1400	3333	1382	2	0.93693	5.00380	4.67948		
22:12:16	2000	1400	3333	1402	2	0.93783	5.00449	4.68510		
22:12:26	2000	1400	3333	1399	2	0.93767	5.00371	4.68349		
22:12:36	2000	1400	3333	1424	2	0.93877	5.00450	4.69027		
22:12:46	2000	1300	3333	1349	2	0.93547	5.00507	4.67263		
22:12:56	2000	1300	3333	1393	2	0.93745	5.00402	4.68254		
22:13:06	2000	1300	3333	1305	2	0.93338	5.00557	4.66156		
22:13:16	2000	1300	3333	1342	2	0.93512	5.00460	4.67025		
22:13:26	2000	1300	3333	1349	2	0.93548	5.00536	4.67292		
22:13:36	2000	1300	3333	1377	2	0.93672	5.00569	4.68008		
22:13:46	2000	1300	3333	1296	2	0.93292	5.00604	4.65947		
22:13:56	2000	1300	3333	1258	2	0.93097	5.00626	4.64893		
22:14:06	2000	1300	3333	1248	2	0.93040	5.00670	4.64621		
22:14:16	2000	1200	3333	1267	2	0.93141	5.00705	4.65209		
22:14:26	2000	1200	3333	1254	2	0.93074	5.00594	4.64735		
22:14:36	2000	1200	3333	1304	2	0.93332	5.00614	4.66178		
22:14:46	2000	1200	3333	1267	2	0.93143	5.00666	4.65186		
22:14:56	2000	1200	3333	1240	2	0.92997	5.00675	4.64386		
22:15:06	2000	1200	3333	1248	2	0.93043	5.00723	4.64687		
22:15:16	2000	1200	3323	1229	2	0.92936	5.00737	4.64110		
22:15:26	2000	1200	3324	1258	2	0.93096	5.00745	4.64996		
22:15:36	2000	1200	3305	1249	2	0.93045	5.00687	4.64665		
22:15:46	2000	1200	3310	1282	2	0.93220	5.00760	4.65694		
22:15:56	2000	1200	3302	1218	2	0.92880	5.00755	4.63814		
22:16:06	2000	1200	3294	1226	2	0.92921	5.00738	4.64026		
22:16:16	2000	1200	3290	1216	2	0.92864	5.00849	4.63813		
22:16:26	2000	1200	3283	1239	2	0.92995	5.00876	4.64562		
22:16:36	2000	1200	3273	1219	2	0.92885	5.00862	4.63941		
22:16:46	2000	1200	3234	1172	2	0.92609	5.00815	4.62375		
22:16:56	2000	1200	3225	1194	2	0.92742	5.00933	4.63220		
22:17:06	2000	1200	3214	1192	2	0.92730	5.00890	4.63114		
22:17:16	2000	1200	3231	1264	2	0.93130	5.00907	4.65333		
22:17:26	2000	1200	3233	1245	2	0.93029	5.00955	4.64821		
22:17:36	2000	1200	3245	1254	2	0.93077	5.00945	4.65078		
22:17:46	2000	1200	3258	1206	2	0.92812	5.00958	4.63628		
22:17:56	2000	1200	3261	1204	2	0.92797	5.01004	4.63589		
22:18:06	2000	1200	3251	1163	2	0.92555	5.01059	4.62305		
22:18:16	2000	1200	3235	1219	2	0.92880	5.00976	4.64022		
22:18:26	2000	1200	3236	1249	2	0.93048	5.01071	4.65038		
22:18:36	2000	1200	3225	1223	2	0.92905	5.01083	4.64256		
22:18:46	2000	1200	3241	1253	2	0.93070	5.01047	4.65137		
22:18:56	2000	1200	3265	1272	2	0.93167	5.01051	4.65673		
22:19:06	2000	1200	3323	1327	2	0.93443	5.01060	4.67204		
22:19:16	2000	1200	3333	1295	2	0.93288	5.01117	4.66403		
22:19:26	2000	1200	3333	1248	2	0.93042	5.01062	4.64992		
22:19:36	2000	1200	3333	1235	2	0.92970	5.01160	4.64687		
22:19:46	2000	1200	3333	1215	2	0.92859	5.01221	4.64133		
22:19:56	2000	1200	3328	1238	2	0.92987	5.01198	4.64816		
22:20:06	2000	1200	3286	1206	2	0.92811	5.01226	4.63874		
22:20:16	2000	1200	3244	1176	2	0.92635	5.01273	4.62944		
22:20:26	2000	1200	3210	1152	2	0.92484	5.01196	4.62037		
22:20:36	2000	1150	3187	1171	2	0.92604	5.01219	4.62721		
22:20:46	2000	1150	3185	1208	2	0.92819	5.01233	4.63925		
22:20:56	2000	1150	3176	1215	2	0.92860	5.01306	4.64216		
22:21:06	2000	1150	3183	1225	2	0.92919	5.01279	4.64516		
22:21:16	2000	1150	3198	1219	2	0.92882	5.01343	4.64370		
22:21:26	2000	1200	3218	1207	2	0.92812	5.01259	4.63907		
22:21:36	2000	1200	3245	1247	2	0.93038	5.01470	4.65353		
22:21:46	2000	1200	3248	1218	2	0.92875	5.01388	4.64373		
22:21:56	2000	1200	3245	1205	2	0.92802	5.01309	4.63901		
22:22:06	2000	1200	3234	1194	2	0.92740	5.01403	4.63645		
22:22:16	2000	1200	3219	1178	2	0.92646	5.01428	4.63148		
22:22:26	2000	1200	3221	1211	2	0.92840	5.01386	4.64178		
22:22:36	2000	1150	3194	1170	2	0.92597	5.01422	4.62872		
22:22:46	2000	1150	3177	1172	2	0.92607	5.01433	4.62939		
22:22:56	2000	1150	3165	1170	2	0.92599	5.01536	4.62986		
22:23:06	2000	1150	3150	1152	2	0.92486	5.01452	4.62288		
22:23:16	2000	1150	3142	1157	2	0.92514	5.01369	4.62362		
22:23:26	2000	1150	3123	1159	2	0.92531	5.01541	4.62617		
22:23:36	2000	1150	3122	1167	2	0.92578	5.01397	4.62742		
22:23:46	2000	1150	3113	1144	2	0.92437	5.01613	4.62164		
22:23:56	2000	1150	3103	1143	2	0.92427	5.01583	4.62083		
22:24:06	2000	1150	3104	1155	2	0.92501	5.01526	4.62440		
22:24:16	2000	1150	3120	1203	2	0.92795	5.01557	4.64087		
22:24:26	2000	1150	3146	1230	2	0.92946	5.01529	4.64896		
22:24:36	2000	1150	3135	1136	2	0.92386	5.01607	4.61878		
22:24:46	2000	1150	3134	1143	2	0.92431	5.01492	4.62020		
22:24:56	2000	1150	3128	1125	2	0.92310	5.01613	4.61461		
22:25:06	2000	1150	3127	1152	2	0.92485	5.01580	4.62400		
22:25:16	2000	1150	3112	1162	2	0.92549	5.01616	4.62788		
22:25:26	2000	1100	3090	1169	2	0.92588	5.01554	4.62942		
22:25:36	2000	1150	3101	1167	2	0.92579	5.01606	4.62943		
22:25:46	2000	1100	3093	1121	2	0.92285	5.01669	4.61378		
22:25:56	2000	1150	3103	1151	2	0.92480	5.01624	4.62412		
22:26:06	2000	1150	3102	1151	2	0.92480	5.01729	4.62511		
22:26:16	2000	1100	3094	1140	2	0.92411	5.01781	4.62178		
22:26:26	2000	1150	3118	1235	2	0.92972	5.01702	4.65200		
22:26:36	2000	1150	3114	1156	2	0.92510	5.01716	4.62664		
22:26:46	2000	1150	3140	1193	2	0.92734	5.01718	4.63904		
22:26:56	2000	1150	3140	1150	2	0.92475	5.01689	4.62444		
22:27:06	2000	1150	3150	1180	2	0.92659	5.01662	4.63436		
22:27:16	2000	1150	3149	1137	2	0.92390	5.01715	4.61996		
22:27:26	2000	1150	3122	1158	2	0.92524	5.01816	4.62833		
22:27:36	2000	1150	3115	1137	2	0.92390	5.01854	4.62126		
22:27:46	2000	1100	3086	1113	2	0.92235	5.01851	4.61266		
22:27:56	2000	1100	3082	1138	2	0.92396	5.01748	4.62060		
22:28:06	2000	1100	3066	1137	2	0.92389	5.01911	4.62176		
22:28:16	2000	1100	3060	1121	2	0.92283	5.01865	4.61548		
22:28:26	2000	1100	3042	1107	2	0.92191	5.01952	4.61116		
22:28:36	2000	1100	3031	1109	2	0.92202	5.01953	4.61181		
22:28:46	2000	1100	3029	1107	2	0.92190	5.01999	4.61155		
22:28:56	2000	1100	3022	1118	2	0.92263	5.01851	4.61423		
22:29:06	2000	1100	3010	1105	2	0.92178	5.01885	4.60982		
22:29:16	2000	1100	3002	1100	2	0.92141	5.01961	4.60851		
22:29:26	2000	1100	3008	1122	2	0.92290	5.01952	4.61664		
22:29:36	2000	1100	3011	1117	2	0.92257	5.01956	4.61486		
22:29:46	2000	1100	3007	1098	2	0.92129	5.01950	4.60773		
22:29:56	2000	1100	2995	1083	2	0.92027	5.01880	4.60143		
22:30:06	2000	1050	2988	1085	2	0.92041	5.02049	4.60376		
22:30:16	2000	1100	2991	1108	2	0.92197	5.01972	4.61168		
22:30:26	2000	1050	2983	1100	2	0.92141	5.02084	4.60964		
22:30:36	2000	1050	2977	1101	2	0.92152	5.02018	4.60961		
22:30:46	2000	1050	2974	1089	2	0.92065	5.01962	4.60431		
22:30:56	2000	1050	2971	1074	2	0.91965	5.02025	4.59936		
22:31:06	2000	1050	2965	1070	2	0.91935	5.02131	4.59869		
22:31:16	2000	1050	2947	1059	2	0.91849	5.02151	4.59412		
22:31:26	2000	1050	2945	1094	2	0.92105	5.02076	4.60757		
22:31:36	2000	1050	2930	1059	2	0.91851	5.02105	4.59376		
22:31:46	2000	1050	2928	1085	2	0.92037	5.02154	4.60451		
22:31:56	2000	1050	2919	1049	2	0.91778	5.02115	4.58982		
22:32:06	2000	1050	2916	1063	2	0.91879	5.02181	4.59601		
22:32:16	2000	1050	2923	1077	2	0.91984	5.02159	4.60163		
22:32:26	2000	1050	2929	1110	2	0.92213	5.02171	4.61439		
22:32:36	2000	1050	2924	1046	2	0.91757	5.02107	4.58863		
22:32:46	2000	1050	2908	1039	2	0.91705	5.02223	4.58678		
22:32:56	2000	1050	2904	1039	2	0.91704	5.02150	4.58609		
22:33:06	2000	1050	2893	1034	2	0.91663	5.02202	4.58426		
22:33:16	2000	1050	2883	1049	2	0.91782	5.02165	4.59049		
22:33:26	2000	1000	2851	1022	2	0.91569	5.02155	4.57867		
22:33:36	2000	1000	2851	1046	2	0.91758	5.02234	4.58982		
22:33:46	2000	1000	2853	1046	2	0.91752	5.02219	4.58937		
22:33:56	2000	1000	2861	1061	2	0.91867	5.02236	4.59589		
22:34:06	2000	1000	2873	1065	2	0.91900	5.02226	4.59760		
22:34:16	2000	1050	2881	1073	2	0.91951	5.02327	4.60136		
22:34:26	2000	1050	2901	1076	2	0.91973	5.02325	4.60257		
22:34:36	2000	1050	2899	1040	2	0.91710	5.02253	4.58733		
22:34:46	2000	1050	2890	1022	2	0.91570	5.02246	4.57952		
22:34:56	2000	1000	2878	1028	2	0.91615	5.02383	4.58329		
22:35:06	2000	1000	2870	1045	2	0.91746	5.02335	4.59006		
22:35:16	2000	1000	2849	1017	2	0.91527	5.02327	4.57790		
22:35:26	2000	1000	2834	1035	2	0.91669	5.02497	4.58730		
22:35:36	2000	1000	2823	1010	2	0.91471	5.02478	4.57620		
22:35:46	2000	1000	2827	1031	2	0.91644	5.02409	4.58513		
22:35:56	2000	1000	2819	1008	2	0.91458	5.02493	4.57559		
22:36:06	2000	1000	2802	998	2	0.91376	5.02500	4.57113		
22:36:16	2000	1000	2796	1001	2	0.91398	5.02442	4.57181		
22:36:26	2000	1000	2790	1016	2	0.91522	5.02468	4.57891		
22:36:36	2000	1000	2780	985	2	0.91264	5.02532	4.56523		
22:36:46	2000	1000	2768	999	2	0.91383	5.02500	4.57150		
22:36:56	2000	950	2766	1003	2	0.91420	5.02426	4.57287		
22:37:06	2000	1000	2776	1025	2	0.91596	5.02472	4.58305		
22:37:16	2000	1000	2783	1019	2	0.91544	5.02586	4.58121		
22:37:26	2000	1000	2785	1022	2	0.91574	5.02512	4.58217		
22:37:36	2000	1000	2787	989	2	0.91298	5.02509	4.56691		
22:37:46	2000	1000	2790	1007	2	0.91451	5.02506	4.57533		
22:37:56	2000	1000	2789	1002	2	0.91409	5.02601	4.57385		
22:38:06	2000	1000	2791	1029	2	0.91628	5.02472	4.58478		
22:38:16	2000	1000	2779	987	2	0.91287	5.02637	4.56745		
22:38:26	2000	1000	2773	1004	2	0.91428	5.02584	4.57476		
22:38:36	2000	1000	2773	990	2	0.91306	5.02573	4.56793		
22:38:46	2000	1000	2773	1008	2	0.91460	5.02640	4.57705		
22:38:56	2000	1000	2775	1006	2	0.91445	5.02651	4.57631		
22:39:06	2000	950	2766	1004	2	0.91424	5.02593	4.57461		
22:39:16	2000	1000	2777	1018	2	0.91542	5.02661	4.58176		
22:39:26	2000	1000	2773	993	2	0.91336	5.02646	4.57024		
22:39:36	2000	1000	2780	1009	2	0.91463	5.02636	4.57719		
22:39:46	2000	1000	2779	1005	2	0.91436	5.02608	4.57542		
22:39:56	2000	1000	2774	992	2	0.91325	5.02610	4.56927		
22:40:06	2000	1000	2771	997	2	0.91367	5.02571	4.57127		
22:40:16	2000	950	2763	997	2	0.91369	5.02657	4.57218		
22:40:26	2000	1000	2771	1015	2	0.91518	5.02602	4.57993		
22:40:36	2000	1000	2774	1014	2	0.91510	5.02636	4.57979		
22:40:46	2000	1000	2778	1016	2	0.91524	5.02635	4.58051		
22:40:56	2000	1000	2798	1046	2	0.91755	5.02592	4.59291		
22:41:06	2000	1000	2798	999	2	0.91383	5.02633	4.57273		
22:41:16	2000	1000	2799	999	2	0.91386	5.02561	4.57223		
22:41:26	2000	1000	2801	1020	2	0.91552	5.02572	4.58151		
22:41:36	2000	1000	2796	1002	2	0.91414	5.02571	4.57384		
22:41:46	2000	1000	2785	986	2	0.91277	5.02586	4.56641		
22:41:56	2000	950	2767	998	2	0.91376	5.02496	4.57110		
22:42:06	2000	1000	2768	1001	2	0.91403	5.02474	4.57239		
22:42:16	2000	950	2764	988	2	0.91294	5.02497	4.56658		
22:42:26	2000	950	2758	1002	2	0.91410	5.02471	4.57276		
22:42:36	2000	950	2749	980	2	0.91225	5.02465	4.56247		
22:42:46	2000	950	2751	991	2	0.91320	5.02463	4.56768		
22:42:56	2000	950	2750	994	2	0.91342	5.02419	4.56851		
22:43:06	2000	950	2752	1009	2	0.91463	5.02362	4.57466		
22:43:16	2000	1000	2773	1045	2	0.91745	5.02353	4.59018		
22:43:26	2000	1000	2774	1004	2	0.91427	5.02358	4.57264		
22:43:36	2000	1000	2788	1019	2	0.91543	5.02398	4.57942		
22:43:46	2000	1000	2797	1017	2	0.91528	5.02353	4.57817		
22:43:56	2000	1000	2808	1021	2	0.91564	5.02309	4.57979		
22:44:06	2000	1000	2810	1015	2	0.91515	5.02261	4.57661		
22:44:16	2000	1000	2787	982	2	0.91239	5.02261	4.56138		
22:44:26	2000	1000	2782	991	2	0.91317	5.02220	4.56530		
22:44:36	2000	1000	2778	1009	2	0.91463	5.02226	4.57345		
22:44:46	2000	1000	2774	1005	2	0.91432	5.02145	4.57099		
22:44:56	2000	950	2761	987	2	0.91288	5.02097	4.56258		
22:45:06	2000	950	2753	991	2	0.91322	5.02073	4.56425		
22:45:16	2000	1000	2772	1033	2	0.91654	5.02202	4.58378		
22:45:26	2000	1000	2784	1024	2	0.91587	5.02022	4.57843		
22:45:36	2000	1000	2791	1028	2	0.91615	5.02005	4.57983		
22:45:46	2000	1000	2792	1007	2	0.91453	5.01984	4.57067		
22:45:56	2000	1000	2795	996	2	0.91360	5.01889	4.56467		
22:46:06	2000	1000	2804	1016	2	0.91525	5.01846	4.57339		
22:46:16	2000	1000	2806	1038	2	0.91694	5.01842	4.58269		
22:46:26	2000	1000	2796	998	2	0.91377	5.01811	4.56489		
22:46:36	2000	1000	2790	1010	2	0.91474	5.01761	4.56979		
22:46:46	2000	1000	2791	1012	2	0.91487	5.01687	4.56986		
22:46:56	2000	1000	2795	1007	2	0.91448	5.01700	4.56782		
22:47:06	2000	1000	2800	1028	2	0.91621	5.01625	4.57667		
22:47:16	2000	1000	2795	1025	2	0.91591	5.01669	4.57545		
22:47:26	2000	1000	2814	1050	2	0.91783	5.01579	4.58520		
22:47:36	2000	1000	2823	1034	2	0.91665	5.01338	4.57650		
22:47:46	2000	1000	2827	1022	2	0.91574	5.01351	4.57159		
22:47:56	2000	1000	2865	1111	2	0.92220	5.01363	4.60736		
22:48:06	2000	1050	2891	1097	2	0.92124	5.01366	4.60211		
22:48:16	2000	1050	2904	1061	2	0.91869	5.01271	4.58712		
22:48:26	2000	1050	2918	1087	2	0.92051	5.01255	4.59703		
22:48:36	2000	1050	2925	1055	2	0.91824	5.01243	4.58443		
22:48:46	2000	1050	2948	1084	2	0.92031	5.01195	4.59538		
22:48:56	2000	1050	2918	1029	2	0.91626	5.01196	4.57303		
22:49:06	2000	1050	2901	1050	2	0.91786	5.01052	4.58056		
22:49:16	2000	1050	2882	1012	2	0.91489	5.00979	4.56351		
22:49:26	2000	1000	2861	1028	2	0.91616	5.00931	4.57007		
22:49:36	2000	1000	2827	965	2	0.91097	5.00914	4.54128		
22:49:46	2000	1000	2810	1035	2	0.91673	5.00932	4.57322		
22:49:56	2000	1000	2792	982	2	0.91241	5.00854	4.54871		
22:50:06	2000	1000	2773	998	2	0.91377	5.00827	4.55598		
22:50:16	2000	950	2764	988	2	0.91294	5.00722	4.55043		
22:50:26	2000	950	2751	991	2	0.91318	5.00706	4.55161		
22:50:36	2000	950	2757	981	2	0.91237	5.00715	4.54724		
22:50:46	2000	950	2733	972	2	0.91159	5.00588	4.54177		
22:50:56	2000	950	2735	987	2	0.91285	5.00542	4.54827		
22:51:06	2000	950	2729	981	2	0.91232	5.00530	4.54527		
22:51:16	2000	950	2725	979	2	0.91216	5.00450	4.54363		
22:51:26	2000	950	2721	981	2	0.91231	5.00479	4.54474		
22:51:36	2000	950	2720	977	2	0.91201	5.00379	4.54217		
22:51:46	2000	950	2723	981	2	0.91233	5.00358	4.54377		
22:51:56	2000	950	2717	971	2	0.91149	5.00339	4.53893		
22:52:06	2000	950	2716	978	2	0.91211	5.00242	4.54151		
22:52:16	2000	950	2709	959	2	0.91038	5.00308	4.53256		
22:52:26	2000	950	2701	961	2	0.91058	5.00201	4.53268		
22:52:36	2000	950	2693	955	2	0.91009	5.00201	4.53000		
22:52:46	2000	950	2688	969	2	0.91129	5.00108	4.53574		
22:52:56	2000	950	2691	978	2	0.91210	5.00164	4.54075		
22:53:06	2000	950	2683	956	2	0.91013	5.00142	4.52970		
22:53:16	2000	950	2683	959	2	0.91038	5.00111	4.53076		
22:53:26	2000	950	2690	981	2	0.91235	5.00097	4.54147		
22:53:36	2000	950	2699	979	2	0.91219	5.00121	4.54081		
22:53:46	2000	950	2696	959	2	0.91039	5.00147	4.53116		
22:53:56	2000	950	2684	948	2	0.90941	5.00122	4.52554		
22:54:06	2000	950	2681	947	2	0.90934	4.99982	4.52388		
22:54:16	2000	950	2678	951	2	0.90967	4.99965	4.52554		
22:54:26	2000	900	2655	919	2	0.90670	4.99951	4.50909		
22:54:36	2000	900	2635	928	2	0.90760	4.99954	4.51405		
22:54:46	2000	900	2627	937	2	0.90843	4.99940	4.51851		
22:54:56	2000	900	2620	928	2	0.90757	4.99966	4.51398		
22:55:06	2000	900	2610	922	2	0.90701	4.99908	4.51041		
22:55:16	2000	900	2600	924	2	0.90717	4.99969	4.51181		
22:55:26	2000	900	2602	924	2	0.90722	4.99918	4.51164		
22:55:36	2000	900	2597	914	2	0.90621	4.99935	4.50623		
22:55:46	2000	900	2588	914	2	0.90622	4.99867	4.50569		
22:55:56	2000	900	2588	928	2	0.90754	4.99923	4.51343		
22:56:06	2000	900	2587	920	2	0.90683	4.99900	4.50930		
22:56:16	2000	900	2586	920	2	0.90676	4.99889	4.50886		
22:56:26	2000	900	2590	935	2	0.90823	4.99846	4.51657		
22:56:36	2000	900	2600	941	2	0.90878	4.99939	4.52042		
22:56:46	2000	900	2600	914	2	0.90622	4.99874	4.50572		
22:56:56	2000	900	2604	940	2	0.90866	4.99921	4.51958		
22:57:06	2000	900	2603	916	2	0.90645	4.99862	4.50687		
22:57:16	2000	900	2606	927	2	0.90745	4.99810	4.51194		
22:57:26	2000	900	2612	951	2	0.90974	4.99849	4.52488		
22:57:36	2000	900	2610	936	2	0.90833	4.99813	4.51682		
22:57:46	2000	900	2620	941	2	0.90880	4.99886	4.52003		
22:57:56	2000	900	2619	937	2	0.90843	4.99913	4.51825		
22:58:06	2000	900	2627	936	2	0.90832	4.99853	4.51709		
22:58:16	2000	900	2625	922	2	0.90698	4.99882	4.50997		
22:58:26	2000	900	2612	917	2	0.90651	4.99883	4.50741		
22:58:36	2000	900	2599	902	2	0.90506	4.99905	4.49963		
22:58:46	2000	900	2587	909	2	0.90569	4.99951	4.50350		
22:58:56	2000	900	2587	937	2	0.90843	4.99872	4.51786		
22:59:06	2000	900	2581	922	2	0.90702	4.99906	4.51043		
22:59:16	2000	900	2581	921	2	0.90695	4.99990	4.51080		
22:59:26	2000	900	2581	916	2	0.90646	4.99958	4.50780		
22:59:36	2000	900	2590	926	2	0.90734	4.99892	4.51208		
22:59:46	2000	900	2586	897	2	0.90451	4.99936	4.49686		
22:59:56	2000	900	2571	899	2	0.90478	4.99986	4.49882		
23:00:06	2000	900	2572	923	2	0.90711	5.00030	4.51202		
23:00:16	2000	900	2565	904	2	0.90528	5.00008	4.50175		
23:00:26	2000	900	2563	910	2	0.90580	5.00006	4.50459		
23:00:36	2000	900	2553	901	2	0.90496	4.99983	4.49980		
23:00:46	2000	900	2553	895	2	0.90432	5.00058	4.49691		
23:00:56	2000	900	2546	881	2	0.90292	5.00140	4.48994		
23:01:06	2000	850	2538	902	2	0.90502	5.00066	4.50087		
23:01:16	2000	850	2526	874	2	0.90213	5.00111	4.48535		
23:01:26	2000	850	2518	888	2	0.90358	5.00045	4.49273		
23:01:36	2000	850	2504	865	2	0.90120	5.00126	4.48035		
23:01:46	2000	850	2508	907	2	0.90550	5.00147	4.50421		
23:01:56	2000	850	2513	893	2	0.90412	5.00171	4.49686		
23:02:06	2000	850	2514	904	2	0.90526	5.00172	4.50312		
23:02:16	2000	850	2525	903	2	0.90516	5.00133	4.50225		
23:02:26	2000	850	2535	914	2	0.90624	5.00181	4.50861		
23:02:36	2000	900	2547	898	2	0.90464	5.00164	4.49965		
23:02:46	2000	900	2550	913	2	0.90614	5.00182	4.50808		
23:02:56	2000	900	2558	915	2	0.90631	5.00289	4.50999		
23:03:06	2000	900	2558	903	2	0.90518	5.00158	4.50256		
23:03:16	2000	900	2558	903	2	0.90511	5.00227	4.50281		
23:03:26	2000	900	2554	903	2	0.90510	5.00286	4.50327		
23:03:36	2000	900	2558	910	2	0.90586	5.00278	4.50740		
23:03:46	2000	900	2566	933	2	0.90808	5.00275	4.51959		
23:03:56	2000	900	2568	922	2	0.90696	5.00287	4.51354		
23:04:06	2000	900	2572	914	2	0.90619	5.00283	4.50928		
23:04:16	2000	900	2582	929	2	0.90763	5.00331	4.51761		
23:04:26	2000	900	2589	921	2	0.90693	5.00350	4.51393		
23:04:36	2000	900	2591	914	2	0.90622	5.00317	4.50975		
23:04:46	2000	900	2584	916	2	0.90643	5.00316	4.51088		
23:04:56	2000	900	2582	917	2	0.90648	5.00313	4.51110		
23:05:06	2000	900	2588	929	2	0.90770	5.00408	4.51868		
23:05:16	2000	900	2587	927	2	0.90744	5.00470	4.51782		
23:05:26	2000	900	2584	912	2	0.90603	5.00436	4.50975		
23:05:36	2000	900	2585	918	2	0.90658	5.00465	4.51307		
23:05:46	2000	900	2581	907	2	0.90550	5.00469	4.50713		
23:05:56	2000	900	2583	920	2	0.90680	5.00490	4.51447		
23:06:06	2000	900	2573	904	2	0.90529	5.00504	4.50627		
23:06:16	2000	900	2572	922	2	0.90704	5.00496	4.51586		
23:06:26	2000	900	2570	907	2	0.90556	5.00491	4.50764		
23:06:36	2000	900	2567	911	2	0.90590	5.00552	4.51010		
23:06:46	2000	900	2567	906	2	0.90542	5.00640	4.50824		
23:06:56	2000	900	2563	910	2	0.90585	5.00646	4.51066		
23:07:06	2000	900	2566	912	2	0.90600	5.00634	4.51140		
23:07:16	2000	900	2570	932	2	0.90793	5.00605	4.52174		
23:07:26	2000	900	2568	904	2	0.90525	5.00448	4.50558		
23:07:36	2000	900	2561	892	2	0.90402	5.00602	4.50019		
23:07:46	2000	900	2562	909	2	0.90572	5.00590	4.50942		
23:07:56	2000	900	2561	907	2	0.90556	5.00539	4.50807		
23:08:06	2000	900	2559	907	2	0.90551	5.00598	4.50836		
23:08:16	2000	900	2549	904	2	0.90526	5.00740	4.50823		
23:08:26	2000	900	2546	898	2	0.90461	5.00645	4.50380		
23:08:36	2000	900	2551	904	2	0.90520	5.00658	4.50720		
23:08:46	2000	900	2554	916	2	0.90645	5.00719	4.51463		
23:08:56	2000	900	2551	900	2	0.90485	5.00752	4.50607		
23:09:06	2000	900	2551	907	2	0.90551	5.00701	4.50926		
23:09:16	2000	900	2550	902	2	0.90499	5.00764	4.50699		
23:09:26	2000	900	2575	962	2	0.91071	5.00768	4.53854		
23:09:36	2000	900	2582	924	2	0.90720	5.00808	4.51956		
23:09:46	2000	900	2579	908	2	0.90562	5.00809	4.51085		
23:09:56	2000	900	2584	914	2	0.90622	5.00905	4.51503		
23:10:06	2000	900	2586	911	2	0.90589	5.00848	4.51271		
23:10:16	2000	900	2592	918	2	0.90657	5.00859	4.51652		
23:10:26	2000	900	2561	879	2	0.90269	5.00950	4.49595		
23:10:36	2000	900	2553	904	2	0.90520	5.00967	4.50995		
23:10:46	2000	900	2550	901	2	0.90492	5.00934	4.50810		
23:10:56	2000	900	2547	906	2	0.90539	5.00972	4.51106		
23:11:06	2000	850	2541	895	2	0.90431	5.00925	4.50467		
23:11:16	2000	850	2537	908	2	0.90561	5.01036	4.51284		
23:11:26	2000	900	2548	909	2	0.90578	5.00916	4.51271		
23:11:36	2000	900	2553	916	2	0.90643	5.00934	4.51645		
23:11:46	2000	900	2559	917	2	0.90651	5.00996	4.51746		
23:11:56	2000	900	2564	917	2	0.90653	5.01051	4.51808		
23:12:06	2000	900	2570	912	2	0.90604	5.01008	4.51494		
23:12:16	2000	900	2564	892	2	0.90408	5.01038	4.50440		
23:12:26	2000	900	2558	892	2	0.90399	5.01106	4.50454		
23:12:36	2000	900	2555	909	2	0.90577	5.01073	4.51406		
23:12:46	2000	900	2547	896	2	0.90443	5.01117	4.50705		
23:12:56	2000	850	2534	883	2	0.90310	5.01068	4.49930		
23:13:06	2000	850	2525	887	2	0.90350	5.01047	4.50131		
23:13:16	2000	850	2523	887	2	0.90353	5.01033	4.50135		
23:13:26	2000	850	2524	895	2	0.90438	5.01207	4.50757		
23:13:36	2000	850	2523	906	2	0.90545	5.01143	4.51291		
23:13:46	2000	850	2522	894	2	0.90424	5.01207	4.50681		
23:13:56	2000	850	2531	905	2	0.90534	5.01183	4.51267		
23:14:06	2000	850	2534	896	2	0.90447	5.01158	4.50765		
23:14:16	2000	900	2543	910	2	0.90578	5.01131	4.51466		
23:14:26	2000	900	2546	905	2	0.90529	5.01263	4.51311		
23:14:36	2000	900	2552	921	2	0.90687	5.01167	4.52098		
23:14:46	2000	900	2558	912	2	0.90599	5.01337	4.51768		
23:14:56	2000	900	2561	912	2	0.90606	5.01342	4.51807		
23:15:06	2000	900	2570	920	2	0.90685	5.01261	4.52174		
23:15:16	2000	900	2571	911	2	0.90588	5.01328	4.51699		
23:15:26	2000	900	2574	913	2	0.90615	5.01350	4.51868		
23:15:36	2000	900	2571	914	2	0.90621	5.01364	4.51911		
23:15:46	2000	900	2575	921	2	0.90693	5.01309	4.52257		
23:15:56	2000	900	2583	934	2	0.90815	5.01292	4.52919		
23:16:06	2000	900	2589	937	2	0.90839	5.01322	4.53075		
23:16:16	2000	900	2610	964	2	0.91089	5.01313	4.54449		
23:16:26	2000	900	2620	942	2	0.90889	5.01306	4.53340		
23:16:36	2000	900	2633	947	2	0.90936	5.01376	4.53661		
23:16:46	2000	900	2630	913	2	0.90617	5.01395	4.51917		
23:16:56	2000	900	2634	944	2	0.90902	5.01422	4.53515		
23:17:06	2000	900	2639	952	2	0.90979	5.01423	4.53941		
23:17:16	2000	900	2629	938	2	0.90847	5.01440	4.53227		
23:17:26	2000	900	2639	968	2	0.91123	5.01370	4.54685		
23:17:36	2000	900	2632	927	2	0.90748	5.01419	4.52659		
23:17:46	2000	900	2636	924	2	0.90719	5.01464	4.52542		
23:17:56	2000	900	2631	932	2	0.90793	5.01477	4.52961		
23:18:06	2000	900	2625	935	2	0.90824	5.01588	4.53236		
23:18:16	2000	900	2623	932	2	0.90792	5.01475	4.52957		
23:18:26	2000	900	2610	935	2	0.90827	5.01537	4.53206		
23:18:36	2000	900	2615	939	2	0.90862	5.01583	4.53442		
23:18:46	2000	900	2615	924	2	0.90719	5.01645	4.52707		
23:18:56	2000	900	2624	954	2	0.90999	5.01514	4.54136		
23:19:06	2000	900	2630	952	2	0.90978	5.01520	4.54023		
23:19:16	2000	900	2642	964	2	0.91086	5.01599	4.54691		
23:19:26	2000	900	2640	930	2	0.90774	5.01631	4.52999		
23:19:36	2000	900	2636	929	2	0.90768	5.01746	4.53068		
23:19:46	2000	900	2645	949	2	0.90951	5.01725	4.54058		
23:19:56	2000	900	2636	929	2	0.90765	5.01716	4.53024		
23:20:06	2000	900	2637	954	2	0.91000	5.01748	4.54351		
23:20:16	2000	900	2636	962	2	0.91073	5.01768	4.54772		
23:20:26	2000	900	2636	929	2	0.90766	5.01721	4.53033		
23:20:36	2000	900	2642	947	2	0.90930	5.01691	4.53914		
23:20:46	2000	900	2640	944	2	0.90904	5.01750	4.53823		
23:20:56	2000	900	2655	969	2	0.91128	5.01741	4.55051		
23:21:06	2000	900	2653	949	2	0.90953	5.01720	4.54068		
23:21:16	2000	900	2641	929	2	0.90771	5.01709	4.53052		
23:21:26	2000	900	2655	966	2	0.91106	5.01826	4.55005		
23:21:36	2000	950	2657	951	2	0.90970	5.01841	4.54269		
23:21:46	2000	950	2658	948	2	0.90939	5.01856	4.54114		
23:21:56	2000	900	2648	942	2	0.90886	5.01890	4.53851		
23:22:06	2000	900	2649	952	2	0.90982	5.01892	4.54383		
23:22:16	2000	950	2659	955	2	0.91004	5.01886	4.54499		
23:22:26	2000	950	2664	979	2	0.91219	5.01872	4.55675		
23:22:36	2000	950	2668	962	2	0.91070	5.01909	4.54883		
23:22:46	2000	950	2670	953	2	0.90990	5.02025	4.54547		
23:22:56	2000	950	2679	966	2	0.91101	5.01901	4.55047		
23:23:06	2000	950	2679	954	2	0.90996	5.01938	4.54499		
23:23:16	2000	950	2678	952	2	0.90976	5.02053	4.54495		
23:23:26	2000	950	2667	950	2	0.90966	5.02077	4.54459		
23:23:36	2000	950	2662	946	2	0.90928	5.02079	4.54251		
23:23:46	2000	900	2654	934	2	0.90812	5.02077	4.53609		
23:23:56	2000	900	2651	957	2	0.91023	5.02128	4.54823		
23:24:06	2000	900	2651	954	2	0.90998	5.02123	4.54679		
23:24:16	2000	900	2651	951	2	0.90974	5.02111	4.54536		
23:24:26	2000	900	2646	937	2	0.90844	5.02104	4.53813		
23:24:36	2000	900	2649	955	2	0.91009	5.02100	4.54720		
23:24:46	2000	950	2657	954	2	0.90993	5.02092	4.54623		
23:24:56	2000	950	2660	965	2	0.91093	5.02158	4.55234		
23:25:06	2000	950	2658	949	2	0.90954	5.02031	4.54350		
23:25:16	2000	900	2652	937	2	0.90837	5.02215	4.53874		
23:25:26	2000	900	2654	941	2	0.90880	5.02059	4.53969		
23:25:36	2000	900	2642	924	2	0.90718	5.02206	4.53204		
23:25:46	2000	900	2631	923	2	0.90713	5.02239	4.53209		
23:25:56	2000	900	2618	930	2	0.90778	5.02222	4.53551		
23:26:06	2000	900	2610	929	2	0.90769	5.02211	4.53492		
23:26:16	2000	900	2607	927	2	0.90752	5.02234	4.53417		
23:26:26	2000	900	2597	916	2	0.90639	5.02213	4.52777		
23:26:36	2000	900	2592	912	2	0.90605	5.02231	4.52604		
23:26:46	2000	900	2591	919	2	0.90673	5.02189	4.52941		
23:26:56	2000	900	2582	908	2	0.90562	5.02210	4.52348		
23:27:06	2000	900	2572	901	2	0.90498	5.02264	4.52040		
23:27:16	2000	900	2563	904	2	0.90525	5.02374	4.52288		
23:27:26	2000	900	2554	891	2	0.90394	5.02225	4.51432		
23:27:36	2000	900	2543	883	2	0.90312	5.02317	4.51062		
23:27:46	2000	850	2533	894	2	0.90427	5.02725	4.52064		
23:27:56	2000	850	2528	894	2	0.90421	5.02326	4.51673		
23:28:06	2000	850	2517	874	2	0.90210	5.02385	4.50558		
23:28:16	2000	850	2506	875	2	0.90223	5.02399	4.50643		
23:28:26	2000	850	2499	872	2	0.90189	5.02391	4.50449		
23:28:36	2000	850	2499	884	2	0.90325	5.02400	4.51207		
23:28:46	2000	850	2498	891	2	0.90393	5.02398	4.51583		
23:28:56	2000	850	2486	863	2	0.90092	5.02397	4.49914		
23:29:06	2000	850	2482	862	2	0.90091	5.02435	4.49945		
23:29:16	2000	850	2474	853	2	0.89988	5.02327	4.49278		
23:29:26	2000	850	2466	851	2	0.89967	5.02458	4.49280		
23:29:36	2000	850	2468	890	2	0.90377	5.02481	4.51568		
23:29:46	2000	850	2465	883	2	0.90308	5.02449	4.51155		
23:29:56	2000	850	2473	885	2	0.90329	5.02451	4.51277		
23:30:06	2000	850	2488	903	2	0.90509	5.02480	4.52300		
23:30:16	2000	850	2514	922	2	0.90699	5.02474	4.53342		
23:30:26	2000	850	2540	919	2	0.90675	5.02409	4.53154		
23:30:36	2000	900	2552	919	2	0.90670	5.02406	4.53123		
23:30:46	2000	900	2568	927	2	0.90746	5.02422	4.53554		
23:30:56	2000	900	2585	928	2	0.90762	5.02459	4.53676		
23:31:06	2000	900	2586	905	2	0.90538	5.02482	4.52460		
23:31:16	2000	900	2589	930	2	0.90773	5.02364	4.53651		
23:31:26	2000	900	2595	936	2	0.90836	5.02426	4.54057		
23:31:36	2000	900	2594	916	2	0.90644	5.02425	4.52992		
23:31:46	2000	900	2589	912	2	0.90603	5.02364	4.52712		
23:31:56	2000	900	2587	925	2	0.90728	5.02363	4.53405		
23:32:06	2000	900	2593	922	2	0.90697	5.02426	4.53290		
23:32:16	2000	900	2589	919	2	0.90670	5.02285	4.53012		
23:32:26	2000	900	2579	909	2	0.90570	5.02279	4.52451		
23:32:36	2000	900	2587	936	2	0.90835	5.02249	4.53893		
23:32:46	2000	900	2601	950	2	0.90966	5.02258	4.54623		
23:32:56	2000	900	2605	935	2	0.90827	5.02292	4.53889		
23:33:06	2000	900	2620	962	2	0.91068	5.02326	4.55249		
23:33:16	2000	900	2632	950	2	0.90965	5.02220	4.54583		
23:33:26	2000	900	2647	947	2	0.90933	5.02171	4.54365		
23:33:36	2000	900	2643	927	2	0.90749	5.02163	4.53340		
23:33:46	2000	950	2659	992	2	0.91327	5.02164	4.56535		
23:33:56	2000	950	2677	985	2	0.91268	5.02059	4.56111		
23:34:06	2000	950	2676	959	2	0.91040	5.02029	4.54826		
23:34:16	2000	950	2689	985	2	0.91271	5.02023	4.56096		
23:34:26	2000	950	2693	957	2	0.91024	5.01995	4.54708		
23:34:36	2000	950	2712	977	2	0.91197	5.02009	4.55678		
23:34:46	2000	950	2699	957	2	0.91027	5.01911	4.54650		
23:34:56	2000	950	2696	977	2	0.91204	5.01885	4.55600		
23:35:06	2000	950	2702	974	2	0.91176	5.01885	4.55447		
23:35:16	2000	950	2707	998	2	0.91380	5.01878	4.56570		
23:35:26	2000	950	2723	1001	2	0.91405	5.01853	4.56682		
23:35:36	2000	950	2743	1029	2	0.91629	5.01782	4.57857		
23:35:46	2000	950	2766	1019	2	0.91547	5.01781	4.57400		
23:35:56	2000	1000	2779	1014	2	0.91504	5.01757	4.57143		
23:36:06	2000	1000	2796	1020	2	0.91557	5.01712	4.57396		
23:36:16	2000	1000	2810	1036	2	0.91676	5.01655	4.58000		
23:36:26	2000	1000	2818	1023	2	0.91578	5.01595	4.57405		
23:36:36	2000	1000	2826	1051	2	0.91794	5.01650	4.58646		
23:36:46	2000	1000	2837	1049	2	0.91781	5.01626	4.58555		
23:36:56	2000	1000	2832	1001	2	0.91397	5.01505	4.56325		
23:37:06	2000	1000	2824	998	2	0.91378	5.01451	4.56168		
23:37:16	2000	1000	2818	1019	2	0.91545	5.01523	4.57154		
23:37:26	2000	1000	2819	1025	2	0.91596	5.01474	4.57394		
23:37:36	2000	1000	2816	1044	2	0.91738	5.01448	4.58151		
23:37:46	2000	1000	2816	1049	2	0.91779	5.01370	4.58306		
23:37:56	2000	1000	2834	1048	2	0.91774	5.01354	4.58266		
23:38:06	2000	1000	2857	1063	2	0.91879	5.01374	4.58863		
23:38:16	2000	1000	2865	1039	2	0.91706	5.01278	4.57819		
23:38:26	2000	1000	2865	1026	2	0.91601	5.01235	4.57203		
23:38:36	2000	1000	2868	1050	2	0.91784	5.01166	4.58149		
23:38:46	2000	1000	2874	1066	2	0.91904	5.01224	4.58867		
23:38:56	2000	1000	2874	1049	2	0.91779	5.01158	4.58112		
23:39:06	2000	1000	2866	1039	2	0.91705	5.01095	4.57651		
23:39:16	2000	1000	2875	1065	2	0.91900	5.01070	4.58702		
23:39:26	2000	1050	2893	1074	2	0.91965	5.01013	4.59008		
23:39:36	2000	1050	2893	1051	2	0.91790	5.01050	4.58075		
23:39:46	2000	1050	2885	1043	2	0.91736	5.00931	4.57671		
23:39:56	2000	1050	2888	1056	2	0.91833	5.00915	4.58190		
23:40:06	2000	1050	2896	1063	2	0.91883	5.00746	4.58310		
23:40:16	2000	1050	2904	1088	2	0.92060	5.00631	4.59182		
23:40:26	2000	1050	2903	1072	2	0.91947	5.00696	4.58619		
23:40:36	2000	1050	2915	1082	2	0.92020	5.00657	4.58983		
23:40:46	2000	1050	2935	1099	2	0.92140	5.00499	4.59502		
23:40:56	2000	1050	2952	1102	2	0.92155	5.00603	4.59682		
23:41:06	2000	1050	2951	1062	2	0.91872	5.00570	4.58091		
23:41:16	2000	1050	2947	1076	2	0.91976	5.00463	4.58567		
23:41:26	2000	1050	2955	1094	2	0.92102	5.00425	4.59224		
23:41:36	2000	1050	2953	1077	2	0.91984	5.00477	4.58620		
23:41:46	2000	1050	2942	1068	2	0.91916	5.00365	4.58144		
23:41:56	2000	1050	2923	1051	2	0.91795	5.00191	4.57321		
23:42:06	2000	1050	2932	1085	2	0.92042	5.00113	4.58606		
23:42:16	2000	1050	2933	1078	2	0.91990	5.00188	4.58389		
23:42:26	2000	1050	2925	1074	2	0.91961	5.00148	4.58192		
23:42:36	2000	1050	2926	1078	2	0.91989	5.00100	4.58304		
23:42:46	2000	1050	2935	1092	2	0.92091	5.00028	4.58800		
23:42:56	2000	1050	2962	1127	2	0.92324	5.00041	4.60095		
23:43:06	2000	1050	2963	1087	2	0.92055	4.99999	4.58575		
23:43:16	2000	1050	2975	1110	2	0.92211	5.00044	4.59473		
23:43:26	2000	1050	2984	1099	2	0.92134	5.00065	4.59072		
23:43:36	2000	1100	2999	1120	2	0.92276	5.00006	4.59795		
23:43:46	2000	1100	3005	1108	2	0.92201	4.99983	4.59365		
23:43:56	2000	1100	3003	1122	2	0.92290	5.00017	4.59886		
23:44:06	2000	1100	3004	1091	2	0.92085	5.00062	4.58798		
23:44:16	2000	1100	3008	1120	2	0.92281	5.00087	4.59900		
23:44:26	2000	1100	3013	1113	2	0.92229	5.00041	4.59570		
23:44:36	2000	1100	3026	1156	2	0.92511	5.00087	4.61164		
23:44:46	2000	1100	3014	1074	2	0.91962	5.00249	4.58291		
23:44:56	2000	1100	3008	1107	2	0.92189	5.00027	4.59336		
23:45:06	2000	1100	3015	1109	2	0.92204	5.00066	4.59457		
23:45:16	2000	1100	3022	1141	2	0.92414	5.00038	4.60584		
23:45:26	2000	1100	3022	1113	2	0.92232	5.00093	4.59637		
23:45:36	2000	1100	3006	1112	2	0.92224	5.00078	4.59579		
23:45:46	2000	1100	3013	1092	2	0.92087	5.00036	4.58785		
23:45:56	2000	1100	3002	1078	2	0.91993	5.00050	4.58281		
23:46:06	2000	1050	2986	1065	2	0.91900	5.00030	4.57748		
23:46:16	2000	1050	2967	1087	2	0.92050	5.00087	4.58630		
23:46:26	2000	1050	2958	1090	2	0.92076	5.00187	4.58864		
23:46:36	2000	1050	2942	1066	2	0.91900	5.00086	4.57802		
23:46:46	2000	1050	2938	1082	2	0.92017	5.00175	4.58525		
23:46:56	2000	1050	2943	1092	2	0.92089	5.00127	4.58881		
23:47:06	2000	1050	2953	1092	2	0.92091	5.00194	4.58954		
23:47:16	2000	1050	2956	1096	2	0.92118	5.00177	4.59086		
23:47:26	2000	1050	2956	1089	2	0.92070	5.00217	4.58856		
23:47:36	2000	1050	2959	1075	2	0.91968	5.00169	4.58251		
23:47:46	2000	1050	2956	1072	2	0.91950	5.00202	4.58180		
23:47:56	2000	1050	2956	1092	2	0.92087	5.00215	4.58948		
23:48:06	2000	1050	2945	1061	2	0.91870	5.00188	4.57729		
23:48:16	2000	1050	2931	1060	2	0.91856	5.00239	4.57700		
23:48:26	2000	1050	2919	1057	2	0.91834	5.00225	4.57565		
23:48:36	2000	1050	2913	1058	2	0.91847	5.00183	4.57596		
23:48:46	2000	1050	2909	1060	2	0.91859	5.00245	4.57721		
23:48:56	2000	1050	2890	1042	2	0.91727	5.00236	4.56988		
23:49:06	2000	1050	2890	1060	2	0.91863	5.00184	4.57688		
23:49:16	2000	1050	2883	1040	2	0.91707	5.00187	4.56832		
23:49:26	2000	1050	2885	1061	2	0.91869	5.00239	4.57771		
23:49:36	2000	1000	2873	1027	2	0.91607	5.00258	4.56347		
23:49:46	2000	1000	2856	1014	2	0.91505	5.00274	4.55795		
23:49:56	2000	1000	2849	1023	2	0.91579	5.00359	4.56281		
23:50:06	2000	1000	2831	1012	2	0.91491	5.00284	4.55728		
23:50:16	2000	1000	2821	1013	2	0.91502	5.00273	4.55782		
23:50:26	2000	1000	2812	1035	2	0.91670	5.00370	4.56794		
23:50:36	2000	1000	2816	1040	2	0.91708	5.00397	4.57030		
23:50:46	2000	1000	2822	1030	2	0.91630	5.00356	4.56562		
23:50:56	2000	1000	2828	1038	2	0.91692	5.00306	4.56856		
23:51:06	2000	1000	2836	1036	2	0.91677	5.00380	4.56839		
23:51:16	2000	1000	2842	1029	2	0.91624	5.00329	4.56502		
23:51:26	2000	1000	2840	1029	2	0.91627	5.00400	4.56583		
23:51:36	2000	1000	2831	1014	2	0.91509	5.00497	4.56025		
23:51:46	2000	1000	2829	1026	2	0.91604	5.00381	4.56442		
23:51:56	2000	1000	2828	1034	2	0.91668	5.00485	4.56886		
23:52:06	2000	1000	2826	1029	2	0.91629	5.00461	4.56650		
23:52:16	2000	1000	2831	1042	2	0.91728	5.00542	4.57272		
23:52:26	2000	1000	2832	1032	2	0.91649	5.00502	4.56799		
23:52:36	2000	1000	2837	1027	2	0.91612	5.00541	4.56633		
23:52:46	2000	1000	2832	1014	2	0.91509	5.00491	4.56016		
23:52:56	2000	1000	2822	1006	2	0.91443	5.00601	4.55756		
23:53:06	2000	1000	2809	995	2	0.91353	5.00610	4.55268		
23:53:16	2000	1000	2798	1012	2	0.91490	5.00655	4.56061		
23:53:26	2000	1000	2784	994	2	0.91341	5.00703	4.55286		
23:53:36	2000	1000	2772	996	2	0.91359	5.00663	4.55347		
23:53:46	2000	1000	2771	1011	2	0.91483	5.00633	4.56001		
23:53:56	2000	1000	2773	1013	2	0.91495	5.00638	4.56076		
23:54:06	2000	1000	2785	1027	2	0.91611	5.00725	4.56792		
23:54:16	2000	1000	2779	994	2	0.91344	5.00739	4.55334		
23:54:26	2000	1000	2791	1027	2	0.91607	5.00718	4.56762		
23:54:36	2000	1000	2789	991	2	0.91317	5.00818	4.55258		
23:54:46	2000	1000	2779	985	2	0.91270	5.00844	4.55020		
23:54:56	2000	1000	2770	987	2	0.91282	5.00848	4.55090		
23:55:06	2000	950	2755	988	2	0.91294	5.00839	4.55151		
23:55:16	2000	950	2744	964	2	0.91086	5.00895	4.54053		
23:55:26	2000	950	2723	970	2	0.91135	5.00865	4.54296		
23:55:36	2000	950	2718	978	2	0.91205	5.00975	4.54780		
23:55:46	2000	950	2720	991	2	0.91320	5.00962	4.55406		
23:55:56	2000	950	2711	963	2	0.91075	5.00972	4.54060		
23:56:06	2000	950	2712	990	2	0.91312	5.01003	4.55396		
23:56:16	2000	950	2712	964	2	0.91087	5.01023	4.54175		
23:56:26	2000	950	2717	984	2	0.91262	5.01037	4.55150		
23:56:36	2000	950	2710	958	2	0.91037	5.01026	4.53902		
23:56:46	2000	950	2702	968	2	0.91125	5.01020	4.54379		
23:56:56	2000	950	2699	956	2	0.91019	5.01054	4.53828		
23:57:06	2000	950	2686	956	2	0.91014	5.01152	4.53886		
23:57:16	2000	950	2688	968	2	0.91118	5.01099	4.54413		
23:57:26	2000	950	2680	963	2	0.91079	5.01137	4.54235		
23:57:36	2000	950	2681	961	2	0.91064	5.01157	4.54167		
23:57:46	2000	950	2672	944	2	0.90905	5.01167	4.53302		
23:57:56	2000	950	2668	946	2	0.90929	5.01200	4.53460		
23:58:06	2000	950	2663	941	2	0.90879	5.01234	4.53215		
23:58:16	2000	900	2649	932	2	0.90796	5.01229	4.52753		
23:58:26	2000	900	2645	952	2	0.90979	5.01290	4.53822		
23:58:36	2000	900	2642	954	2	0.90996	5.01188	4.53822		
23:58:46	2000	900	2642	943	2	0.90900	5.01243	4.53341		
23:58:56	2000	900	2637	932	2	0.90791	5.01313	4.52805		
23:59:06	2000	900	2636	940	2	0.90868	5.01336	4.53247		
23:59:16	2000	900	2634	926	2	0.90733	5.01358	4.52526		
23:59:26	2000	900	2624	926	2	0.90736	5.01358	4.52543		
23:59:36	2000	900	2617	936	2	0.90829	5.01397	4.53091		
23:59:46	2000	900	2611	927	2	0.90750	5.01478	4.52726		
23:59:56	2000	900	2603	912	2	0.90601	5.01415	4.51846		
