

			DELHI AIRPORT : 30 m Base line


Time	RVR	 MOR	RVR	MOR	BLM	Trf	 Ref(v)	PD(v)
	(limited)	(limited)	(actual)	(actual)

08:46:18	2000	3000	838	5030	5218	0.98227	4.93448	4.53762		
08:46:28	2000	3000	1622	4707	5208	0.98106	4.93408	4.53113		
08:46:38	2000	3000	2370	4485	5200	0.98013	4.93406	4.52641		
08:46:48	2000	3000	3329	5753	5191	0.98448	4.93359	4.54801		
08:46:58	2000	3000	3333	4660	5185	0.98087	4.93364	4.52977		
08:47:08	2000	3000	3333	4654	5190	0.98085	4.93387	4.52985		
08:47:18	2000	3000	3333	5320	5197	0.98323	4.93370	4.54176		
08:47:28	2000	3000	3333	5250	5200	0.98300	4.93360	4.54054		
08:47:38	2000	3000	3333	4697	5203	0.98102	4.93357	4.53047		
08:47:48	2000	3000	3333	4873	5208	0.98170	4.93422	4.53451		
08:47:58	2000	3000	3333	5744	5215	0.98445	4.93434	4.54857		
08:48:08	2000	3000	3333	7207	5228	0.98759	4.93406	4.56422		
08:48:18	2000	3000	3333	7607	5238	0.98824	4.93422	4.56766		
08:48:28	2000	3000	3333	6717	5253	0.98669	4.93367	4.55930		
08:48:38	2000	3000	3333	7850	5270	0.98860	4.93401	4.56930		
08:48:48	2000	3000	3333	5555	5294	0.98393	4.93376	4.54538		
08:48:58	2000	3000	3333	5799	5330	0.98460	4.93383	4.54885		
08:49:08	2000	3000	3333	4793	5379	0.98140	4.93388	4.53265		
08:49:18	2000	3000	3333	4831	5439	0.98154	4.93374	4.53326		
08:49:28	2000	3000	3333	5186	5498	0.98280	4.93535	4.54110		
08:49:38	2000	3000	3333	4952	5555	0.98199	4.93443	4.53616		
08:49:48	2000	3000	3333	5325	5614	0.98324	4.93458	4.54264		
08:49:58	2000	3000	3333	6115	5679	0.98539	4.93519	4.55410		
08:50:08	2000	3000	3333	5279	5746	0.98310	4.93517	4.54245		
08:50:18	2000	3000	3333	4639	5815	0.98079	4.93376	4.52944		
08:50:28	2000	3000	3333	4738	5885	0.98118	4.93366	4.53136		
08:50:38	2000	3000	3333	5465	5952	0.98367	4.93364	4.54393		
08:50:48	2000	3000	3333	5451	6024	0.98363	4.93388	4.54395		
08:50:58	2000	3000	3333	6167	6105	0.98551	4.93379	4.55344		
08:51:08	2000	3000	3333	7238	6188	0.98764	4.93378	4.56423		
08:51:18	2000	3000	3333	6327	6265	0.98588	4.93541	4.55678		
08:51:28	2000	3000	3333	6961	6337	0.98715	4.93522	4.56308		
08:51:38	2000	3000	3333	8115	6399	0.98897	4.93512	4.57220		
08:51:48	2000	3000	3333	6690	6448	0.98664	4.93466	4.55994		
08:51:58	2000	3000	3333	4549	6493	0.98041	4.93509	4.52875		
08:52:08	2000	3000	3333	5243	6539	0.98298	4.93509	4.54180		
08:52:18	2000	3000	3333	4345	6589	0.97950	4.93404	4.52318		
08:52:28	2000	3000	3333	4386	6644	0.97969	4.93403	4.52414		
08:52:38	2000	3000	3333	4893	6706	0.98177	4.93453	4.53516		
08:52:48	2000	3000	3333	5497	6771	0.98376	4.93327	4.54407		
08:52:58	2000	3000	3333	4924	6844	0.98189	4.93446	4.53568		
08:53:08	2000	3000	3333	5554	6930	0.98393	4.93467	4.54620		
08:53:18	2000	3000	3333	6293	7023	0.98580	4.93540	4.55638		
08:53:28	2000	3000	3333	5807	7115	0.98462	4.93517	4.55019		
08:53:38	2000	3000	3333	6322	7210	0.98587	4.93466	4.55603		
08:53:48	2000	3000	3333	5225	7306	0.98292	4.93525	4.54164		
08:53:58	2000	3000	3333	6939	7410	0.98711	4.93527	4.56292		
08:54:08	2000	3000	3333	5882	7512	0.98481	4.93479	4.55082		
08:54:18	2000	3000	3333	5164	7599	0.98272	4.93485	4.54027		
08:54:28	2000	3000	3333	4934	7669	0.98192	4.93423	4.53564		
08:54:38	2000	3000	3333	5859	7726	0.98476	4.93437	4.55014		
08:54:48	2000	3000	3333	6334	7782	0.98589	4.93408	4.55563		
08:54:58	2000	3000	3333	6086	7839	0.98532	4.93326	4.55198		
08:55:08	2000	3000	3333	5163	7894	0.98272	4.93353	4.53904		
08:55:18	2000	3000	3333	5064	7943	0.98238	4.93444	4.53817		
08:55:28	2000	3000	3333	5036	7990	0.98229	4.93480	4.53801		
08:55:38	2000	3000	3333	4947	8036	0.98197	4.93468	4.53630		
08:55:48	2000	3000	3333	5803	8088	0.98461	4.93460	4.54961		
08:55:58	2000	3000	3333	5969	8148	0.98503	4.93430	4.55148		
08:56:08	2000	3000	3333	5166	8212	0.98273	4.93460	4.54007		
08:56:18	2000	3000	3333	4780	8268	0.98135	4.93461	4.53308		
08:56:28	2000	3000	3333	5320	8331	0.98323	4.93497	4.54293		
08:56:38	2000	3000	3333	5719	8401	0.98439	4.93366	4.54761		
08:56:48	2000	3000	3333	5945	8464	0.98498	4.93518	4.55200		
08:56:58	2000	3000	3333	6231	8512	0.98566	4.93454	4.55487		
08:57:08	2000	3000	3333	6378	8544	0.98599	4.93425	4.55627		
08:57:18	2000	3000	3333	5085	8571	0.98246	4.93447	4.53856		
08:57:28	2000	3000	3333	5346	8597	0.98331	4.93437	4.54278		
08:57:38	2000	3000	3333	5801	8622	0.98461	4.93432	4.54933		
08:57:48	2000	3000	3333	6055	8644	0.98525	4.93393	4.55221		
08:57:58	2000	3000	3333	6954	8659	0.98714	4.93514	4.56294		
08:58:08	2000	3000	3333	4708	8672	0.98107	4.93507	4.53207		
08:58:18	2000	3000	3333	5221	8688	0.98291	4.93468	4.54106		
08:58:28	2000	3000	3333	5217	8715	0.98290	4.93479	4.54110		
08:58:38	2000	3000	3333	4887	8747	0.98175	4.93456	4.53507		
08:58:48	2000	3000	3333	4684	8778	0.98097	4.93452	4.53106		
08:58:58	2000	3000	3333	4410	8801	0.97980	4.93486	4.52544		
08:59:08	2000	3000	3333	4696	8830	0.98102	4.93446	4.53125		
08:59:18	2000	3000	3333	5082	8860	0.98245	4.93382	4.53792		
08:59:28	2000	3000	3333	4509	8895	0.98024	4.93389	4.52678		
08:59:38	2000	3000	3333	4762	8925	0.98128	4.93335	4.53155		
08:59:48	2000	3000	3333	4616	8936	0.98069	4.93423	4.52939		
08:59:58	2000	3000	3333	4797	8934	0.98141	4.93449	4.53329		
09:00:08	2000	3000	3333	4330	8912	0.97943	4.93413	4.52291		
09:00:18	2000	3000	3333	4449	8869	0.97997	4.93408	4.52562		
09:00:28	2000	3000	3333	4641	8809	0.98079	4.93412	4.52981		
09:00:38	2000	3000	3333	4897	8738	0.98179	4.93399	4.53475		
09:00:48	2000	3000	3333	5404	8669	0.98349	4.93348	4.54287		
09:00:58	2000	3000	3333	5553	8607	0.98392	4.93410	4.54566		
09:01:08	2000	3000	3333	5920	8551	0.98491	4.93413	4.55070		
09:01:18	2000	3000	3333	5360	8492	0.98335	4.93394	4.54260		
09:01:28	2000	3000	3333	5440	8433	0.98359	4.93384	4.54374		
09:01:38	2000	3000	3333	5453	8372	0.98363	4.93227	4.54250		
09:01:48	2000	3000	3333	5328	8309	0.98325	4.93257	4.54084		
09:01:58	2000	3000	3333	5409	8242	0.98350	4.93282	4.54233		
09:02:08	2000	3000	3333	6462	8175	0.98617	4.93362	4.55661		
09:02:18	2000	3000	3333	5376	8112	0.98340	4.93392	4.54284		
09:02:28	2000	3000	3333	5127	8055	0.98260	4.93368	4.53856		
09:02:38	2000	3000	3333	5039	8001	0.98230	4.93353	4.53690		
09:02:48	2000	3000	3333	4267	7949	0.97913	4.93361	4.52089		
09:02:58	2000	3000	3333	4122	7897	0.97840	4.93354	4.51716		
09:03:08	2000	3000	3333	4892	7842	0.98177	4.93282	4.53357		
09:03:18	2000	3000	3333	5508	7791	0.98379	4.93342	4.54438		
09:03:28	2000	3000	3333	4722	7744	0.98112	4.93221	4.52972		
09:03:38	2000	3000	3333	7188	7706	0.98756	4.93172	4.56189		
09:03:48	2000	3000	3333	4884	7670	0.98174	4.93201	4.53267		
09:03:58	2000	3000	3333	5495	7644	0.98375	4.93167	4.54257		
09:04:08	2000	3000	3333	4995	7620	0.98214	4.93150	4.53424		
09:04:18	2000	3000	3333	4365	7592	0.97959	4.93195	4.52173		
09:04:28	2000	3000	3333	4927	7567	0.98190	4.93346	4.53481		
09:04:38	2000	3000	3333	4378	7542	0.97965	4.93214	4.52220		
09:04:48	2000	3000	3333	4758	7518	0.98126	4.93192	4.53017		
09:04:58	2000	3000	3333	4788	7489	0.98138	4.93174	4.53060		
09:05:08	2000	3000	3333	4427	7459	0.97988	4.93191	4.52313		
09:05:18	2000	3000	3333	4312	7427	0.97934	4.93236	4.52084		
09:05:28	2000	3000	3333	4163	7393	0.97861	4.93125	4.51613		
09:05:38	2000	3000	3333	4261	7345	0.97910	4.93153	4.51886		
09:05:48	2000	3000	3333	4422	7289	0.97985	4.93078	4.52197		
09:05:58	2000	3000	3333	4537	7232	0.98036	4.93078	4.52454		
09:06:08	2000	3000	3333	3962	7169	0.97754	4.93082	4.51030		
09:06:18	2000	3000	3333	4135	7100	0.97847	4.93059	4.51479		
09:06:28	2000	3000	3333	4302	7035	0.97930	4.93039	4.51880		
09:06:38	2000	3000	3333	4764	6974	0.98129	4.93105	4.52949		
09:06:48	2000	3000	3333	4820	6921	0.98150	4.93108	4.53061		
09:06:58	2000	3000	3333	5068	6876	0.98240	4.93077	4.53487		
09:07:08	2000	3000	3333	4858	6841	0.98164	4.93104	4.53129		
09:07:18	2000	3000	3333	5200	6809	0.98284	4.93090	4.53724		
09:07:28	2000	3000	3333	5740	6778	0.98444	4.93069	4.54515		


			DELHI AIRPORT : 30 m Base line


Time	RVR	 MOR	RVR	MOR	BLM	Trf	 Ref(v)	PD(v)
	(limited)	(limited)	(actual)	(actual)

09:07:51	2000	3000	1850	5254	6685	0.98302	4.93006	4.53734		


			DELHI AIRPORT : 30 m Base line


Time	RVR	 MOR	RVR	MOR	BLM	Trf	 Ref(v)	PD(v)
	(limited)	(limited)	(actual)	(actual)

09:08:12	2000	3000	1664	4730	6615	0.98115	4.92969	4.52757		
09:08:22	2000	3000	2597	5599	6582	0.98405	4.92864	4.54130		
09:08:32	2000	3000	3333	5190	6544	0.98281	4.92854	4.53489		
09:08:42	2000	3000	3333	4553	6505	0.98043	4.93030	4.52444		
09:08:52	2000	3000	3333	4703	6468	0.98104	4.92981	4.52712		
09:09:02	2000	3000	3333	4541	6431	0.98038	4.92958	4.52353		
09:09:12	2000	3000	3333	5009	6395	0.98219	4.92879	4.53200		
09:09:22	2000	3000	3333	4273	6367	0.97916	4.92958	4.51736		


			DELHI AIRPORT : 30 m Base line


Time	RVR	 MOR	RVR	MOR	BLM	Trf	 Ref(v)	PD(v)
	(limited)	(limited)	(actual)	(actual)

09:09:43	2000	3000	1578	5198	6316	0.98284	4.92846	4.53496		
09:09:53	2000	3000	2525	5680	6287	0.98428	4.92797	4.54182		
09:10:03	2000	3000	3333	4948	6256	0.98198	4.92769	4.52990		
09:10:13	2000	3000	3333	5761	6226	0.98450	4.92771	4.54269		
09:10:23	2000	3000	3333	4818	6195	0.98149	4.92737	4.52715		
09:10:33	2000	3000	3333	5209	6161	0.98287	4.92859	4.53525		
09:10:43	2000	3000	3333	4981	6127	0.98209	4.92791	4.53070		
09:10:53	2000	3000	3333	4474	6092	0.98008	4.92772	4.52034		
09:11:03	2000	3000	3333	4922	6057	0.98188	4.92782	4.52953		
09:11:13	2000	3000	3333	5395	6028	0.98346	4.92794	4.53762		
09:11:23	2000	3000	3333	5159	6004	0.98271	4.92765	4.53356		
09:11:33	2000	3000	3333	5786	5978	0.98456	4.92701	4.54238		
09:11:43	2000	3000	3333	4788	5946	0.98138	4.92703	4.52626		
09:11:53	2000	3000	3333	4513	5917	0.98025	4.92601	4.51963		
09:12:03	2000	3000	3333	5032	5889	0.98227	4.92684	4.53062		
09:12:13	2000	3000	3333	4949	5864	0.98198	4.92571	4.52809		
09:12:23	2000	3000	3333	5137	5842	0.98263	4.92727	4.53284		
09:12:33	2000	3000	3333	3871	5824	0.97702	4.92679	4.50398		
09:12:43	2000	3000	3333	4409	5809	0.97979	4.92697	4.51818		
09:12:53	2000	3000	3333	4238	5793	0.97899	4.92654	4.51372		
09:13:03	2000	3000	3333	4000	5777	0.97775	4.92669	4.50759		
09:13:13	2000	3000	3333	4205	5764	0.97883	4.92649	4.51284		
09:13:23	2000	3000	3333	4005	5755	0.97778	4.92574	4.50685		
09:13:33	2000	3000	3333	4265	5751	0.97912	4.92514	4.51308		
09:13:43	2000	3000	3333	4492	5753	0.98016	4.92479	4.51805		
09:13:53	2000	3000	3333	4397	5760	0.97974	4.92575	4.51680		
09:14:03	2000	3000	3333	4100	5776	0.97829	4.92553	4.50925		
09:14:13	2000	3000	3333	3614	5800	0.97540	4.92515	4.49430		
09:14:23	2000	3000	3333	3904	5828	0.97721	4.92526	4.50353		
09:14:33	2000	3000	3333	4215	5862	0.97888	4.92518	4.51190		
09:14:43	2000	3000	3333	4674	5898	0.98093	4.92437	4.52154		
09:14:53	2000	3000	3333	4036	5934	0.97795	4.92432	4.50642		


			DELHI AIRPORT : 30 m Base line


Time	RVR	 MOR	RVR	MOR	BLM	Trf	 Ref(v)	PD(v)
	(limited)	(limited)	(actual)	(actual)

09:15:14	2000	3000	1301	3775	6013	0.97644	4.92451	4.49895		
09:15:24	2000	3000	2164	5177	6064	0.98277	4.92413	4.53062		
09:15:34	2000	3000	2980	4897	6120	0.98179	4.92430	4.52584		
09:15:44	2000	3000	3333	4779	6177	0.98135	4.92452	4.52379		
09:15:54	2000	3000	3333	5009	6229	0.98219	4.92439	4.52796		
09:16:04	2000	3000	3333	4632	6270	0.98076	4.92413	4.52046		
09:16:14	2000	3000	3333	4496	6293	0.98018	4.92424	4.51764		
09:16:24	2000	3000	3333	4394	6304	0.97972	4.92422	4.51531		
09:16:34	2000	3000	3333	4513	6310	0.98025	4.92273	4.51662		
09:16:44	2000	3000	3333	3566	6312	0.97508	4.92299	4.49067		
09:16:54	2000	3000	3333	4114	6317	0.97836	4.92239	4.50673		
09:17:04	2000	3000	3333	3642	6317	0.97559	4.92241	4.49275		
09:17:14	2000	3000	3333	3817	6306	0.97670	4.92249	4.49841		
09:17:24	2000	3000	3333	3749	6289	0.97628	4.92155	4.49544		
09:17:34	2000	3000	3333	3698	6284	0.97596	4.92269	4.49485		
09:17:44	2000	3000	3333	3734	6295	0.97618	4.92299	4.49627		
09:17:54	2000	3000	3333	3914	6308	0.97727	4.92250	4.50131		
09:18:04	2000	3000	3333	4215	6321	0.97888	4.92312	4.51001		
09:18:14	2000	3000	3333	4172	6329	0.97866	4.92252	4.50837		
09:18:24	2000	3000	3333	4292	6323	0.97925	4.92239	4.51122		
09:18:34	2000	3000	3333	4330	6300	0.97943	4.92173	4.51154		
09:18:44	2000	3000	3333	4627	6272	0.98074	4.92062	4.51714		
09:18:54	2000	3000	3333	4653	6237	0.98084	4.92033	4.51741		
09:19:04	2000	3000	3333	4690	6211	0.98099	4.92060	4.51840		
09:19:14	2000	3000	3333	4986	6191	0.98211	4.92049	4.52396		
09:19:24	2000	3000	3333	4268	6162	0.97913	4.92076	4.50915		
09:19:34	2000	3000	3333	4192	6121	0.97876	4.92076	4.50725		
09:19:44	2000	3000	3333	4467	6079	0.98006	4.92068	4.51374		
09:19:54	2000	3000	3333	4211	6039	0.97885	4.92076	4.50773		
09:20:04	2000	3000	3333	3964	6004	0.97755	4.92068	4.50107		
09:20:14	2000	3000	3333	3923	5971	0.97732	4.92061	4.49984		
09:20:24	2000	3000	3333	3897	5942	0.97717	4.92023	4.49875		
09:20:34	2000	3000	3333	3919	5912	0.97730	4.91955	4.49876		
09:20:44	2000	3000	3333	3583	5883	0.97519	4.91999	4.48851		


			DELHI AIRPORT : 30 m Base line


Time	RVR	 MOR	RVR	MOR	BLM	Trf	 Ref(v)	PD(v)
	(limited)	(limited)	(actual)	(actual)

09:21:05	2000	3000	1235	3740	5824	0.97622	4.91959	4.49337		
09:21:15	2000	3000	1872	3821	5797	0.97672	4.91918	4.49552		
09:21:25	2000	3000	2515	3855	5778	0.97692	4.91962	4.49693		
09:21:35	2000	3000	3222	4241	5766	0.97900	4.91970	4.50751		
09:21:45	2000	3000	3333	4708	5750	0.98107	4.91966	4.51791		
09:21:55	2000	3000	3333	4323	5727	0.97940	4.91925	4.50910		
09:22:05	2000	3000	3333	4137	5700	0.97848	4.91941	4.50461		
09:22:15	2000	3000	3333	4315	5665	0.97936	4.91886	4.50855		
09:22:25	2000	3000	3333	4762	5622	0.98128	4.91911	4.51848		
09:22:35	2000	3000	3333	4216	5577	0.97888	4.91915	4.50640		
09:22:45	2000	3000	3333	4130	5530	0.97845	4.91839	4.50350		
09:22:55	2000	3000	3333	4960	5473	0.98202	4.91747	4.52072		
09:23:05	2000	3000	3333	4311	5401	0.97934	4.91775	4.50744		
09:23:15	2000	3000	3333	4844	5337	0.98159	4.91747	4.51856		
09:23:25	2000	3000	3333	4677	5283	0.98094	4.91773	4.51551		
09:23:35	2000	3000	3333	5186	5228	0.98280	4.91761	4.52477		
09:23:45	2000	3000	3333	5006	5173	0.98218	4.91773	4.52178		
09:23:55	2000	3000	3333	4846	5139	0.98160	4.91755	4.51868		
09:24:05	2000	3000	3333	5189	5116	0.98281	4.91761	4.52482		
09:24:15	2000	3000	3333	3876	5093	0.97705	4.91752	4.49564		
09:24:25	2000	3000	3333	4169	5075	0.97865	4.91760	4.50379		
09:24:35	2000	3000	3333	3845	5057	0.97686	4.91741	4.49461		
09:24:45	2000	3000	3333	3893	5029	0.97715	4.91727	4.49592		
09:24:55	2000	3000	3333	4465	4994	0.98004	4.91589	4.50929		
09:25:05	2000	3000	3333	4095	4951	0.97826	4.91676	4.50109		
09:25:15	2000	3000	3333	4358	4907	0.97956	4.91575	4.50672		
09:25:25	2000	3000	3333	4029	4861	0.97791	4.91577	4.49839		
09:25:35	2000	3000	3333	4085	4817	0.97821	4.91549	4.49964		
09:25:45	2000	3000	3333	3734	4778	0.97618	4.91623	4.49009		
09:25:55	2000	3000	3333	3898	4734	0.97718	4.91580	4.49472		
09:26:05	2000	3000	3333	3618	4681	0.97543	4.91542	4.48557		
09:26:15	2000	3000	3333	3570	4624	0.97511	4.91540	4.48389		
09:26:25	2000	3000	3333	3534	4572	0.97485	4.91562	4.48281		
09:26:35	2000	3000	3333	3701	4523	0.97598	4.91517	4.48808		
09:26:45	2000	3000	3333	3960	4477	0.97753	4.91516	4.49591		
09:26:55	2000	3000	3333	3604	4431	0.97533	4.91527	4.48493		
09:27:05	2000	3000	3333	3976	4385	0.97762	4.91419	4.49549		
09:27:15	2000	3000	3333	3865	4341	0.97698	4.91485	4.49288		
09:27:25	2000	3000	3333	3473	4304	0.97442	4.91440	4.47950		
09:27:35	2000	3000	3333	3407	4278	0.97393	4.91399	4.47667		
09:27:45	2000	3000	3333	3494	4257	0.97457	4.91467	4.48051		
09:27:55	2000	3000	3333	3657	4238	0.97569	4.91453	4.48604		
09:28:05	2000	3000	3333	3435	4221	0.97414	4.91455	4.47822		
09:28:15	2000	3000	3333	3409	4207	0.97394	4.91463	4.47731		
09:28:25	2000	3000	3333	3548	4196	0.97495	4.91410	4.48193		
09:28:35	2000	3000	3333	3489	4182	0.97453	4.91424	4.47995		
09:28:45	2000	3000	3333	3370	4164	0.97365	4.91418	4.47542		
09:28:55	2000	3000	3333	3314	4143	0.97321	4.91460	4.47358		
09:29:05	2000	3000	3333	3558	4124	0.97502	4.91278	4.48109		
09:29:15	2000	3000	3333	3390	4111	0.97380	4.91257	4.47473		
09:29:25	2000	3000	3333	3651	4105	0.97565	4.91287	4.48433		
09:29:35	2000	3000	3333	3841	4104	0.97684	4.91285	4.49033		
09:29:45	2000	3000	3333	3979	4112	0.97763	4.91200	4.49355		
09:29:55	2000	3000	3333	3484	4122	0.97450	4.91328	4.47888		
09:30:05	2000	3000	3333	3476	4133	0.97444	4.91319	4.47850		
09:30:15	2000	3000	3333	4011	4149	0.97781	4.91324	4.49559		
09:30:25	2000	3000	3333	3504	4165	0.97464	4.91254	4.47893		
09:30:35	2000	3000	3333	3549	4183	0.97496	4.91280	4.48078		


			DELHI AIRPORT : 30 m Base line


Time	RVR	 MOR	RVR	MOR	BLM	Trf	 Ref(v)	PD(v)
	(limited)	(limited)	(actual)	(actual)

09:30:57	2000	3000	1203	3671	4221	0.97578	4.91279	4.48493		
09:31:07	2000	3000	1884	4087	4238	0.97822	4.91181	4.49634		
09:31:17	2000	3000	2462	3466	4257	0.97437	4.91155	4.47666		
09:31:27	2000	3000	3046	3505	4274	0.97465	4.91257	4.47902		
09:31:37	2000	3000	3333	3744	4292	0.97625	4.91245	4.48696		
09:31:47	2000	3000	3333	4259	4315	0.97909	4.91243	4.50130		
09:31:57	2000	3000	3333	3991	4335	0.97770	4.91159	4.49353		
09:32:07	2000	3000	3333	3584	4356	0.97520	4.91255	4.48178		
09:32:17	2000	3000	3333	3793	4376	0.97655	4.91185	4.48794		
09:32:27	2000	3000	3333	3442	4391	0.97419	4.91256	4.47667		
09:32:37	2000	3000	3333	3749	4401	0.97628	4.91315	4.48778		
09:32:47	2000	3000	3333	3668	4412	0.97576	4.91302	4.48503		
09:32:57	2000	3000	3333	3569	4426	0.97510	4.91237	4.48108		
09:33:07	2000	3000	3333	3362	4445	0.97359	4.91250	4.47359		
09:33:17	2000	3000	3333	3536	4468	0.97487	4.91278	4.48029		
09:33:27	2000	3000	3333	3745	4494	0.97626	4.91160	4.48623		
09:33:37	2000	3000	3333	4116	4524	0.97837	4.91226	4.49751		
09:33:47	2000	3000	3333	4092	4557	0.97824	4.91290	4.49746		
09:33:57	2000	3000	3333	3714	4582	0.97606	4.91329	4.48679		
09:34:07	2000	3000	3333	3813	4602	0.97667	4.91257	4.48922		
09:34:17	2000	3000	3333	3895	4622	0.97716	4.91246	4.49158		
09:34:27	2000	3000	3333	4173	4641	0.97866	4.91359	4.50020		
09:34:37	2000	3000	3333	4092	4660	0.97825	4.91334	4.49787		
09:34:47	2000	3000	3333	3938	4681	0.97740	4.91374	4.49398		
09:34:57	2000	3000	3333	3831	4703	0.97678	4.91312	4.49027		
09:35:07	2000	3000	3333	4804	4727	0.98144	4.91389	4.51450		
09:35:17	2000	3000	3333	4172	4755	0.97866	4.91380	4.50038		
09:35:27	2000	3000	3333	4048	4786	0.97801	4.91388	4.49717		
09:35:37	2000	3000	3333	4151	4813	0.97855	4.91416	4.50016		
09:35:47	2000	3000	3333	4146	4835	0.97852	4.91403	4.49991		
09:35:57	2000	3000	3333	4126	4852	0.97842	4.91422	4.49957		
09:36:07	2000	3000	3333	4082	4864	0.97820	4.91467	4.49883		
09:36:17	2000	3000	3333	5354	4874	0.98333	4.91449	4.52460		
09:36:27	2000	3000	3333	5088	4882	0.98247	4.91441	4.52016		
09:36:37	2000	3000	3333	4157	4877	0.97858	4.91479	4.50089		
09:36:47	2000	3000	3333	4176	4865	0.97868	4.91425	4.50088		
09:36:57	2000	3000	3333	4050	4846	0.97802	4.91461	4.49791		
09:37:07	2000	3000	3333	4223	4825	0.97892	4.91505	4.50282		
09:37:17	2000	3000	3333	4037	4800	0.97795	4.91491	4.49782		
09:37:27	2000	3000	3333	3926	4773	0.97734	4.91466	4.49448		
09:37:37	2000	3000	3333	4332	4740	0.97944	4.91545	4.50582		
09:37:47	2000	3000	3333	4062	4703	0.97809	4.91516	4.49874		
09:37:57	2000	3000	3333	4454	4660	0.98000	4.91606	4.50920		
09:38:07	2000	3000	3333	4426	4621	0.97987	4.91638	4.50886		
09:38:17	2000	3000	3333	4375	4580	0.97964	4.91673	4.50801		
09:38:27	2000	3000	3333	4351	4542	0.97953	4.91646	4.50720		
09:38:37	2000	3000	3333	4888	4505	0.98176	4.91687	4.51884		
09:38:47	2000	3000	3333	4407	4468	0.97978	4.91686	4.50886		
09:38:57	2000	3000	3333	4037	4432	0.97795	4.91750	4.50020		
09:39:07	2000	3000	3333	4444	4398	0.97995	4.91751	4.51031		
09:39:17	2000	3000	3333	5078	4364	0.98243	4.91834	4.52361		
09:39:27	2000	3000	3333	4816	4322	0.98149	4.91774	4.51828		
09:39:37	2000	3000	3333	4458	4275	0.98002	4.91790	4.51099		
09:39:47	2000	3000	3333	4627	4230	0.98074	4.91754	4.51430		
09:39:57	2000	3000	3333	4562	4191	0.98046	4.91756	4.51294		
09:40:07	2000	3000	3333	4411	4155	0.97980	4.91792	4.50994		
09:40:17	2000	3000	3333	4803	4121	0.98144	4.91851	4.51873		
09:40:27	2000	3000	3333	4472	4093	0.98007	4.91903	4.51232		
09:40:37	2000	3000	3333	4158	4069	0.97859	4.91995	4.50564		
09:40:47	2000	3000	3333	4218	4053	0.97889	4.91986	4.50709		
09:40:57	2000	3000	3333	4313	4043	0.97935	4.92005	4.50960		
09:41:07	2000	3000	3333	4158	4039	0.97859	4.92014	4.50581		
09:41:17	2000	3000	3333	4416	4042	0.97983	4.92027	4.51220		
09:41:27	2000	3000	3333	4029	4054	0.97791	4.92073	4.50294		
09:41:37	2000	3000	3333	4807	4068	0.98145	4.92055	4.52068		
09:41:47	2000	3000	3333	4193	4083	0.97876	4.92085	4.50736		
09:41:57	2000	3000	3333	3877	4099	0.97705	4.92134	4.49915		
09:42:07	2000	3000	3333	4132	4116	0.97846	4.92124	4.50616		
09:42:17	2000	3000	3333	4357	4131	0.97955	4.92245	4.51283		
09:42:27	2000	3000	3333	4021	4138	0.97787	4.92293	4.50473		
09:42:37	2000	3000	3333	4204	4142	0.97882	4.92224	4.50892		
09:42:47	2000	3000	3333	3971	4146	0.97759	4.92292	4.50331		
09:42:57	2000	3000	3333	4447	4152	0.97996	4.92272	4.51515		
09:43:07	2000	3000	3333	5352	4159	0.98332	4.92314	4.53253		
09:43:17	2000	3000	3333	4525	4171	0.98031	4.92339	4.51749		
09:43:27	2000	3000	3333	5096	4185	0.98250	4.92341	4.52859		
09:43:37	2000	3000	3333	5118	4202	0.98257	4.92360	4.52914		
09:43:47	2000	3000	3333	5028	4221	0.98226	4.92381	4.52776		
09:43:57	2000	3000	3333	4796	4240	0.98141	4.92416	4.52378		
09:44:07	2000	3000	3333	4765	4263	0.98129	4.92456	4.52354		
09:44:17	2000	3000	3333	4902	4286	0.98181	4.92578	4.52728		
09:44:27	2000	3000	3333	5316	4313	0.98321	4.92555	4.53419		
09:44:37	2000	3000	3333	4590	4337	0.98058	4.92512	4.52049		
09:44:47	2000	3000	3333	4921	4371	0.98188	4.92577	4.52764		
09:44:57	2000	3000	3333	5032	4409	0.98227	4.92616	4.53000		
09:45:07	2000	3000	3333	4584	4443	0.98056	4.92555	4.52075		


			DELHI AIRPORT : 30 m Base line


Time	RVR	 MOR	RVR	MOR	BLM	Trf	 Ref(v)	PD(v)
	(limited)	(limited)	(actual)	(actual)

09:45:30	2000	3000	1630	4943	4520	0.98196	4.92662	4.52882		
09:45:40	2000	3000	2479	5090	4547	0.98247	4.92646	4.53128		
09:45:50	2000	3000	3333	5696	4576	0.98432	4.92726	4.54139		
09:46:00	2000	3000	3333	4925	4603	0.98189	4.92774	4.52951		
09:46:10	2000	3000	3333	5250	4617	0.98300	4.92846	4.53581		
09:46:20	2000	3000	3333	5689	4622	0.98431	4.92889	4.54280		
09:46:30	2000	3000	3333	5351	4624	0.98332	4.92888	4.53781		
09:46:40	2000	3000	3333	5620	4631	0.98411	4.92865	4.54160		
09:46:50	2000	3000	3333	6184	4640	0.98555	4.92891	4.54913		
09:47:00	2000	3000	3333	5624	4650	0.98412	4.92912	4.54209		
09:47:10	2000	3000	3333	6154	4664	0.98548	4.92910	4.54895		
09:47:20	2000	3000	3333	6494	4680	0.98624	4.92928	4.55294		
09:47:30	2000	3000	3333	6569	4698	0.98639	4.92924	4.55370		
09:47:40	2000	3000	3333	6208	4718	0.98561	4.92988	4.55031		
09:47:50	2000	3000	3333	6492	4739	0.98623	4.93074	4.55427		
09:48:00	2000	3000	3333	7243	4764	0.98765	4.93106	4.56175		
09:48:10	2000	3000	3333	6541	4792	0.98633	4.93111	4.55513		
09:48:20	2000	3000	3333	6229	4816	0.98565	4.93125	4.55181		
09:48:30	2000	3000	3333	5450	4840	0.98362	4.93181	4.54203		
09:48:40	2000	3000	3333	5881	4865	0.98481	4.93165	4.54791		
09:48:50	2000	3000	3333	5986	4896	0.98508	4.93152	4.54913		
09:49:00	2000	3000	3333	5991	4932	0.98509	4.93220	4.54982		
09:49:10	2000	3000	3333	6070	4966	0.98528	4.93213	4.55074		
09:49:20	2000	3000	3333	5671	4992	0.98425	4.93302	4.54635		
09:49:30	2000	3000	3333	6469	5015	0.98618	4.93248	4.55563		
09:49:40	2000	3000	3333	5920	5036	0.98491	4.93336	4.54999		
09:49:50	2000	3000	3333	5955	5055	0.98500	4.93358	4.55064		
09:50:00	2000	3000	3333	5632	5069	0.98415	4.93431	4.54699		
09:50:10	2000	3000	3333	5751	5086	0.98447	4.93441	4.54873		
09:50:20	2000	3000	3333	6223	5105	0.98564	4.93455	4.55479		
09:50:30	2000	3000	3333	6638	5126	0.98653	4.93417	4.55896		
09:50:40	2000	3000	3333	5847	5148	0.98472	4.93458	4.55017		
09:50:50	2000	3000	3333	6364	5167	0.98596	4.93483	4.55665		
09:51:00	2000	3000	3333	5905	5178	0.98487	4.93507	4.55138		
09:51:10	2000	3000	3333	6391	5185	0.98602	4.93635	4.55836		
09:51:20	2000	3000	3333	6354	5187	0.98594	4.93659	4.55817		
09:51:30	2000	3000	3333	6648	5187	0.98655	4.93682	4.56151		
09:51:40	2000	3000	3333	6152	5181	0.98548	4.93680	4.55604		
09:51:50	2000	3000	3333	6021	5173	0.98516	4.93716	4.55478		
09:52:00	2000	3000	3333	6025	5161	0.98517	4.93690	4.55459		
09:52:10	2000	3000	3333	5894	5147	0.98485	4.93708	4.55309		
09:52:20	2000	3000	3333	5982	5135	0.98507	4.93795	4.55502		
09:52:30	2000	3000	3333	5748	5119	0.98447	4.93747	4.55152		
09:52:40	2000	3000	3333	6138	5104	0.98544	4.93892	4.55782		
09:52:50	2000	3000	3333	5489	5092	0.98374	4.93873	4.54899		
09:53:00	2000	3000	3333	5799	5081	0.98460	4.93874	4.55337		
09:53:10	2000	3000	3333	6332	5073	0.98589	4.93958	4.56068		
09:53:20	2000	3000	3333	5596	5073	0.98405	4.93941	4.55118		
09:53:30	2000	3000	3333	5958	5078	0.98501	4.93961	4.55624		
09:53:40	2000	3000	3333	5987	5087	0.98508	4.93972	4.55671		
09:53:50	2000	3000	3333	6634	5104	0.98652	4.93993	4.56424		
09:54:00	2000	3000	3333	5617	5122	0.98410	4.94043	4.55241		
09:54:10	2000	3000	3333	5466	5136	0.98367	4.94022	4.55001		
09:54:20	2000	3000	3333	5166	5143	0.98273	4.94149	4.54640		
09:54:30	2000	3000	3333	5116	5148	0.98256	4.94114	4.54524		
09:54:40	2000	3000	3333	5024	5148	0.98224	4.94229	4.54468		
09:54:50	2000	3000	3333	5173	5134	0.98275	4.94246	4.54742		
09:55:00	2000	3000	3333	4883	5127	0.98174	4.94219	4.54201		
09:55:10	2000	3000	3333	5008	5125	0.98219	4.94232	4.54443		
09:55:20	2000	3000	3333	5718	5120	0.98438	4.94242	4.55567		
09:55:30	2000	3000	3333	5550	5110	0.98392	4.94229	4.55317		
09:55:40	2000	3000	3333	5662	5098	0.98423	4.94265	4.55510		
09:55:50	2000	3000	3333	6004	5078	0.98512	4.94301	4.55996		
09:56:00	2000	3000	3333	6254	5058	0.98571	4.94293	4.56289		
09:56:10	2000	3000	3333	6328	5043	0.98588	4.94290	4.56370		
09:56:20	2000	3000	3333	6001	5031	0.98511	4.94423	4.56105		
09:56:30	2000	3000	3333	5909	5017	0.98488	4.94413	4.55979		
09:56:40	2000	3000	3333	6059	5000	0.98526	4.94400	4.56156		
09:56:50	2000	3000	3333	5857	4982	0.98475	4.94405	4.55904		
09:57:00	2000	3000	3333	6060	4964	0.98526	4.94505	4.56254		
09:57:10	2000	3000	3333	6367	4945	0.98596	4.94525	4.56631		
09:57:20	2000	3000	3333	6120	4927	0.98540	4.94554	4.56372		
09:57:30	2000	3000	3333	5766	4910	0.98451	4.94565	4.55930		
09:57:40	2000	3000	3333	6363	4890	0.98595	4.94549	4.56648		
09:57:50	2000	3000	3333	6068	4865	0.98528	4.94571	4.56324		
09:58:00	2000	3000	3333	5972	4839	0.98504	4.94579	4.56212		
09:58:10	2000	3000	3333	5948	4809	0.98498	4.94648	4.56245		
09:58:20	2000	3000	3333	6084	4774	0.98532	4.94600	4.56371		
09:58:30	2000	3000	3333	5664	4733	0.98423	4.94753	4.55962		
09:58:40	2000	3000	3333	5853	4686	0.98474	4.94727	4.56196		
09:58:50	2000	3000	3333	6096	4637	0.98534	4.94792	4.56562		
09:59:00	2000	3000	3333	5669	4588	0.98425	4.94796	4.56009		
09:59:10	2000	3000	3333	5969	4537	0.98504	4.94795	4.56408		
09:59:20	2000	3000	3333	6404	4494	0.98604	4.94782	4.56909		
09:59:30	2000	3000	3333	6131	4455	0.98543	4.94806	4.56618		
09:59:40	2000	3000	3333	6329	4420	0.98588	4.94813	4.56854		
09:59:50	2000	3000	3333	6876	4396	0.98700	4.94848	4.57454		
10:00:00	2000	3000	3333	6175	4382	0.98553	4.94838	4.56699		
10:00:10	2000	3000	3333	5979	4373	0.98506	4.94979	4.56590		
10:00:20	2000	3000	3333	5974	4368	0.98505	4.94876	4.56489		
10:00:30	2000	3000	3333	6038	4364	0.98521	4.94984	4.56669		
10:00:40	2000	3000	3333	6240	4353	0.98568	4.94997	4.56922		
10:00:50	2000	3000	3333	5944	4338	0.98497	4.94984	4.56550		
10:01:00	2000	3000	3333	5773	4311	0.98453	4.94987	4.56328		
10:01:10	2000	3000	3333	6138	4276	0.98544	4.95057	4.56857		
10:01:20	2000	3000	3333	7128	4243	0.98745	4.95090	4.57910		
10:01:30	2000	3000	3333	5920	4209	0.98491	4.95126	4.56651		
10:01:40	2000	3000	3333	5517	4172	0.98382	4.95105	4.56075		
10:01:50	2000	3000	3333	5472	4138	0.98369	4.95173	4.56071		
10:02:00	2000	3000	3333	6502	4105	0.98625	4.95211	4.57411		
10:02:10	2000	3000	3333	5567	4074	0.98396	4.95303	4.56330		
10:02:20	2000	3000	3333	6064	4051	0.98527	4.95295	4.56987		
10:02:30	2000	3000	3333	5466	4035	0.98367	4.95412	4.56282		
10:02:40	2000	3000	3333	5241	4023	0.98298	4.95411	4.55927		
10:02:50	2000	3000	3333	6445	4017	0.98613	4.95462	4.57582		
10:03:00	2000	3000	3333	6238	4014	0.98568	4.95424	4.57314		
10:03:10	2000	3000	3333	6272	4021	0.98575	4.95462	4.57389		
10:03:20	2000	3000	3333	6245	4031	0.98569	4.95464	4.57359		
10:03:30	2000	3000	3333	6041	4039	0.98521	4.95482	4.57132		
10:03:40	2000	3000	3333	7524	4051	0.98811	4.95491	4.58615		
10:03:50	2000	3000	3333	6889	4070	0.98702	4.95522	4.58089		
10:04:00	2000	3000	3333	7389	4096	0.98789	4.95546	4.58556		
10:04:10	2000	3000	3333	7417	4132	0.98794	4.95513	4.58549		
10:04:20	2000	3000	3333	9101	4173	0.99016	4.95521	4.59687		
10:04:30	2000	3000	3333	7754	4213	0.98846	4.95558	4.58856		
10:04:40	2000	3000	3333	6422	4258	0.98608	4.95550	4.57638		
10:04:50	2000	3000	3333	7790	4304	0.98851	4.95554	4.58879		
10:05:00	2000	3000	3333	8559	4349	0.98954	4.95595	4.59440		
10:05:10	2000	3000	3333	7554	4389	0.98816	4.95677	4.58811		
10:05:20	2000	3000	3333	7206	4425	0.98759	4.95556	4.58410		
10:05:30	2000	3000	3333	7215	4458	0.98760	4.95546	4.58408		


			DELHI AIRPORT : 30 m Base line


Time	RVR	 MOR	RVR	MOR	BLM	Trf	 Ref(v)	PD(v)
	(limited)	(limited)	(actual)	(actual)

10:05:51	2000	3000	2460	7549	4500	0.98815	4.95613	4.58748		
10:06:01	2000	3000	3333	7100	4512	0.98740	4.95668	4.58420		
10:06:11	2000	3000	3333	7425	4522	0.98795	4.95677	4.58707		
10:06:21	2000	3000	3333	6414	4528	0.98607	4.95691	4.57759		


			DELHI AIRPORT : 30 m Base line


Time	RVR	 MOR	RVR	MOR	BLM	Trf	 Ref(v)	PD(v)
	(limited)	(limited)	(actual)	(actual)

10:06:42	2000	3000	2165	6579	4518	0.98641	4.95686	4.57932		
10:06:52	2000	3000	3333	7904	4506	0.98868	4.95706	4.59104		
10:07:02	2000	3000	3333	6027	4494	0.98518	4.95736	4.57348		
10:07:12	2000	3000	3333	6892	4483	0.98703	4.95703	4.58260		
10:07:22	2000	3000	3333	6292	4477	0.98580	4.95732	4.57661		
10:07:32	2000	3000	3333	7119	4477	0.98744	4.95718	4.58483		
10:07:42	2000	3000	3333	6440	4485	0.98612	4.95775	4.57865		
10:07:52	2000	3000	3333	8331	4504	0.98925	4.95757	4.59445		
10:08:02	2000	3000	3333	7257	4529	0.98767	4.95834	4.58711		
10:08:12	2000	3000	3333	6478	4556	0.98620	4.95829	4.57956		
10:08:22	2000	3000	3333	6973	4587	0.98718	4.95844	4.58466		
10:08:32	2000	3000	3333	7413	4618	0.98793	4.95885	4.58890		
10:08:42	2000	3000	3333	6333	4647	0.98589	4.95892	4.57855		
10:08:52	2000	3000	3333	7781	4671	0.98850	4.95888	4.59182		
10:09:02	2000	3000	3333	7028	4692	0.98727	4.95906	4.58574		
10:09:12	2000	3000	3333	7061	4714	0.98734	4.95917	4.58615		
10:09:22	2000	3000	3333	6783	4738	0.98682	4.95925	4.58359		
10:09:32	2000	3000	3333	6268	4761	0.98574	4.95915	4.57802		
10:09:42	2000	3000	3333	6353	4774	0.98593	4.95958	4.57938		
10:09:52	2000	3000	3333	6013	4775	0.98514	4.95950	4.57529		
10:10:02	2000	3000	3333	6896	4771	0.98703	4.95942	4.58484		
10:10:12	2000	3000	3333	6340	4763	0.98591	4.95957	4.57923		
10:10:22	2000	3000	3333	8583	4757	0.98957	4.95963	4.59796		
10:10:32	2000	3000	3333	6620	4753	0.98650	4.95977	4.58243		
10:10:42	2000	3000	3333	5654	4742	0.98421	4.95978	4.57078		
10:10:52	2000	3000	3333	5475	4727	0.98370	4.96039	4.56872		
10:11:02	2000	3000	3333	6421	4713	0.98608	4.95968	4.58023		
10:11:12	2000	3000	3333	5019	4702	0.98223	4.96092	4.56173		
10:11:22	2000	3000	3333	5208	4686	0.98287	4.96121	4.56525		
10:11:32	2000	3000	3333	4859	4669	0.98165	4.96120	4.55902		
10:11:42	2000	3000	3333	4930	4647	0.98191	4.96135	4.56051		
10:11:52	2000	3000	3333	5519	4617	0.98382	4.96104	4.56998		
10:12:02	2000	3000	3333	4711	4589	0.98108	4.96129	4.55620		
10:12:12	2000	3000	3333	5390	4557	0.98344	4.96152	4.56846		
10:12:22	2000	3000	3333	5912	4525	0.98489	4.96138	4.57573		
10:12:32	2000	3000	3333	5437	4490	0.98358	4.96120	4.56890		
10:12:42	2000	3000	3333	5174	4450	0.98276	4.96151	4.56497		
10:12:52	2000	3000	3333	5578	4412	0.98399	4.96171	4.57146		
10:13:02	2000	3000	3333	5518	4377	0.98382	4.96260	4.57141		
10:13:12	2000	3000	3333	5872	4339	0.98479	4.96232	4.57608		
10:13:22	2000	3000	3333	5564	4297	0.98396	4.96188	4.57142		
10:13:32	2000	3000	3333	5555	4257	0.98393	4.96173	4.57115		
10:13:42	2000	3000	3333	4864	4222	0.98167	4.96259	4.56040		
10:13:52	2000	3000	3333	4991	4194	0.98213	4.96220	4.56241		
10:14:02	2000	3000	3333	5939	4171	0.98496	4.96299	4.57757		
10:14:12	2000	3000	3333	5103	4167	0.98252	4.96297	4.56509		
10:14:22	2000	3000	3333	5060	4163	0.98237	4.96345	4.56479		
10:14:32	2000	3000	3333	5385	4153	0.98343	4.96330	4.57003		
10:14:42	2000	3000	3333	5136	4150	0.98263	4.96279	4.56549		
10:14:52	2000	3000	3333	5318	4142	0.98322	4.96311	4.56880		
10:15:02	2000	3000	3333	4992	4129	0.98213	4.96338	4.56351		
10:15:12	2000	3000	3333	5855	4121	0.98475	4.96328	4.57674		
10:15:22	2000	3000	3333	5111	4113	0.98255	4.96313	4.56538		
10:15:32	2000	3000	3333	5105	4102	0.98253	4.96358	4.56569		
10:15:42	2000	3000	3333	4888	4097	0.98176	4.96360	4.56179		
10:15:52	2000	3000	3333	4808	4090	0.98146	4.96337	4.56004		
10:16:02	2000	3000	3333	5554	4082	0.98393	4.96443	4.57362		
10:16:12	2000	3000	3333	4637	4069	0.98078	4.96358	4.55678		
10:16:22	2000	3000	3333	4610	4060	0.98066	4.96396	4.55655		
10:16:32	2000	3000	3333	5024	4055	0.98224	4.96491	4.56548		
10:16:42	2000	3000	3333	4607	4050	0.98065	4.96442	4.55691		
10:16:52	2000	3000	3333	5746	4036	0.98446	4.96512	4.57698		
10:17:02	2000	3000	3333	5254	4022	0.98302	4.96474	4.56927		
10:17:12	2000	3000	3333	5393	4005	0.98345	4.96515	4.57186		
10:17:22	2000	3000	3333	5726	3988	0.98441	4.96553	4.57708		
10:17:32	2000	3000	3333	6491	3978	0.98623	4.96472	4.58564		
10:17:42	2000	3000	3333	5633	3967	0.98415	4.96525	4.57552		
10:17:52	2000	3000	3333	5167	3959	0.98273	4.96515	4.56820		
10:18:02	2000	3000	3333	4877	3953	0.98171	4.96533	4.56316		
10:18:12	2000	3000	3333	5836	3954	0.98470	4.96567	4.57870		
10:18:22	2000	3000	3333	5091	3964	0.98248	4.96523	4.56696		
10:18:32	2000	3000	3333	4862	3984	0.98166	4.96516	4.56272		
10:18:42	2000	3000	3333	4178	4010	0.97869	4.96989	4.55190		
10:18:52	2000	3000	3333	3801	4044	0.97660	4.96983	4.54117		
10:19:02	2000	3000	3333	3831	4085	0.97678	4.96979	4.54208		
10:19:12	2000	3000	3333	4065	4132	0.97810	4.97079	4.54972		
10:19:22	2000	3000	3333	4182	4179	0.97871	4.97030	4.55239		
10:19:32	2000	3000	3333	3686	4227	0.97588	4.97086	4.53842		
10:19:42	2000	3000	3333	3384	4275	0.97376	4.97121	4.52791		
10:19:52	2000	3000	3333	4000	4321	0.97775	4.97033	4.54750		
10:20:02	2000	3000	3333	3805	4360	0.97662	4.97007	4.54151		
10:20:12	2000	3000	3333	3595	4395	0.97528	4.97141	4.53587		
10:20:22	2000	3000	3333	3569	4430	0.97510	4.97139	4.53492		
10:20:32	2000	3000	3333	4014	4463	0.97783	4.97116	4.54867		
10:20:42	2000	3000	3333	3505	4494	0.97465	4.97093	4.53221		
10:20:52	2000	3000	3333	4388	4521	0.97970	4.97120	4.55825		
10:21:02	2000	3000	3333	3939	4546	0.97741	4.97159	4.54693		
10:21:12	2000	3000	3333	3875	4568	0.97704	4.97155	4.54500		
10:21:22	2000	3000	3333	3655	4586	0.97567	4.97104	4.53755		
10:21:32	2000	3000	3333	3591	4601	0.97525	4.97149	4.53580		
10:21:42	2000	3000	3333	3648	4616	0.97563	4.97183	4.53806		
10:21:52	2000	3000	3333	3462	4633	0.97434	4.97131	4.53096		
10:22:02	2000	3000	3333	3532	4647	0.97484	4.97114	4.53338		
10:22:12	2000	3000	3333	3582	4657	0.97519	4.97165	4.53562		
10:22:22	2000	3000	3333	3524	4666	0.97478	4.97156	4.53347		
10:22:32	2000	3000	3333	3259	4675	0.97276	4.97156	4.52316		
10:22:42	2000	3000	3333	3554	4686	0.97499	4.97170	4.53468		
10:22:52	2000	3000	3333	3740	4698	0.97622	4.97170	4.54095		
10:23:02	2000	3000	3333	3683	4710	0.97586	4.97184	4.53923		
10:23:12	2000	3000	3333	3412	4727	0.97397	4.97165	4.52938		
10:23:22	2000	3000	3333	3802	4746	0.97661	4.97170	4.54292		
10:23:32	2000	3000	3333	3556	4768	0.97501	4.97175	4.53479		
10:23:42	2000	3000	3333	3701	4792	0.97598	4.97165	4.53965		
10:23:52	2000	3000	3333	3761	4814	0.97635	4.97197	4.54187		
10:24:02	2000	3000	3333	3976	4832	0.97762	4.97169	4.54809		
10:24:12	2000	3000	3333	3524	4844	0.97478	4.97196	4.53383		
10:24:22	2000	3000	3333	3718	4852	0.97608	4.97180	4.54033		
10:24:32	2000	3000	3333	3914	4854	0.97727	4.97179	4.54638		
10:24:42	2000	3000	3333	4165	4851	0.97862	4.97206	4.55354		
10:24:52	2000	3000	3333	4854	4849	0.98163	4.97194	4.56880		
10:25:02	2000	3000	3333	4058	4847	0.97807	4.97187	4.55053		
10:25:12	2000	3000	3333	3693	4838	0.97592	4.97248	4.54014		
10:25:22	2000	3000	3333	3992	4823	0.97771	4.97222	4.54901		
10:25:32	2000	3000	3333	3886	4805	0.97710	4.97260	4.54628		
10:25:42	2000	3000	3333	4950	4783	0.98198	4.97283	4.57143		
10:25:52	2000	3000	3333	4078	4755	0.97817	4.97227	4.55143		
10:26:02	2000	3000	3333	4350	4724	0.97952	4.97266	4.55869		
10:26:12	2000	3000	3333	4000	4692	0.97775	4.97275	4.54972		
10:26:22	2000	3000	3333	4548	4659	0.98041	4.97275	4.56329		
10:26:32	2000	3000	3333	4751	4625	0.98124	4.97261	4.56741		
10:26:42	2000	3000	3333	4603	4587	0.98064	4.97256	4.56430		
10:26:52	2000	3000	3333	4287	4546	0.97923	4.97302	4.55751		
10:27:02	2000	3000	3333	4320	4498	0.97938	4.97295	4.55824		
10:27:12	2000	3000	3333	4359	4447	0.97956	4.97273	4.55897		
10:27:22	2000	3000	3333	3997	4394	0.97774	4.97333	4.55018		
10:27:32	2000	3000	3333	4348	4337	0.97951	4.97263	4.55863		
10:27:42	2000	3000	3333	4327	4276	0.97942	4.97267	4.55816		
10:27:52	2000	3000	3333	3813	4208	0.97668	4.97308	4.54453		
10:28:02	2000	3000	3333	3772	4131	0.97642	4.97300	4.54316		
10:28:12	2000	3000	3333	3892	4050	0.97714	4.97332	4.54712		
10:28:22	2000	3000	3333	3714	3965	0.97606	4.97296	4.54127		
10:28:32	2000	3000	3333	3652	3870	0.97566	4.97281	4.53907		
10:28:42	2000	3000	3333	3993	3772	0.97771	4.97287	4.54964		
10:28:52	2000	3000	3333	3911	3683	0.97725	4.97285	4.54725		
10:29:02	2000	3000	3333	4254	3601	0.97907	4.97316	4.55683		
10:29:12	2000	3000	3333	5078	3526	0.98243	4.97284	4.57373		
10:29:22	2000	3000	3333	4900	3453	0.98180	4.97257	4.57025		
10:29:32	2000	3000	3333	5253	3386	0.98301	4.97299	4.57684		
10:29:42	2000	3000	3333	4763	3324	0.98128	4.97311	4.56811		
10:29:52	2000	3000	3333	5761	3270	0.98450	4.97281	4.58427		
10:30:02	2000	3000	3333	4929	3221	0.98191	4.97296	4.57116		
10:30:12	2000	3000	3333	5337	3177	0.98328	4.97284	4.57806		
10:30:22	2000	3000	3333	5149	3138	0.98267	4.97294	4.57505		
10:30:32	2000	3000	3333	5554	3105	0.98393	4.97327	4.58177		
10:30:42	2000	3000	3333	6574	3077	0.98640	4.97326	4.59441		
10:30:52	2000	3000	3333	5762	3057	0.98450	4.97351	4.58493		
10:31:02	2000	3000	3333	5456	3041	0.98364	4.97331	4.58034		
10:31:12	2000	3000	3333	5197	3027	0.98283	4.97417	4.57700		
10:31:22	2000	3000	3333	5115	3014	0.98256	4.97343	4.57492		
10:31:32	2000	3000	3333	5816	3001	0.98465	4.97314	4.58532		
10:31:42	2000	3000	3333	5494	2990	0.98375	4.97468	4.58217		
10:31:52	2000	3000	3333	5498	2979	0.98376	4.97361	4.58125		
10:32:02	2000	3000	3333	6191	2970	0.98557	4.97420	4.59101		
10:32:12	2000	3000	3333	4970	2960	0.98205	4.97448	4.57331		
10:32:22	2000	3000	3333	5190	2950	0.98281	4.97373	4.57648		
10:32:32	2000	3000	3333	6059	2940	0.98525	4.97398	4.58921		
10:32:42	2000	3000	3333	5757	2930	0.98449	4.97381	4.58514		
10:32:52	2000	3000	3333	6109	2919	0.98538	4.97418	4.59001		
10:33:02	2000	3000	3333	5880	2910	0.98481	4.97445	4.58737		
10:33:12	2000	3000	3333	5837	2906	0.98470	4.97428	4.58665		
10:33:22	2000	3000	3333	5175	2900	0.98276	4.97383	4.57631		
10:33:32	2000	3000	3333	4854	2897	0.98163	4.97460	4.57125		
10:33:42	2000	3000	3333	4774	2893	0.98132	4.97422	4.56934		
10:33:52	2000	3000	3333	5877	2892	0.98480	4.97402	4.58693		
10:34:02	2000	3000	3333	4912	2890	0.98184	4.97492	4.57264		
10:34:12	2000	3000	3333	5107	2888	0.98253	4.97464	4.57590		
10:34:22	2000	3000	3333	4990	2885	0.98212	4.97433	4.57353		
10:34:32	2000	3000	3333	5588	2879	0.98402	4.97504	4.58389		
10:34:42	2000	3000	3333	6159	2874	0.98549	4.97515	4.59151		
10:34:52	2000	3000	3333	6833	2877	0.98692	4.97434	4.59803		
10:35:02	2000	3000	3333	7060	2874	0.98733	4.97384	4.59970		
10:35:12	2000	3000	3333	5632	2876	0.98415	4.97495	4.58444		
10:35:22	2000	3000	3333	6356	2880	0.98594	4.97469	4.59337		
10:35:32	2000	3000	3333	5305	2888	0.98318	4.97430	4.57889		
10:35:42	2000	3000	3333	5695	2899	0.98432	4.97494	4.58532		
10:35:52	2000	3000	3333	5807	2914	0.98462	4.97470	4.58663		
10:36:02	2000	3000	3333	6000	2931	0.98511	4.97455	4.58900		
10:36:12	2000	3000	3333	7896	2949	0.98867	4.97421	4.60686		
10:36:22	2000	3000	3333	7077	2969	0.98736	4.97475	4.60070		
10:36:32	2000	3000	3333	6753	2992	0.98676	4.97461	4.59749		
10:36:42	2000	3000	3333	6058	3011	0.98525	4.97437	4.58956		
10:36:52	2000	3000	3333	5656	3028	0.98421	4.97404	4.58395		
10:37:02	2000	3000	3333	5382	3047	0.98342	4.97409	4.57991		
10:37:12	2000	3000	3333	5037	3067	0.98229	4.97462	4.57464		
10:37:22	2000	3000	3333	5273	3089	0.98308	4.97393	4.57803		
10:37:32	2000	3000	3333	5523	3110	0.98384	4.97446	4.58240		
10:37:42	2000	3000	3333	5698	3130	0.98433	4.97453	4.58499		
10:37:52	2000	3000	3333	5470	3148	0.98368	4.97487	4.58198		
10:38:02	2000	3000	3333	5920	3164	0.98491	4.97477	4.58819		
10:38:12	2000	3000	3333	4636	3178	0.98077	4.97483	4.56708		
10:38:22	2000	3000	3333	5176	3191	0.98276	4.97528	4.57767		
10:38:32	2000	3000	3333	5302	3202	0.98317	4.97527	4.57973		
10:38:42	2000	3000	3333	5601	3212	0.98406	4.97509	4.58412		
10:38:52	2000	3000	3333	5195	3224	0.98282	4.97531	4.57801		
10:39:02	2000	3000	3333	5418	3237	0.98353	4.97534	4.58163		
10:39:12	2000	3000	3333	5107	3252	0.98253	4.97502	4.57625		
10:39:22	2000	3000	3333	5289	3266	0.98313	4.97578	4.58000		
10:39:32	2000	3000	3333	5053	3277	0.98235	4.97540	4.57565		
10:39:42	2000	3000	3333	4860	3289	0.98165	4.97553	4.57222		
10:39:52	2000	3000	3333	4660	3301	0.98087	4.97571	4.56840		
10:40:02	2000	3000	3333	4722	3313	0.98112	4.97578	4.56973		
10:40:12	2000	3000	3333	4647	3325	0.98082	4.97566	4.56807		
10:40:22	2000	3000	3333	4515	3336	0.98027	4.97562	4.56521		
10:40:32	2000	3000	3333	4471	3350	0.98007	4.97558	4.56419		
10:40:42	2000	3000	3333	4510	3366	0.98024	4.97567	4.56514		
10:40:52	2000	3000	3333	4304	3383	0.97930	4.97557	4.56025		
10:41:02	2000	3000	3333	4491	3401	0.98016	4.97528	4.56436		
10:41:12	2000	3000	3333	4860	3418	0.98165	4.97573	4.57240		
10:41:22	2000	3000	3333	4295	3434	0.97926	4.97582	4.56027		
10:41:32	2000	3000	3333	4441	3447	0.97994	4.97609	4.56397		
10:41:42	2000	3000	3333	4559	3463	0.98045	4.97570	4.56624		
10:41:52	2000	3000	3333	4450	3485	0.97998	4.97583	4.56393		
10:42:02	2000	3000	3333	4484	3512	0.98013	4.97563	4.56453		
10:42:12	2000	3000	3333	4370	3544	0.97961	4.97607	4.56229		
10:42:22	2000	3000	3333	4612	3579	0.98068	4.97554	4.56724		
10:42:32	2000	3000	3333	4808	3614	0.98145	4.97593	4.57157		
10:42:42	2000	3000	3333	4490	3649	0.98016	4.97578	4.56480		
10:42:52	2000	3000	3333	4689	3680	0.98099	4.97603	4.56929		
10:43:02	2000	3000	3333	5157	3710	0.98270	4.97587	4.57788		
10:43:12	2000	3000	3333	5397	3741	0.98346	4.97559	4.58153		
10:43:22	2000	3000	3333	6572	3774	0.98640	4.97584	4.59678		
10:43:32	2000	3000	3333	5916	3808	0.98490	4.97567	4.58896		
10:43:42	2000	3000	3333	4933	3841	0.98192	4.97676	4.57473		
10:43:52	2000	3000	3333	4940	3871	0.98195	4.97688	4.57496		
10:44:02	2000	3000	3333	5544	3896	0.98390	4.97697	4.58503		
10:44:12	2000	3000	3333	4976	3920	0.98208	4.97674	4.57550		
10:44:22	2000	3000	3333	5701	3947	0.98434	4.97708	4.58738		
10:44:32	2000	3000	3333	4970	3974	0.98205	4.97711	4.57572		
10:44:42	2000	3000	3333	5146	4000	0.98266	4.97688	4.57863		
10:44:52	2000	3000	3333	5608	4031	0.98408	4.97648	4.58551		
10:45:02	2000	3000	3333	5781	4067	0.98455	4.97608	4.58756		
10:45:12	2000	3000	3333	7949	4108	0.98874	4.97719	4.61001		
10:45:22	2000	3000	3333	6017	4146	0.98515	4.97702	4.59150		
10:45:32	2000	3000	3333	6445	4186	0.98613	4.97614	4.59569		
10:45:42	2000	3000	3333	5812	4225	0.98464	4.97721	4.58902		
10:45:52	2000	3000	3333	5539	4257	0.98388	4.97627	4.58431		
10:46:02	2000	3000	3333	6441	4280	0.98612	4.97689	4.59634		
10:46:12	2000	3000	3333	6491	4295	0.98623	4.97671	4.59672		
10:46:22	2000	3000	3333	6660	4300	0.98658	4.97729	4.59903		
10:46:32	2000	3000	3333	6265	4300	0.98574	4.97703	4.59449		
10:46:42	2000	3000	3333	6017	4297	0.98515	4.97638	4.59091		
10:46:52	2000	3000	3333	6237	4292	0.98567	4.97720	4.59432		
10:47:02	2000	3000	3333	6231	4284	0.98566	4.97727	4.59432		
10:47:12	2000	3000	3333	8463	4277	0.98942	4.97757	4.61384		
10:47:22	2000	3000	3333	7641	4272	0.98829	4.97760	4.60808		
10:47:32	2000	3000	3333	9245	4275	0.99031	4.97720	4.61805		
10:47:42	2000	3000	3333	8825	4280	0.98985	4.97730	4.61580		
10:47:52	2000	3000	3333	7537	4286	0.98813	4.97755	4.60721		
10:48:02	2000	3000	3333	9955	4290	0.99100	4.97779	4.62489		
10:48:12	2000	3000	3333	7540	4293	0.98813	4.97760	4.60728		
10:48:22	2000	3000	3333	7842	4295	0.98859	4.97738	4.60940		
10:48:32	2000	3000	3333	8708	4293	0.98972	4.97736	4.61516		
10:48:42	2000	3000	3333	8519	4290	0.98949	4.97774	4.61435		
10:48:52	2000	3000	3333	7483	4284	0.98804	4.97732	4.60656		
10:49:02	2000	3000	3333	8017	4280	0.98884	4.97764	4.61091		
10:49:12	2000	3000	3333	8417	4274	0.98936	4.97777	4.61373		
10:49:22	2000	3000	3333	7108	4272	0.98742	4.97787	4.60387		
10:49:32	2000	3000	3333	7951	4270	0.98874	4.97790	4.61068		
10:49:42	2000	3000	3333	7545	4267	0.98814	4.97781	4.60752		
10:49:52	2000	3000	3333	7451	4268	0.98799	4.97763	4.60659		
10:50:02	2000	3000	3333	7495	4272	0.98806	4.97814	4.60742		
10:50:12	2000	3000	3333	6781	4279	0.98682	4.97792	4.60083		
10:50:22	2000	3000	3333	7668	4285	0.98833	4.97787	4.60854		
10:50:32	2000	3000	3333	7381	4291	0.98788	4.97790	4.60626		
10:50:42	2000	3000	3333	6917	4297	0.98707	4.97759	4.60184		
10:50:52	2000	3000	3333	7287	4302	0.98772	4.97779	4.60536		
10:51:02	2000	3000	3333	7056	4306	0.98733	4.97844	4.60392		
10:51:12	2000	3000	3333	9463	4312	0.99053	4.97802	4.61995		
10:51:22	2000	3000	3333	7536	4323	0.98813	4.97851	4.60809		
10:51:32	2000	3000	3333	8396	4333	0.98934	4.97829	4.61408		
10:51:42	2000	3000	3333	7741	4342	0.98844	4.97760	4.60885		
10:51:52	2000	3000	3333	9904	4353	0.99095	4.97808	4.62215		
10:52:02	2000	3000	3333	7463	4361	0.98801	4.97839	4.60739		
10:52:12	2000	3000	3333	7597	4368	0.98822	4.97852	4.60859		
10:52:22	2000	3000	3333	7914	4376	0.98869	4.97860	4.61106		
10:52:32	2000	3000	3333	7455	4390	0.98800	4.97832	4.60726		
10:52:42	2000	3000	3333	7856	4408	0.98861	4.97791	4.61000		
10:52:52	2000	3000	3333	8704	4429	0.98971	4.97774	4.61549		
10:53:02	2000	3000	3333	6765	4451	0.98678	4.97795	4.60070		
10:53:12	2000	3000	3333	7036	4476	0.98729	4.97794	4.60328		
10:53:22	2000	3000	3333	7272	4502	0.98770	4.97812	4.60554		
10:53:32	2000	3000	3333	8776	4531	0.98980	4.97840	4.61653		
10:53:42	2000	3000	3333	7484	4561	0.98805	4.97864	4.60779		
10:53:52	2000	3000	3333	7487	4592	0.98805	4.97863	4.60781		
10:54:02	2000	3000	3333	7679	4617	0.98835	4.97808	4.60882		
10:54:12	2000	3000	3333	6491	4638	0.98623	4.97836	4.59824		
10:54:22	2000	3000	3333	6455	4659	0.98615	4.97804	4.59756		
10:54:32	2000	3000	3333	6315	4676	0.98585	4.97911	4.59699		
10:54:42	2000	3000	3333	6220	4694	0.98563	4.97838	4.59521		
10:54:52	2000	3000	3333	6732	4712	0.98672	4.97838	4.60077		
10:55:02	2000	3000	3333	6378	4728	0.98599	4.97890	4.59750		
10:55:12	2000	3000	3333	5793	4742	0.98458	4.97895	4.59036		
10:55:22	2000	3000	3333	6322	4755	0.98586	4.97837	4.59638		
10:55:32	2000	3000	3333	5614	4768	0.98410	4.97849	4.58744		
10:55:42	2000	3000	3333	6428	4781	0.98610	4.97806	4.59728		
10:55:52	2000	3000	3333	5737	4797	0.98443	4.97813	4.58884		
10:56:02	2000	3000	3333	6036	4813	0.98520	4.97809	4.59272		
10:56:12	2000	3000	3333	5609	4825	0.98408	4.97865	4.58752		
10:56:22	2000	3000	3333	5951	4836	0.98499	4.97889	4.59239		
10:56:32	2000	3000	3333	6738	4852	0.98673	4.97901	4.60141		
10:56:42	2000	3000	3333	7016	4867	0.98725	4.97908	4.60415		
10:56:52	2000	3000	3333	6006	4880	0.98513	4.97858	4.59280		
10:57:02	2000	3000	3333	5918	4890	0.98491	4.97857	4.59167		
10:57:12	2000	3000	3333	5512	4898	0.98380	4.97874	4.58618		
10:57:22	2000	3000	3333	5608	4903	0.98408	4.97899	4.58782		
10:57:32	2000	3000	3333	5404	4909	0.98348	4.97867	4.58447		
10:57:42	2000	3000	3333	5305	4914	0.98318	4.97873	4.58297		
10:57:52	2000	3000	3333	5438	4916	0.98359	4.97852	4.58486		
10:58:02	2000	3000	3333	5348	4914	0.98331	4.97868	4.58361		
10:58:12	2000	3000	3333	5264	4906	0.98305	4.97913	4.58267		
10:58:22	2000	3000	3333	5419	4895	0.98353	4.97910	4.58510		
10:58:32	2000	3000	3333	5325	4880	0.98324	4.97854	4.58311		
10:58:42	2000	3000	3333	4798	4862	0.98142	4.97895	4.57416		
10:58:52	2000	3000	3333	5117	4842	0.98257	4.97920	4.58027		
10:59:02	2000	3000	3333	4860	4822	0.98165	4.98028	4.57659		
10:59:12	2000	3000	3333	5038	4802	0.98229	4.97869	4.57841		
10:59:22	2000	3000	3333	5552	4783	0.98392	4.97862	4.58666		
10:59:32	2000	3000	3333	5237	4762	0.98296	4.97903	4.58214		
10:59:42	2000	3000	3333	4917	4740	0.98186	4.97901	4.57650		
10:59:52	2000	3000	3333	4738	4715	0.98118	4.97943	4.57341		
11:00:02	2000	3000	3333	4863	4691	0.98166	4.97916	4.57561		
11:00:12	2000	3000	3333	4788	4672	0.98138	4.97877	4.57379		
11:00:22	2000	3000	3333	4916	4651	0.98186	4.97904	4.57650		
11:00:32	2000	3000	3333	4917	4628	0.98186	4.97914	4.57661		
11:00:42	2000	3000	3333	4984	4603	0.98210	4.97835	4.57712		
11:00:52	2000	3000	3333	5108	4573	0.98254	4.97888	4.57982		
11:01:02	2000	3000	3333	4874	4538	0.98170	4.97867	4.57537		
11:01:12	2000	3000	3333	4712	4498	0.98108	4.97960	4.57304		
11:01:22	2000	3000	3333	4988	4457	0.98212	4.97891	4.57771		
11:01:32	2000	3000	3333	4699	4414	0.98103	4.97871	4.57195		
11:01:42	2000	3000	3333	4964	4372	0.98203	4.97928	4.57761		
11:01:52	2000	3000	3333	5073	4337	0.98241	4.97881	4.57913		
11:02:02	2000	3000	3333	4615	4303	0.98069	4.97911	4.57058		
11:02:12	2000	3000	3333	4515	4270	0.98026	4.97851	4.56785		
11:02:22	2000	3000	3333	5113	4242	0.98255	4.97944	4.58041		
11:02:32	2000	3000	3333	4752	4216	0.98124	4.97913	4.57342		
11:02:42	2000	3000	3333	5769	4193	0.98452	4.97982	4.59084		
11:02:52	2000	3000	3333	5365	4172	0.98337	4.97866	4.58386		
11:03:02	2000	3000	3333	5373	4153	0.98339	4.97899	4.58428		
11:03:12	2000	3000	3333	5615	4136	0.98410	4.97957	4.58845		
11:03:22	2000	3000	3333	5012	4120	0.98220	4.97927	4.57848		
11:03:32	2000	3000	3333	5731	4105	0.98442	4.97952	4.59004		
11:03:42	2000	3000	3333	5364	4091	0.98336	4.98016	4.58522		
11:03:52	2000	3000	3333	5069	4077	0.98240	4.97898	4.57923		
11:04:02	2000	3000	3333	5217	4062	0.98290	4.97997	4.58267		
11:04:12	2000	3000	3333	4897	4045	0.98179	4.97860	4.57574		
11:04:22	2000	3000	3333	5104	4026	0.98252	4.97962	4.58043		
11:04:32	2000	3000	3333	4747	4006	0.98122	4.97864	4.57286		
11:04:42	2000	3000	3333	4849	3985	0.98161	4.97919	4.57536		
11:04:52	2000	3000	3333	4994	3963	0.98214	4.97858	4.57752		
11:05:02	2000	3000	3333	4974	3939	0.98207	4.97953	4.57802		
11:05:12	2000	3000	3333	5095	3912	0.98249	4.97869	4.57941		
11:05:22	2000	3000	3333	5440	3885	0.98359	4.97905	4.58538		
11:05:32	2000	3000	3333	5369	3856	0.98338	4.97868	4.58394		
11:05:42	2000	3000	3333	5700	3826	0.98434	4.97887	4.58902		
11:05:52	2000	3000	3333	5310	3795	0.98319	4.97839	4.58273		
11:06:02	2000	3000	3333	5404	3765	0.98348	4.97917	4.58494		
11:06:12	2000	3000	3333	5341	3734	0.98329	4.97871	4.58353		
11:06:22	2000	3000	3333	5235	3704	0.98295	4.97908	4.58214		
11:06:32	2000	3000	3333	5496	3673	0.98376	4.97843	4.58566		
11:06:42	2000	3000	3333	5351	3641	0.98332	4.97853	4.58352		
11:06:52	2000	3000	3333	5340	3611	0.98329	4.97889	4.58367		
11:07:02	2000	3000	3333	5487	3581	0.98373	4.97903	4.58608		
11:07:12	2000	3000	3333	5283	3553	0.98311	4.97856	4.58246		
11:07:22	2000	3000	3333	5464	3526	0.98366	4.97928	4.58595		
11:07:32	2000	3000	3333	5649	3500	0.98420	4.97876	4.58820		
11:07:42	2000	3000	3333	5810	3475	0.98463	4.97894	4.59059		
11:07:52	2000	3000	3333	5447	3450	0.98361	4.97942	4.58582		
11:08:02	2000	3000	3333	6257	3428	0.98572	4.97864	4.59589		
11:08:12	2000	3000	3333	6448	3408	0.98614	4.97850	4.59790		
11:08:22	2000	3000	3333	6535	3391	0.98632	4.97896	4.59927		
11:08:32	2000	3000	3333	6777	3377	0.98681	4.97928	4.60205		
11:08:42	2000	3000	3333	6597	3367	0.98645	4.97891	4.59987		
11:08:52	2000	3000	3333	6439	3360	0.98612	4.97889	4.59817		
11:09:02	2000	3000	3333	6321	3355	0.98586	4.97899	4.59694		
11:09:12	2000	3000	3333	5704	3352	0.98435	4.97979	4.58992		
11:09:22	2000	3000	3333	6707	3349	0.98667	4.97872	4.60083		
11:09:32	2000	3000	3333	6379	3349	0.98599	4.97965	4.59821		
11:09:42	2000	3000	3333	6320	3351	0.98586	4.97984	4.59772		
11:09:52	2000	3000	3333	5916	3354	0.98490	4.97998	4.59294		


			DELHI AIRPORT : 30 m Base line


Time	RVR	 MOR	RVR	MOR	BLM	Trf	 Ref(v)	PD(v)
	(limited)	(limited)	(actual)	(actual)

11:10:14	2000	3000	2026	6244	3362	0.98569	4.97953	4.59655		
11:10:24	2000	3000	3215	7130	3369	0.98746	4.97868	4.60481		
11:10:34	2000	3000	3333	6417	3375	0.98607	4.97856	4.59762		
11:10:44	2000	3000	3333	6715	3381	0.98669	4.97958	4.60170		
11:10:54	2000	3000	3333	6197	3384	0.98558	4.97888	4.59541		
11:11:04	2000	3000	3333	6113	3388	0.98539	4.97901	4.59452		
11:11:14	2000	3000	3333	6645	3392	0.98655	4.97906	4.60051		
11:11:24	2000	3000	3333	6231	3394	0.98566	4.97894	4.59586		
11:11:34	2000	3000	3333	7025	3395	0.98727	4.97899	4.60415		
11:11:44	2000	3000	3333	6050	3393	0.98523	4.97929	4.59400		
11:11:54	2000	3000	3333	6598	3391	0.98645	4.97974	4.60065		
11:12:04	2000	3000	3333	6824	3389	0.98690	4.97892	4.60218		
11:12:14	2000	3000	3333	7134	3386	0.98746	4.97898	4.60513		
11:12:24	2000	3000	3333	7352	3384	0.98783	4.97867	4.60673		
11:12:34	2000	3000	3333	7122	3380	0.98744	4.97945	4.60545		
11:12:44	2000	3000	3333	7833	3376	0.98858	4.97944	4.61124		
11:12:54	2000	3000	3333	8354	3370	0.98928	4.97928	4.61472		
11:13:04	2000	3000	3333	8188	3363	0.98907	4.97980	4.61410		
11:13:14	2000	3000	3333	7756	3355	0.98846	4.97954	4.61076		
11:13:24	2000	3000	3333	7342	3346	0.98782	4.97896	4.60691		
11:13:34	2000	3000	3333	9280	3336	0.99035	4.97907	4.61997		
11:13:44	2000	3000	3333	7572	3326	0.98818	4.97921	4.60903		
11:13:54	2000	3000	3333	8498	3316	0.98947	4.97980	4.61613		
11:14:04	2000	3000	3333	9184	3305	0.99025	4.97907	4.61946		
11:14:14	2000	3000	3333	8510	3294	0.98948	4.98028	4.61665		
11:14:24	2000	3000	3333	8235	3283	0.98913	4.97923	4.61389		
11:14:34	2000	3000	3333	7653	3271	0.98831	4.97921	4.60966		
11:14:44	2000	3000	3333	8331	3258	0.98925	4.98023	4.61545		
11:14:54	2000	3000	3333	7608	3245	0.98824	4.98016	4.61019		
11:15:04	2000	3000	3333	9022	3232	0.99007	4.98042	4.61982		
11:15:14	2000	3000	3333	7866	3218	0.98862	4.98034	4.61232		
11:15:24	2000	3000	3333	7164	3207	0.98752	4.97990	4.60624		
11:15:34	2000	3000	3333	7944	3195	0.98873	4.97992	4.61250		
11:15:44	2000	3000	3333	8682	3183	0.98969	4.98017	4.61761		
11:15:54	2000	3000	3333	7851	3176	0.98860	4.97965	4.61157		
11:16:04	2000	3000	3333	7044	3166	0.98730	4.97916	4.60448		
11:16:14	2000	3000	3333	7355	3155	0.98784	4.97941	4.60744		
11:16:24	2000	3000	3333	8133	3144	0.98899	4.98034	4.61422		
11:16:34	2000	3000	3333	8309	3135	0.98923	4.98046	4.61552		
11:16:44	2000	3000	3333	9397	3125	0.99047	4.98052	4.62193		
11:16:54	2000	3000	3333	8634	3118	0.98963	4.98063	4.61774		
11:17:04	2000	3000	3333	8165	3112	0.98904	4.97959	4.61375		
11:17:14	2000	3000	3333	8611	3106	0.98960	4.97979	4.61682		
11:17:24	2000	3000	3333	9734	3102	0.99080	4.98066	4.62374		
11:17:34	2000	3000	3333	8027	3098	0.98885	4.97980	4.61298		
11:17:44	2000	3000	3333	8924	3095	0.98997	4.98064	4.61947		
11:17:54	2000	3000	3333	8626	3093	0.98962	4.98053	4.61760		
11:18:04	2000	3000	3333	7952	3092	0.98875	4.98056	4.61315		
11:18:14	2000	3000	3333	8431	3091	0.98938	4.98062	4.61646		
11:18:24	2000	3000	3333	9470	3090	0.99054	4.98047	4.62226		
11:18:34	2000	3000	3333	9955	3088	0.99100	4.98047	4.62556		
11:18:44	2000	3000	3333	9955	3086	0.99100	4.98062	4.62729		
11:18:54	2000	3000	3333	8261	3085	0.98917	4.98052	4.61526		
11:19:04	2000	3000	3333	8876	3085	0.98991	4.98065	4.61920		
11:19:14	2000	3000	3333	7844	3084	0.98859	4.98044	4.61225		
11:19:24	2000	3000	3333	8094	3084	0.98894	4.98074	4.61432		
11:19:34	2000	3000	3333	8224	3082	0.98912	4.98082	4.61529		
11:19:44	2000	3000	3333	9433	3078	0.99050	4.98042	4.62202		
11:19:54	2000	3000	3333	8197	3074	0.98908	4.98047	4.61478		
11:20:04	2000	3000	3333	7874	3068	0.98863	4.98085	4.61285		
11:20:14	2000	3000	3333	7748	3063	0.98845	4.98088	4.61194		
11:20:24	2000	3000	3333	8459	3057	0.98942	4.98088	4.61688		
11:20:34	2000	3000	3333	7974	3049	0.98878	4.98140	4.61409		
11:20:44	2000	3000	3333	8657	3039	0.98966	4.98125	4.61846		
11:20:54	2000	3000	3333	7509	3027	0.98809	4.98096	4.61014		
11:21:04	2000	3000	3333	8640	3013	0.98964	4.98101	4.61813		
11:21:14	2000	3000	3333	7308	2992	0.98776	4.98066	4.60820		
11:21:24	2000	3000	3333	7095	2968	0.98739	4.98088	4.60653		
11:21:34	2000	3000	3333	6937	2941	0.98711	4.98119	4.60536		
11:21:44	2000	3000	3333	6379	2912	0.98599	4.98130	4.59973		
11:21:54	2000	3000	3333	6865	2881	0.98698	4.98094	4.60444		
11:22:04	2000	3000	3333	6767	2847	0.98679	4.98099	4.60353		
11:22:14	2000	3000	3333	6325	2814	0.98587	4.98156	4.59936		
11:22:24	2000	3000	3333	6626	2779	0.98651	4.98139	4.60247		
11:22:34	2000	3000	3333	6792	2740	0.98684	4.98093	4.60372		
11:22:44	2000	3000	3333	6602	2700	0.98646	4.98144	4.60226		
11:22:54	2000	3000	3333	7140	2662	0.98747	4.98100	4.60705		
11:23:04	2000	3000	3333	7014	2625	0.98725	4.98109	4.60599		
11:23:14	2000	3000	3333	7279	2589	0.98771	4.98147	4.60870		
11:23:24	2000	3000	3333	6973	2555	0.98718	4.98141	4.60590		
11:23:34	2000	3000	3333	7033	2524	0.98728	4.98124	4.60630		
11:23:44	2000	3000	3333	7100	2494	0.98740	4.98138	4.60704		
11:23:54	2000	3000	3333	8119	2465	0.98898	4.98113	4.61486		
11:24:04	2000	3000	3333	8282	2439	0.98919	4.98120	4.61603		
11:24:14	2000	3000	3333	7154	2413	0.98750	4.98146	4.60760		
11:24:24	2000	3000	3333	8098	2386	0.98895	4.98128	4.61485		
11:24:34	2000	3000	3333	7329	2359	0.98780	4.98129	4.60896		
11:24:44	2000	3000	3333	7794	2331	0.98852	4.98141	4.61278		
11:24:54	2000	3000	3333	7872	2302	0.98863	4.98122	4.61318		
11:25:04	2000	3000	3333	8706	2271	0.98972	4.98144	4.61893		
11:25:14	2000	3000	3333	7131	2241	0.98746	4.98127	4.60722		
11:25:24	2000	3000	3333	7675	2213	0.98834	4.98099	4.61148		
11:25:34	2000	3000	3333	8266	2187	0.98917	4.98097	4.61571		
11:25:44	2000	3000	3333	8333	2164	0.98926	4.98129	4.61645		
11:25:54	2000	3000	3333	8038	2145	0.98887	4.98139	4.61453		
11:26:04	2000	3000	3333	7733	2129	0.98843	4.98174	4.61262		
11:26:14	2000	3000	3333	7587	2113	0.98821	4.98172	4.61147		
11:26:24	2000	3000	3333	9112	2098	0.99017	4.98139	4.62122		
11:26:34	2000	3000	3333	8276	2086	0.98918	4.98140	4.61617		
11:26:44	2000	3000	3333	7686	2079	0.98836	4.98134	4.61189		
11:26:54	2000	3000	3333	7717	2074	0.98841	4.98132	4.61211		
11:27:04	2000	3000	3333	9872	2072	0.99092	4.98129	4.62498		
11:27:14	2000	3000	3333	8367	2074	0.98930	4.98144	4.61681		
11:27:24	2000	3000	3333	8430	2080	0.98938	4.98112	4.61692		
11:27:34	2000	3000	3333	8531	2091	0.98951	4.98142	4.61784		
11:27:44	2000	3000	3333	7876	2105	0.98864	4.98151	4.61348		
11:27:54	2000	3000	3333	8173	2120	0.98905	4.98140	4.61548		
11:28:04	2000	3000	3333	9145	2137	0.99021	4.98112	4.62115		
11:28:14	2000	3000	3333	7443	2156	0.98798	4.98165	4.61024		
11:28:24	2000	3000	3333	8631	2177	0.98963	4.98150	4.61853		
11:28:34	2000	3000	3333	8222	2198	0.98911	4.98165	4.61604		
11:28:44	2000	3000	3333	8615	2219	0.98961	4.98165	4.61857		
11:28:54	2000	3000	3333	8273	2241	0.98918	4.98187	4.61659		
11:29:04	2000	3000	3333	7728	2267	0.98842	4.98182	4.61266		
11:29:14	2000	3000	3333	7309	2293	0.98776	4.98070	4.60824		
11:29:24	2000	3000	3333	9518	2316	0.99059	4.98188	4.62381		
11:29:34	2000	3000	3333	7391	2338	0.98790	4.98074	4.60897		
11:29:44	2000	3000	3333	8793	2357	0.98982	4.98125	4.61927		
11:29:54	2000	3000	3333	8405	2371	0.98935	4.98136	4.61698		
11:30:04	2000	3000	3333	8605	2383	0.98960	4.98179	4.61864		
11:30:14	2000	3000	3333	8716	2392	0.98973	4.98093	4.61852		
11:30:24	2000	3000	3333	7438	2395	0.98797	4.98071	4.60933		
11:30:34	2000	3000	3333	8377	2394	0.98931	4.98082	4.61630		
11:30:44	2000	3000	3333	8625	2387	0.98962	4.98182	4.61879		
11:30:54	2000	3000	3333	7653	2374	0.98831	4.98033	4.61070		
11:31:04	2000	3000	3333	7602	2356	0.98823	4.98115	4.61106		
11:31:14	2000	3000	3333	7530	2333	0.98812	4.98166	4.61096		
11:31:24	2000	3000	3333	8016	2309	0.98883	4.98132	4.61431		
11:31:34	2000	3000	3333	8471	2283	0.98943	4.98142	4.61746		
11:31:44	2000	3000	3333	7642	2260	0.98829	4.98122	4.61144		
11:31:54	2000	3000	3333	8430	2242	0.98938	4.98217	4.61789		
11:32:04	2000	3000	3333	7820	2230	0.98856	4.98248	4.61396		
11:32:14	2000	3000	3333	8162	2224	0.98903	4.98147	4.61547		
11:32:24	2000	3000	3333	9955	2218	0.99100	4.98207	4.63291		
11:32:34	2000	3000	3333	8620	2211	0.98961	4.98247	4.61936		
11:32:44	2000	3000	3333	9955	2201	0.99100	4.98204	4.62619		
11:32:54	2000	3000	3333	9377	2187	0.99045	4.98213	4.62332		
11:33:04	2000	3000	3333	7753	2171	0.98846	4.98148	4.61253		
11:33:14	2000	3000	3333	9955	2153	0.99100	4.98177	4.62976		
11:33:24	2000	3000	3333	9955	2134	0.99100	4.98139	4.62558		
11:33:34	2000	3000	3333	9103	2114	0.99016	4.98210	4.62183		
11:33:44	2000	3000	3333	8037	2095	0.98886	4.98243	4.61549		
11:33:54	2000	3000	3333	8830	2075	0.98986	4.98177	4.61997		
11:34:04	2000	3000	3333	7644	2056	0.98829	4.98208	4.61225		
11:34:14	2000	3000	3333	8165	2040	0.98904	4.98089	4.61495		
11:34:24	2000	3000	3333	8225	2025	0.98912	4.98154	4.61596		
11:34:34	2000	3000	3333	8522	2011	0.98949	4.98235	4.61864		
11:34:44	2000	3000	3333	8759	1996	0.98978	4.98195	4.61972		
11:34:54	2000	3000	3333	9955	1983	0.99100	4.98172	4.62667		
11:35:04	2000	3000	3333	8662	1969	0.98966	4.98193	4.61912		
11:35:14	2000	3000	3333	9719	1954	0.99078	4.98273	4.62559		
11:35:24	2000	3000	3333	9955	1941	0.99100	4.98267	4.62764		
11:35:34	2000	3000	3333	9955	1929	0.99100	4.98242	4.62773		
11:35:44	2000	3000	3333	8073	1918	0.98891	4.98220	4.61553		
11:35:54	2000	3000	3333	8336	1907	0.98926	4.98305	4.61810		
11:36:04	2000	3000	3333	8714	1896	0.98973	4.98266	4.62011		
11:36:14	2000	3000	3333	9029	1883	0.99008	4.98272	4.62199		
11:36:24	2000	3000	3333	9503	1870	0.99057	4.98276	4.62455		
11:36:34	2000	3000	3333	9955	1860	0.99100	4.98247	4.63084		
11:36:44	2000	3000	3333	9955	1851	0.99100	4.98308	4.63368		
11:36:54	2000	3000	3333	8968	1846	0.99001	4.98226	4.62122		
11:37:04	2000	3000	3333	9955	1847	0.99100	4.98271	4.62913		
11:37:14	2000	3000	3333	9245	1847	0.99031	4.98250	4.62297		
11:37:24	2000	3000	3333	9196	1846	0.99026	4.98244	4.62265		
11:37:34	2000	3000	3333	9341	1846	0.99041	4.98303	4.62397		
11:37:44	2000	3000	3333	9955	1845	0.99100	4.98286	4.63344		
11:37:54	2000	3000	3333	9622	1841	0.99069	4.98269	4.62508		
11:38:04	2000	3000	3333	9955	1835	0.99100	4.98315	4.62716		
11:38:14	2000	3000	3333	9377	1828	0.99045	4.98321	4.62432		
11:38:24	2000	3000	3333	9955	1820	0.99100	4.98308	4.63049		
11:38:34	2000	3000	3333	9811	1808	0.99087	4.98260	4.62591		
11:38:44	2000	3000	3333	8965	1791	0.99001	4.98311	4.62199		
11:38:54	2000	3000	3333	9885	1772	0.99094	4.98313	4.62675		
11:39:04	2000	3000	3333	9955	1752	0.99100	4.98313	4.62844		
11:39:14	2000	3000	3333	9760	1733	0.99082	4.98283	4.62588		
11:39:24	2000	3000	3333	9955	1716	0.99100	4.98289	4.63176		
11:39:34	2000	3000	3333	9955	1701	0.99100	4.98316	4.63260		
11:39:44	2000	3000	3333	9553	1686	0.99062	4.98347	4.62546		
11:39:54	2000	3000	3333	9955	1671	0.99100	4.98297	4.62949		
11:40:04	2000	3000	3333	9955	1656	0.99100	4.98325	4.63400		
11:40:14	2000	3000	3333	9955	1641	0.99100	4.98388	4.63713		
11:40:24	2000	3000	3333	9955	1628	0.99100	4.98337	4.63952		
11:40:34	2000	3000	3333	9255	1615	0.99032	4.98325	4.62372		
11:40:44	2000	3000	3333	9955	1604	0.99100	4.98351	4.62940		
11:40:54	2000	3000	3333	9955	1595	0.99100	4.98338	4.63715		
11:41:04	2000	3000	3333	9955	1583	0.99100	4.98334	4.63307		
11:41:14	2000	3000	3333	9955	1569	0.99100	4.98346	4.62754		
11:41:24	2000	3000	3333	9955	1557	0.99100	4.98315	4.63150		
11:41:34	2000	3000	3333	9955	1544	0.99100	4.98322	4.63836		
11:41:44	2000	3000	3333	9955	1527	0.99100	4.98326	4.63133		
11:41:54	2000	3000	3333	9876	1508	0.99093	4.98370	4.62724		
11:42:04	2000	3000	3333	9955	1491	0.99100	4.98392	4.62896		
11:42:14	2000	3000	3333	9955	1475	0.99100	4.98411	4.62946		
11:42:24	2000	3000	3333	9855	1461	0.99091	4.98330	4.62677		
11:42:34	2000	3000	3333	9955	1449	0.99100	4.98359	4.63163		
11:42:44	2000	3000	3333	9955	1434	0.99100	4.98361	4.63330		
11:42:54	2000	3000	3333	9955	1414	0.99100	4.98389	4.63412		
11:43:04	2000	3000	3333	9955	1393	0.99100	4.98375	4.63457		
11:43:14	2000	3000	3333	9955	1369	0.99100	4.98422	4.63352		
11:43:24	2000	3000	3333	9955	1348	0.99100	4.98375	4.63729		
11:43:34	2000	3000	3333	9955	1329	0.99100	4.98405	4.63345		
11:43:44	2000	3000	3333	9955	1314	0.99100	4.98396	4.63090		
11:43:54	2000	3000	3333	9955	1299	0.99100	4.98356	4.63234		
11:44:04	2000	3000	3333	9955	1285	0.99100	4.98434	4.63115		
11:44:14	2000	3000	3333	9955	1271	0.99100	4.98410	4.63312		
11:44:24	2000	3000	3333	9955	1257	0.99100	4.98435	4.62879		
11:44:34	2000	3000	3333	9955	1240	0.99100	4.98407	4.63181		
11:44:44	2000	3000	3333	9955	1221	0.99100	4.98366	4.63114		
11:44:54	2000	3000	3333	9955	1204	0.99100	4.98442	4.63533		
11:45:04	2000	3000	3333	9955	1190	0.99100	4.98393	4.63002		
11:45:14	2000	3000	3333	9955	1176	0.99100	4.98443	4.62890		
11:45:24	2000	3000	3333	9955	1164	0.99100	4.98455	4.63170		
11:45:34	2000	3000	3333	9955	1155	0.99100	4.98420	4.63253		
11:45:44	2000	3000	3333	9955	1146	0.99100	4.98453	4.63935		
11:45:54	2000	3000	3333	9955	1137	0.99100	4.98472	4.64127		
11:46:04	2000	3000	3333	9955	1128	0.99100	4.98478	4.63718		
11:46:14	2000	3000	3333	9955	1120	0.99100	4.98482	4.63528		
11:46:24	2000	3000	3333	9955	1113	0.99100	4.98483	4.63217		
11:46:34	2000	3000	3333	9955	1106	0.99100	4.98430	4.64172		
11:46:44	2000	3000	3333	9929	1099	0.99098	4.98486	4.62856		
11:46:54	2000	3000	3333	9955	1091	0.99100	4.98570	4.64069		
11:47:04	2000	3000	3333	9955	1084	0.99100	4.98585	4.63141		
11:47:14	2000	3000	3333	9955	1079	0.99100	4.98492	4.65412		
11:47:24	2000	3000	3333	9955	1075	0.99100	4.98461	4.64148		
11:47:34	2000	3000	3333	9955	1071	0.99100	4.98482	4.64228		
11:47:44	2000	3000	3333	9955	1067	0.99100	4.98604	4.63961		
11:47:54	2000	3000	3333	9955	1062	0.99100	4.98477	4.63855		
11:48:04	2000	3000	3333	9955	1058	0.99100	4.98610	4.63562		
11:48:14	2000	3000	3333	9955	1054	0.99100	4.98579	4.64130		
11:48:24	2000	3000	3333	9955	1051	0.99100	4.98645	4.64143		
11:48:34	2000	3000	3333	9955	1047	0.99100	4.98608	4.63929		
11:48:44	2000	3000	3333	9955	1042	0.99100	4.98644	4.63934		
11:48:54	2000	3000	3333	9955	1038	0.99100	4.98652	4.63768		
11:49:04	2000	3000	3333	9955	1034	0.99100	4.98662	4.63759		
11:49:14	2000	3000	3333	9955	1028	0.99100	4.98621	4.63701		
11:49:24	2000	3000	3333	9955	1022	0.99100	4.98570	4.63292		
11:49:34	2000	3000	3333	9955	1015	0.99100	4.98621	4.64043		
11:49:44	2000	3000	3333	9955	1008	0.99100	4.98651	4.64405		
11:49:54	2000	3000	3333	9955	1000	0.99100	4.98612	4.63592		
11:50:04	2000	3000	3333	9955	993	0.99100	4.98658	4.64329		
11:50:14	2000	3000	3333	9955	987	0.99100	4.98671	4.63096		
11:50:24	2000	3000	3333	9906	981	0.99096	4.98660	4.63007		
11:50:34	2000	3000	3333	9955	976	0.99100	4.98653	4.64112		
11:50:44	2000	3000	3333	9955	971	0.99100	4.98634	4.63819		
11:50:54	2000	3000	3333	9955	966	0.99100	4.98692	4.63651		
11:51:04	2000	3000	3333	9955	961	0.99100	4.98664	4.64560		
11:51:14	2000	3000	3333	9955	957	0.99100	4.98668	4.63911		
11:51:24	2000	3000	3333	9955	953	0.99100	4.98663	4.63333		
11:51:34	2000	3000	3333	9955	950	0.99100	4.98671	4.64176		
11:51:44	2000	3000	3333	9955	947	0.99100	4.98690	4.63712		
11:51:54	2000	3000	3333	9955	946	0.99100	4.98648	4.63716		
11:52:04	2000	3000	3333	9955	946	0.99100	4.98705	4.63658		
11:52:14	2000	3000	3333	9955	944	0.99100	4.98726	4.64370		
11:52:24	2000	3000	3333	9955	941	0.99100	4.98670	4.64490		
11:52:34	2000	3000	3333	9955	938	0.99100	4.98709	4.63416		
11:52:44	2000	3000	3333	9955	933	0.99100	4.98728	4.63365		
11:52:54	2000	3000	3333	9955	927	0.99100	4.98705	4.64503		
11:53:04	2000	3000	3333	9955	921	0.99100	4.98752	4.63856		
11:53:14	2000	3000	3333	9955	912	0.99100	4.98730	4.63973		
11:53:24	2000	3000	3333	9955	904	0.99100	4.98733	4.64500		
11:53:34	2000	3000	3333	9955	895	0.99100	4.98753	4.64438		
11:53:44	2000	3000	3333	9955	886	0.99100	4.98763	4.63832		
11:53:54	2000	3000	3333	9955	876	0.99100	4.98741	4.64005		
11:54:04	2000	3000	3333	9955	866	0.99100	4.98746	4.63798		
11:54:14	2000	3000	3333	9955	857	0.99100	4.98702	4.64399		
11:54:24	2000	3000	3333	9955	849	0.99100	4.98722	4.64544		
11:54:34	2000	3000	3333	9955	840	0.99100	4.98752	4.63785		
11:54:44	2000	3000	3333	9955	831	0.99100	4.98744	4.64155		
11:54:54	2000	3000	3333	9955	822	0.99100	4.98804	4.63899		
11:55:04	2000	3000	3333	9955	814	0.99100	4.98722	4.65103		
11:55:14	2000	3000	3333	9955	806	0.99100	4.98752	4.64217		
11:55:24	2000	3000	3333	9955	798	0.99100	4.98768	4.64335		
11:55:34	2000	3000	3333	9955	791	0.99100	4.98757	4.63585		
11:55:44	2000	3000	3333	9955	782	0.99100	4.98782	4.63776		
11:55:54	2000	3000	3333	9955	774	0.99100	4.98749	4.64623		
11:56:04	2000	3000	3333	9955	765	0.99100	4.98803	4.63951		
11:56:14	2000	3000	3333	9955	756	0.99100	4.98757	4.64275		
11:56:24	2000	3000	3333	9955	747	0.99100	4.98804	4.64206		
11:56:34	2000	3000	3333	9955	738	0.99100	4.98763	4.64301		
11:56:44	2000	3000	3333	9955	729	0.99100	4.98811	4.63415		
11:56:54	2000	3000	3333	9955	720	0.99100	4.98807	4.63487		
11:57:04	2000	3000	3333	9955	711	0.99100	4.98850	4.64434		
11:57:14	2000	3000	3333	9955	702	0.99100	4.98779	4.64190		
11:57:24	2000	3000	3333	9955	692	0.99100	4.98818	4.63489		
11:57:34	2000	3000	3333	9955	682	0.99100	4.98815	4.63920		
11:57:44	2000	3000	3333	9955	673	0.99100	4.98815	4.64099		
11:57:54	2000	3000	3333	9955	663	0.99100	4.98808	4.65045		
11:58:04	2000	3000	3333	9955	654	0.99100	4.98828	4.64003		
11:58:14	2000	3000	3333	9955	644	0.99100	4.98800	4.64302		
11:58:24	2000	3000	3333	9955	635	0.99100	4.98796	4.63571		
11:58:34	2000	3000	3333	9955	627	0.99100	4.98797	4.64285		
11:58:44	2000	3000	3333	9955	620	0.99100	4.98861	4.65824		
11:58:54	2000	3000	3333	9955	612	0.99100	4.98835	4.64120		
11:59:04	2000	3000	3333	9955	605	0.99100	4.98836	4.64688		
11:59:14	2000	3000	3333	9955	597	0.99100	4.98894	4.64806		
11:59:24	2000	3000	3333	9955	591	0.99100	4.98838	4.64094		
11:59:34	2000	3000	3333	9955	585	0.99100	4.98830	4.65252		
11:59:44	2000	3000	3333	9955	579	0.99100	4.98827	4.63970		
11:59:54	2000	3000	3333	9955	575	0.99100	4.98883	4.64421		
12:00:04	2000	3000	3333	9955	571	0.99100	4.98961	4.64498		
12:00:14	2000	3000	3333	9955	567	0.99100	4.98966	4.64502		
12:00:24	2000	3000	3333	9955	563	0.99100	4.98918	4.64772		
12:00:34	2000	3000	3333	9955	559	0.99100	4.98963	4.64075		
12:00:44	2000	3000	3333	9955	556	0.99100	4.98883	4.63986		
12:00:54	2000	3000	3333	9955	553	0.99100	4.98863	4.64834		
12:01:04	2000	3000	3333	9955	549	0.99100	4.98891	4.63911		
12:01:14	2000	3000	3333	9955	546	0.99100	4.99025	4.63950		
12:01:24	2000	3000	3333	9955	543	0.99100	4.99006	4.63755		
12:01:34	2000	3000	3333	9955	539	0.99100	4.99006	4.63977		
12:01:44	2000	3000	3333	9955	537	0.99100	4.98986	4.63897		
12:01:54	2000	3000	3333	9955	534	0.99100	4.98983	4.64909		
12:02:04	2000	3000	3333	9955	532	0.99100	4.98901	4.65008		
12:02:14	2000	3000	3333	9955	529	0.99100	4.99025	4.64229		
12:02:24	2000	3000	3333	9955	526	0.99100	4.98948	4.65582		
12:02:34	2000	3000	3333	9955	523	0.99100	4.99025	4.64286		
12:02:44	2000	3000	3333	9955	520	0.99100	4.99028	4.64461		
12:02:54	2000	3000	3333	9955	517	0.99100	4.98984	4.64914		
12:03:04	2000	3000	3333	9955	514	0.99100	4.98926	4.65046		
12:03:14	2000	3000	3333	9955	511	0.99100	4.99039	4.64031		
12:03:24	2000	3000	3333	9955	509	0.99100	4.98965	4.64629		
12:03:34	2000	3000	3333	9955	506	0.99100	4.99066	4.63997		
12:03:44	2000	3000	3333	9955	502	0.99100	4.99043	4.64602		
12:03:54	2000	3000	3333	9955	499	0.99100	4.99009	4.66151		
12:04:04	2000	3000	3333	9955	497	0.99100	4.99038	4.64182		
12:04:14	2000	3000	3333	9955	494	0.99100	4.99022	4.64565		
12:04:24	2000	3000	3333	9955	492	0.99100	4.98996	4.65952		
12:04:34	2000	3000	3333	9955	489	0.99100	4.99011	4.64781		
12:04:44	2000	3000	3333	9955	486	0.99100	4.99038	4.64010		
12:04:54	2000	3000	3333	9955	483	0.99100	4.99078	4.64134		
12:05:04	2000	3000	3333	9955	480	0.99100	4.99013	4.63884		
12:05:14	2000	3000	3333	9955	477	0.99100	4.99032	4.64060		
12:05:24	2000	3000	3333	9955	474	0.99100	4.99052	4.64475		
12:05:34	2000	3000	3333	9955	471	0.99100	4.99088	4.65114		
12:05:44	2000	3000	3333	9955	468	0.99100	4.99061	4.64519		
12:05:54	2000	3000	3333	9955	466	0.99100	4.99077	4.64958		
12:06:04	2000	3000	3333	9955	463	0.99100	4.99101	4.64617		
12:06:14	2000	3000	3333	9955	460	0.99100	4.99093	4.65113		
12:06:24	2000	3000	3333	9955	457	0.99100	4.99177	4.66290		
12:06:34	2000	3000	3333	9955	455	0.99100	4.99048	4.64991		
12:06:44	2000	3000	3333	9955	452	0.99100	4.99108	4.65732		
12:06:54	2000	3000	3333	9955	449	0.99100	4.99109	4.65319		
12:07:04	2000	3000	3333	9955	447	0.99100	4.99107	4.64018		
12:07:14	2000	3000	3333	9955	444	0.99100	4.99140	4.66518		
12:07:24	2000	3000	3333	9955	441	0.99100	4.99097	4.65198		
12:07:34	2000	3000	3333	9955	438	0.99100	4.99141	4.64397		
12:07:44	2000	3000	3333	9955	436	0.99100	4.99115	4.64889		
12:07:54	2000	3000	3333	9955	433	0.99100	4.99097	4.65001		
12:08:04	2000	3000	3333	9955	431	0.99100	4.99112	4.65473		
12:08:14	2000	3000	3333	9955	428	0.99100	4.99086	4.64726		
12:08:24	2000	3000	3333	9955	426	0.99100	4.99111	4.65032		
12:08:34	2000	3000	3333	9955	423	0.99100	4.99128	4.64710		
12:08:44	2000	3000	3333	9955	421	0.99100	4.99155	4.64608		
12:08:54	2000	3000	3333	9955	418	0.99100	4.99101	4.64704		
12:09:04	2000	3000	3333	9955	415	0.99100	4.99131	4.65480		
12:09:14	2000	3000	3333	9955	412	0.99100	4.99172	4.64373		
12:09:24	2000	3000	3333	9955	410	0.99100	4.99168	4.64216		
12:09:34	2000	3000	3333	9955	407	0.99100	4.99148	4.64666		
12:09:44	2000	3000	3333	9955	405	0.99100	4.99164	4.64803		
12:09:54	2000	3000	3333	9955	403	0.99100	4.99194	4.64735		
12:10:04	2000	3000	3333	9955	401	0.99100	4.99165	4.64692		
12:10:14	2000	3000	3333	9955	398	0.99100	4.99172	4.64906		
12:10:24	2000	3000	3333	9955	395	0.99100	4.99191	4.64841		
12:10:34	2000	3000	3333	9955	393	0.99100	4.99222	4.64194		
12:10:44	2000	3000	3333	9955	390	0.99100	4.99180	4.65878		
12:10:54	2000	3000	3333	9955	388	0.99100	4.99176	4.65653		
12:11:04	2000	3000	3333	9955	386	0.99100	4.99229	4.64664		
12:11:14	2000	3000	3333	9955	384	0.99100	4.99218	4.64596		
12:11:24	2000	3000	3333	9955	383	0.99100	4.99152	4.65015		
12:11:34	2000	3000	3333	9955	381	0.99100	4.99179	4.65516		
12:11:44	2000	3000	3333	9955	380	0.99100	4.99255	4.65141		
12:11:54	2000	3000	3333	9955	379	0.99100	4.99230	4.64559		
12:12:04	2000	3000	3333	9955	379	0.99100	4.99216	4.65638		
12:12:14	2000	3000	3333	9955	379	0.99100	4.99209	4.64580		
12:12:24	2000	3000	3333	9955	379	0.99100	4.99220	4.65816		
12:12:34	2000	3000	3333	9955	378	0.99100	4.99182	4.64638		
12:12:44	2000	3000	3333	9955	379	0.99100	4.99210	4.65154		
12:12:54	2000	3000	3333	9955	380	0.99100	4.99186	4.64847		
12:13:04	2000	3000	3333	9955	380	0.99100	4.99212	4.65231		
12:13:14	2000	3000	3333	9955	381	0.99100	4.99178	4.64925		
12:13:24	2000	3000	3333	9955	381	0.99100	4.99233	4.65790		
12:13:34	2000	3000	3333	9955	382	0.99100	4.99311	4.64632		
12:13:44	2000	3000	3333	9955	383	0.99100	4.99243	4.64482		
12:13:54	2000	3000	3333	9955	384	0.99100	4.99220	4.64283		
12:14:04	2000	3000	3333	9955	385	0.99100	4.99188	4.64804		
12:14:14	2000	3000	3333	9955	385	0.99100	4.99294	4.65061		
12:14:24	2000	3000	3333	9955	386	0.99100	4.99277	4.64785		
12:14:34	2000	3000	3333	9955	386	0.99100	4.99252	4.64401		
12:14:44	2000	3000	3333	9955	386	0.99100	4.99240	4.64309		
12:14:54	2000	3000	3333	9955	386	0.99100	4.99330	4.64872		
12:15:04	2000	3000	3333	9955	386	0.99100	4.99327	4.65444		
12:15:14	2000	3000	3333	9955	385	0.99100	4.99324	4.65294		
12:15:24	2000	3000	3333	9955	385	0.99100	4.99317	4.65088		
12:15:34	2000	3000	3333	9955	384	0.99100	4.99232	4.64994		
12:15:44	2000	3000	3333	9955	383	0.99100	4.99327	4.64821		
12:15:54	2000	3000	3333	9955	382	0.99100	4.99320	4.64643		
12:16:04	2000	3000	3333	9955	381	0.99100	4.99207	4.64461		
12:16:14	2000	3000	3333	9955	379	0.99100	4.99372	4.65125		
12:16:24	2000	3000	3333	9955	378	0.99100	4.99289	4.65377		
12:16:34	2000	3000	3333	9955	377	0.99100	4.99239	4.64586		
12:16:44	2000	3000	3333	9955	375	0.99100	4.99303	4.64240		
12:16:54	2000	3000	3333	9955	374	0.99100	4.99293	4.64746		
12:17:04	2000	3000	3333	9955	373	0.99100	4.99371	4.66014		
12:17:14	2000	3000	3333	9955	371	0.99100	4.99374	4.66418		
12:17:24	2000	3000	3333	9955	370	0.99100	4.99397	4.65068		
12:17:34	2000	3000	3333	9955	368	0.99100	4.99413	4.65508		
12:17:44	2000	3000	3333	9955	366	0.99100	4.99423	4.65227		
12:17:54	2000	3000	3333	9955	363	0.99100	4.99375	4.64630		
12:18:04	2000	3000	3333	9955	361	0.99100	4.99226	4.66625		
12:18:14	2000	3000	3333	9955	358	0.99100	4.99362	4.65048		
12:18:24	2000	3000	3333	9955	355	0.99100	4.99395	4.64987		
12:18:34	2000	3000	3333	9955	353	0.99100	4.99366	4.64467		
12:18:44	2000	3000	3333	9955	350	0.99100	4.99369	4.64998		
12:18:54	2000	3000	3333	9955	346	0.99100	4.99376	4.65019		
12:19:04	2000	3000	3333	9955	343	0.99100	4.99387	4.64954		
12:19:14	2000	3000	3333	9955	339	0.99100	4.99366	4.64908		
12:19:24	2000	3000	3333	9955	335	0.99100	4.99368	4.64812		
12:19:34	2000	3000	3333	9955	330	0.99100	4.99389	4.64963		
12:19:44	2000	3000	3333	9955	326	0.99100	4.99377	4.66006		
12:19:54	2000	3000	3333	9955	321	0.99100	4.99398	4.64870		
12:20:04	2000	3000	3333	9955	316	0.99100	4.99383	4.65064		
12:20:14	2000	3000	3333	9955	311	0.99100	4.99316	4.64700		
12:20:24	2000	3000	3333	9955	305	0.99100	4.99324	4.65371		
12:20:34	2000	3000	3333	9955	299	0.99100	4.99376	4.65320		
12:20:44	2000	3000	3333	9955	293	0.99100	4.99348	4.65472		
12:20:54	2000	3000	3333	9955	287	0.99100	4.99381	4.64856		
12:21:04	2000	3000	3333	9955	281	0.99100	4.99338	4.64582		
12:21:14	2000	3000	3333	9955	274	0.99100	4.99381	4.65030		
12:21:24	2000	3000	3333	9955	267	0.99100	4.99393	4.65023		
12:21:34	2000	3000	3333	9955	260	0.99100	4.99394	4.65891		
12:21:44	2000	3000	3333	9955	252	0.99100	4.99415	4.65155		
12:21:54	2000	3000	3333	9955	245	0.99100	4.99342	4.64728		
12:22:04	2000	3000	3333	9955	238	0.99100	4.99382	4.66455		
12:22:14	2000	3000	3333	9955	232	0.99100	4.99435	4.64440		
12:22:24	2000	3000	3333	9955	226	0.99100	4.99404	4.64725		
12:22:34	2000	3000	3333	9955	221	0.99100	4.99357	4.65550		
12:22:44	2000	3000	3333	9955	216	0.99100	4.99379	4.65260		
12:22:54	2000	3000	3333	9955	211	0.99100	4.99420	4.65789		
12:23:04	2000	3000	3333	9955	206	0.99100	4.99467	4.65589		
12:23:14	2000	3000	3333	9955	201	0.99100	4.99427	4.66117		
12:23:24	2000	3000	3333	9955	197	0.99100	4.99429	4.66542		
12:23:34	2000	3000	3333	9955	193	0.99100	4.99405	4.65431		
12:23:44	2000	3000	3333	9955	188	0.99100	4.99441	4.65678		
12:23:54	2000	3000	3333	9955	184	0.99100	4.99393	4.65985		
12:24:04	2000	3000	3333	9955	179	0.99100	4.99385	4.65686		
12:24:14	2000	3000	3333	9955	174	0.99100	4.99429	4.64444		
12:24:24	2000	3000	3333	9955	169	0.99100	4.99395	4.66021		
12:24:34	2000	3000	3333	9955	164	0.99100	4.99485	4.66528		
12:24:44	2000	3000	3333	9955	160	0.99100	4.99435	4.65410		
12:24:54	2000	3000	3333	9955	155	0.99100	4.99401	4.65202		
12:25:04	2000	3000	3333	9955	151	0.99100	4.99412	4.66066		
12:25:14	2000	3000	3333	9955	147	0.99100	4.99482	4.65575		
12:25:24	2000	3000	3333	9955	142	0.99100	4.99446	4.65204		
12:25:34	2000	3000	3333	9955	138	0.99100	4.99434	4.63806		
12:25:44	2000	3000	3333	9955	134	0.99100	4.99451	4.64881		
12:25:54	2000	3000	3333	9955	130	0.99100	4.99419	4.64678		
12:26:04	2000	3000	3333	9955	126	0.99100	4.99374	4.65157		
12:26:14	2000	3000	3333	9955	122	0.99100	4.99467	4.64305		
12:26:24	2000	3000	3333	9955	118	0.99100	4.99499	4.65498		
12:26:34	2000	3000	3333	9955	114	0.99100	4.99473	4.65464		
12:26:44	2000	3000	3333	9955	110	0.99100	4.99412	4.64645		
12:26:54	2000	3000	3333	9955	106	0.99100	4.99427	4.66292		
12:27:04	2000	3000	3333	9955	103	0.99100	4.99439	4.65257		
12:27:14	2000	3000	3333	9955	98	0.99100	4.99412	4.64870		
12:27:24	2000	3000	3333	9955	94	0.99100	4.99441	4.65706		
12:27:34	2000	3000	3333	9955	90	0.99100	4.99428	4.64578		
12:27:44	2000	3000	3333	9955	86	0.99100	4.99472	4.64734		
12:27:54	2000	3000	3333	9955	82	0.99100	4.99463	4.64749		
12:28:04	2000	3000	3333	9735	78	0.99080	4.99440	4.63650		
12:28:14	2000	3000	3333	9955	75	0.99100	4.99459	4.65824		
12:28:24	2000	3000	3333	9955	71	0.99100	4.99399	4.65362		
12:28:34	2000	3000	3333	9955	69	0.99100	4.99456	4.64733		
12:28:44	2000	3000	3333	9955	66	0.99100	4.99474	4.65786		
12:28:54	2000	3000	3333	9955	63	0.99100	4.99475	4.64295		
12:29:04	2000	3000	3333	9955	61	0.99100	4.99433	4.65115		
12:29:14	2000	3000	3333	9955	59	0.99100	4.99490	4.65350		
12:29:24	2000	3000	3333	9955	57	0.99100	4.99465	4.65837		
12:29:34	2000	3000	3333	9955	55	0.99100	4.99453	4.64841		
12:29:44	2000	3000	3333	9955	53	0.99100	4.99450	4.66304		
12:29:54	2000	3000	3333	9955	52	0.99100	4.99523	4.66957		
12:30:04	2000	3000	3333	9955	50	0.99100	4.99552	4.66234		
12:30:14	2000	3000	3333	9955	48	0.99100	4.99584	4.65804		
12:30:24	2000	3000	3333	9955	47	0.99100	4.99479	4.65422		
12:30:34	2000	3000	3333	9955	45	0.99100	4.99528	4.65912		
12:30:44	2000	3000	3333	9955	43	0.99100	4.99479	4.64823		
12:30:54	2000	3000	3333	9955	42	0.99100	4.99458	4.64827		
12:31:04	2000	3000	3333	9955	40	0.99100	4.99473	4.65456		
12:31:14	2000	3000	3333	9955	39	0.99100	4.99588	4.65335		
12:31:24	2000	3000	3333	9955	37	0.99100	4.99456	4.65208		
12:31:34	2000	3000	3333	9955	36	0.99100	4.99589	4.64818		
12:31:44	2000	3000	3333	9955	35	0.99100	4.99574	4.64684		
12:31:54	2000	3000	3333	9955	33	0.99100	4.99502	4.65986		
12:32:04	2000	3000	3333	9955	32	0.99100	4.99545	4.65042		
12:32:14	2000	3000	3333	9955	31	0.99100	4.99575	4.65356		
12:32:24	2000	3000	3333	9955	30	0.99100	4.99572	4.65312		
12:32:34	2000	3000	3333	9955	28	0.99100	4.99593	4.64557		
12:32:44	2000	3000	3333	9955	27	0.99100	4.99582	4.65588		
12:32:54	2000	3000	3333	9955	26	0.99100	4.99594	4.64824		
12:33:04	2000	3000	3333	9955	25	0.99100	4.99596	4.64573		
12:33:14	2000	3000	3333	9955	24	0.99100	4.99560	4.64876		
12:33:24	2000	3000	3333	9955	23	0.99100	4.99618	4.65228		
12:33:34	2000	3000	3333	9955	22	0.99100	4.99508	4.65743		
12:33:44	2000	3000	3333	9955	22	0.99100	4.99467	4.66128		
12:33:54	2000	3000	3333	9955	21	0.99100	4.99491	4.65759		
12:34:04	2000	3000	3333	9955	20	0.99100	4.99559	4.66004		
12:34:14	2000	3000	3333	9955	19	0.99100	4.99558	4.65107		
12:34:24	2000	3000	3333	9955	18	0.99100	4.99583	4.64545		
12:34:34	2000	3000	3333	9955	17	0.99100	4.99567	4.64253		
12:34:44	2000	3000	3333	9955	16	0.99100	4.99592	4.64662		
12:34:54	2000	3000	3333	9955	15	0.99100	4.99607	4.64314		
12:35:04	2000	3000	3333	9955	15	0.99100	4.99587	4.64553		
12:35:14	2000	3000	3333	9955	14	0.99100	4.99624	4.64559		
12:35:24	2000	3000	3333	9955	14	0.99100	4.99558	4.64181		
12:35:34	2000	3000	3333	9955	13	0.99100	4.99630	4.64833		
12:35:44	2000	3000	3333	9955	12	0.99100	4.99610	4.64341		
12:35:54	2000	3000	3333	9955	12	0.99100	4.99641	4.64764		
12:36:04	2000	3000	3333	9955	11	0.99100	4.99611	4.65121		
12:36:14	2000	3000	3333	9955	11	0.99100	4.99648	4.64933		
12:36:24	2000	3000	3333	9955	10	0.99100	4.99605	4.64890		
12:36:34	2000	3000	3333	9955	10	0.99100	4.99583	4.64758		
12:36:44	2000	3000	3333	9955	9	0.99100	4.99596	4.64335		
12:36:54	2000	3000	3333	9955	9	0.99100	4.99612	4.64436		
12:37:04	2000	3000	3333	9955	8	0.99100	4.99631	4.64248		
12:37:14	2000	3000	3333	9955	8	0.99100	4.99606	4.64155		
12:37:24	2000	3000	3333	9955	8	0.99100	4.99608	4.64840		
12:37:34	2000	3000	3333	9955	7	0.99100	4.99608	4.63981		
12:37:44	2000	3000	3333	9955	7	0.99100	4.99604	4.64519		
12:37:54	2000	3000	3333	9955	6	0.99100	4.99632	4.65016		
12:38:04	2000	3000	3333	9955	6	0.99100	4.99578	4.64698		
12:38:14	2000	3000	3333	8915	5	0.98996	4.99632	4.63396		
12:38:24	2000	3000	3333	9955	5	0.99100	4.99651	4.64469		
12:38:34	2000	3000	3333	9955	5	0.99100	4.99671	4.64570		
12:38:44	2000	3000	3333	9955	4	0.99100	4.99634	4.65403		
12:38:54	2000	3000	3333	9955	4	0.99100	4.99674	4.65967		
12:39:04	2000	3000	3333	9955	3	0.99100	4.99638	4.64963		
12:39:14	2000	3000	3333	9955	3	0.99100	4.99667	4.64312		
12:39:24	2000	3000	3333	9955	3	0.99100	4.99608	4.65434		
12:39:34	2000	3000	3333	9955	2	0.99100	4.99663	4.65288		
12:39:44	2000	3000	3333	9955	2	0.99100	4.99682	4.64268		
12:39:54	2000	3000	3333	9955	2	0.99100	4.99686	4.65216		
12:40:04	2000	3000	3333	9955	2	0.99100	4.99637	4.64912		
12:40:14	2000	3000	3333	9955	2	0.99100	4.99641	4.65995		
12:40:24	2000	3000	3333	9955	2	0.99100	4.99693	4.65270		
12:40:34	2000	3000	3333	9955	2	0.99100	4.99695	4.65517		
12:40:44	2000	3000	3333	9955	2	0.99100	4.99719	4.65925		
12:40:54	2000	3000	3333	9955	2	0.99100	4.99717	4.64833		
12:41:04	2000	3000	3333	9955	2	0.99100	4.99707	4.64580		
12:41:14	2000	3000	3333	9955	2	0.99100	4.99666	4.64569		
12:41:24	2000	3000	3333	9955	2	0.99100	4.99724	4.65104		
12:41:34	2000	3000	3333	9955	2	0.99100	4.99663	4.65458		
12:41:44	2000	3000	3333	9955	2	0.99100	4.99652	4.64913		
12:41:54	2000	3000	3333	9955	2	0.99100	4.99703	4.65493		
12:42:04	2000	3000	3333	9955	2	0.99100	4.99695	4.64474		
12:42:14	2000	3000	3333	9193	2	0.99026	4.99732	4.63644		
12:42:24	2000	3000	3333	9955	2	0.99100	4.99753	4.64395		
12:42:34	2000	3000	3333	9765	2	0.99083	4.99715	4.63920		
12:42:44	2000	3000	3333	9066	2	0.99012	4.99758	4.63598		
12:42:54	2000	3000	3333	9955	2	0.99100	4.99731	4.64192		
12:43:04	2000	3000	3333	9955	2	0.99100	4.99738	4.64421		
12:43:14	2000	3000	3333	9955	2	0.99100	4.99765	4.64138		
12:43:24	2000	3000	3333	8711	2	0.98972	4.99832	4.63461		
12:43:34	2000	3000	3333	9955	2	0.99100	4.99819	4.64374		
12:43:44	2000	3000	3333	8558	2	0.98954	4.99727	4.63270		
12:43:54	2000	3000	3333	9955	2	0.99100	4.99817	4.64410		
12:44:04	2000	3000	3333	9741	2	0.99080	4.99874	4.64056		
12:44:14	2000	3000	3333	9955	2	0.99100	4.99728	4.64130		
12:44:24	2000	3000	3333	9955	2	0.99100	4.99852	4.65525		
12:44:34	2000	3000	3333	9955	2	0.99100	4.99862	4.64322		
12:44:44	2000	3000	3333	9277	2	0.99035	4.99858	4.63806		
12:44:54	2000	3000	3333	9955	2	0.99100	4.99827	4.64367		
12:45:04	2000	3000	3333	9878	2	0.99093	4.99751	4.64007		
12:45:14	2000	3000	3333	9682	2	0.99075	4.99838	4.63994		
12:45:24	2000	3000	3333	9955	2	0.99100	4.99878	4.65339		
12:45:34	2000	3000	3333	9955	2	0.99100	4.99837	4.64176		
12:45:44	2000	3000	3333	9894	2	0.99094	4.99839	4.64096		
12:45:54	2000	3000	3333	9358	2	0.99043	4.99840	4.63832		
12:46:04	2000	3000	3333	9955	2	0.99100	4.99755	4.64866		
12:46:14	2000	3000	3333	9955	2	0.99100	4.99894	4.64279		
12:46:24	2000	3000	3333	8851	2	0.98988	4.99865	4.63575		
12:46:34	2000	3000	3333	9615	2	0.99068	4.99780	4.63907		
12:46:44	2000	3000	3333	8894	2	0.98993	4.99874	4.63608		
12:46:54	2000	3000	3333	9955	2	0.99100	4.99828	4.64780		
12:47:04	2000	3000	3333	9955	2	0.99100	4.99874	4.64727		
12:47:14	2000	3000	3333	8384	2	0.98932	4.99882	4.63303		
12:47:24	2000	3000	3333	9126	2	0.99019	4.99905	4.63768		
12:47:34	2000	3000	3333	9692	2	0.99076	4.99850	4.64010		
12:47:44	2000	3000	3333	9175	2	0.99024	4.99884	4.63775		
12:47:54	2000	3000	3333	9166	2	0.99023	4.99860	4.63748		
12:48:04	2000	3000	3333	8685	2	0.98969	4.99836	4.63449		
12:48:14	2000	3000	3333	9114	2	0.99017	4.99878	4.63736		
12:48:24	2000	3000	3333	9563	2	0.99063	4.99891	4.63984		
12:48:34	2000	3000	3333	9660	2	0.99073	4.99894	4.64035		
12:48:44	2000	3000	3333	8872	2	0.98991	4.99868	4.63590		
12:48:54	2000	3000	3333	8688	2	0.98969	4.99861	4.63474		
12:49:04	2000	3000	3333	9342	2	0.99041	4.99849	4.63832		
12:49:14	2000	3000	3333	9945	2	0.99099	4.99935	4.64209		
12:49:24	2000	3000	3333	9955	2	0.99100	4.99895	4.64600		
12:49:34	2000	3000	3333	9955	2	0.99100	4.99876	4.64221		
12:49:44	2000	3000	3333	8161	2	0.98903	4.99890	4.63161		
12:49:54	2000	3000	3333	8137	2	0.98900	4.99871	4.63127		
12:50:04	2000	3000	3333	8153	2	0.98902	4.99902	4.63167		
12:50:14	2000	3000	3333	9732	2	0.99079	4.99869	4.64047		
12:50:24	2000	3000	3333	9955	2	0.99100	4.99923	4.65080		
12:50:34	2000	3000	3333	9955	2	0.99100	4.99913	4.64534		
12:50:44	2000	3000	3333	7717	2	0.98840	4.99952	4.62896		
12:50:54	2000	3000	3333	9816	2	0.99087	4.99913	4.64128		
12:51:04	2000	3000	3333	8639	2	0.98964	4.99932	4.63510		
12:51:14	2000	3000	3333	9955	2	0.99100	4.99934	4.64515		
12:51:24	2000	3000	3333	9955	2	0.99100	4.99925	4.64885		
12:51:34	2000	3000	3333	9955	2	0.99100	4.99933	4.64263		
12:51:44	2000	3000	3333	9955	2	0.99100	4.99930	4.64247		
12:51:54	2000	3000	3333	9955	2	0.99100	4.99955	4.64733		
12:52:04	2000	3000	3333	9713	2	0.99078	4.99933	4.64097		
12:52:14	2000	3000	3333	9189	2	0.99025	4.99935	4.63830		
12:52:24	2000	3000	3333	9070	2	0.99013	4.99972	4.63799		
12:52:34	2000	3000	3333	9096	2	0.99015	4.99940	4.63784		
12:52:44	2000	3000	3333	9169	2	0.99023	4.99913	4.63799		
12:52:54	2000	3000	3333	9057	2	0.99011	5.00011	4.63828		
12:53:04	2000	3000	3333	9273	2	0.99034	4.99979	4.63916		
12:53:14	2000	3000	3333	9316	2	0.99039	4.99918	4.63882		
12:53:24	2000	3000	3333	9281	2	0.99035	5.00012	4.63951		
12:53:34	2000	3000	3333	9491	2	0.99056	4.99961	4.64013		
12:53:44	2000	3000	3333	9097	2	0.99015	4.99955	4.63798		
12:53:54	2000	3000	3333	9448	2	0.99052	5.00045	4.64069		
12:54:04	2000	3000	3333	9611	2	0.99068	5.00003	4.64112		
12:54:14	2000	3000	3333	9955	2	0.99100	4.99967	4.64256		
12:54:24	2000	3000	3333	9418	2	0.99049	4.99983	4.63996		
12:54:34	2000	3000	3333	9955	2	0.99100	4.99988	4.65290		
12:54:44	2000	3000	3333	8565	2	0.98955	4.99991	4.63519		
12:54:54	2000	3000	3333	9955	2	0.99100	4.99990	4.65515		
12:55:04	2000	3000	3333	9955	2	0.99100	5.00017	4.64512		
12:55:14	2000	3000	3333	8404	2	0.98935	4.99983	4.63409		
12:55:24	2000	3000	3333	9275	2	0.99034	4.99983	4.63921		
12:55:34	2000	3000	3333	9955	2	0.99100	4.99929	4.64289		
12:55:44	2000	3000	3333	9955	2	0.99100	4.99924	4.65375		
12:55:54	2000	3000	3333	9132	2	0.99019	4.99978	4.63839		
12:56:04	2000	3000	3333	9180	2	0.99024	4.99922	4.63813		
12:56:14	2000	3000	3333	8694	2	0.98970	4.99980	4.63588		
12:56:24	2000	3000	3333	8809	2	0.98984	5.00062	4.63733		
12:56:34	2000	3000	3333	9955	2	0.99100	4.99984	4.64310		
12:56:44	2000	3000	3333	9292	2	0.99036	4.99970	4.63918		
12:56:54	2000	3000	3333	9215	2	0.99028	5.00022	4.63925		
12:57:04	2000	3000	3333	9025	2	0.99008	4.99999	4.63799		
12:57:14	2000	3000	3333	9955	2	0.99100	4.99968	4.64563		
12:57:24	2000	3000	3333	9071	2	0.99013	4.99981	4.63808		
12:57:34	2000	3000	3333	8228	2	0.98912	5.00040	4.63346		
12:57:44	2000	3000	3333	9376	2	0.99045	4.99969	4.63961		
12:57:54	2000	3000	3333	8588	2	0.98958	5.00065	4.63602		
12:58:04	2000	3000	3333	9955	2	0.99100	4.99981	4.64662		
12:58:14	2000	3000	3333	9147	2	0.99021	4.99950	4.63821		
12:58:24	2000	3000	3333	9707	2	0.99077	4.99966	4.64125		
12:58:34	2000	3000	3333	9955	2	0.99100	4.99955	4.64666		
12:58:44	2000	3000	3333	9955	2	0.99100	4.99991	4.64793		
12:58:54	2000	3000	3333	9955	2	0.99100	4.99977	4.65142		
12:59:04	2000	3000	3333	9955	2	0.99100	4.99942	4.64578		
12:59:14	2000	3000	3333	9955	2	0.99100	4.99978	4.64377		
12:59:24	2000	3000	3333	9955	2	0.99100	4.99928	4.66039		
12:59:34	2000	3000	3333	9955	2	0.99100	4.99972	4.65046		
12:59:44	2000	3000	3333	9719	2	0.99078	4.99933	4.64100		
12:59:54	2000	3000	3333	9955	2	0.99100	5.00042	4.64315		
13:00:04	2000	3000	3333	8277	2	0.98919	4.99954	4.63299		
13:00:14	2000	3000	3333	8274	2	0.98918	5.00018	4.63356		
13:00:24	2000	3000	3333	9581	2	0.99065	4.99908	4.64009		
13:00:34	2000	3000	3333	9955	2	0.99100	4.99953	4.64866		
13:00:44	2000	3000	3333	9955	2	0.99100	4.99963	4.64887		
13:00:54	2000	3000	3333	9386	2	0.99046	4.99945	4.63944		
13:01:04	2000	3000	3333	9784	2	0.99084	4.99912	4.64112		
13:01:14	2000	3000	3333	9955	2	0.99100	4.99989	4.64514		
13:01:24	2000	3000	3333	9955	2	0.99100	4.99871	4.64837		
13:01:34	2000	3000	3333	9955	2	0.99100	4.99991	4.64419		
13:01:44	2000	3000	3333	9955	2	0.99100	4.99949	4.64583		
13:01:54	2000	3000	3333	9955	2	0.99100	4.99974	4.64597		
13:02:04	2000	3000	3333	9713	2	0.99078	4.99947	4.64110		
13:02:14	2000	3000	3333	9314	2	0.99038	5.00001	4.63958		
13:02:24	2000	3000	3333	9955	2	0.99100	4.99935	4.64618		
13:02:34	2000	3000	3333	8634	2	0.98963	4.99998	4.63568		
13:02:44	2000	3000	3333	9822	2	0.99088	4.99980	4.64193		
13:02:54	2000	3000	3333	9955	2	0.99100	5.00009	4.65052		
13:03:04	2000	3000	3333	9678	2	0.99074	5.00113	4.64247		
13:03:14	2000	3000	3333	9955	2	0.99100	4.99981	4.64388		
13:03:24	2000	3000	3333	9955	2	0.99100	4.99940	4.64319		
13:03:34	2000	3000	3333	9955	2	0.99100	5.00034	4.64365		
13:03:44	2000	3000	3333	9955	2	0.99100	5.00034	4.64365		
13:03:54	2000	3000	3333	9955	2	0.99100	5.00034	4.64365		


			DELHI AIRPORT : 30 m Base line


Time	RVR	 MOR	RVR	MOR	BLM	Trf	 Ref(v)	PD(v)
	(limited)	(limited)	(actual)	(actual)

