

			DELHI AIRPORT : 30 m Base line


Time	RVR	 MOR	RVR	MOR	BLM	Trf	 Ref(v)	PD(v)
	(limited)	(limited)	(actual)	(actual)

01:30:55	2000	3000	3333	9955	1653	0.99100	1.10846	2.76084		
01:31:05	2000	3000	3333	9955	1659	0.99100	1.10845	2.77032		
01:31:15	2000	3000	3333	9955	1661	0.99100	1.10843	2.77359		
01:31:25	2000	3000	3333	9955	1661	0.99100	1.10843	2.77359		
01:33:45	2000	3000	3333	9955	1565	0.99100	1.10846	2.68209		
01:33:55	2000	3000	3333	9955	1557	0.99100	1.10839	2.72360		
01:34:05	2000	3000	3333	9955	1550	0.99100	1.10837	2.73710		
01:34:15	2000	3000	3333	9955	1543	0.99100	1.10839	2.72225		
01:34:25	2000	3000	3333	9955	1543	0.99100	1.10839	2.72225		
01:34:35	2000	3000	3333	9955	1530	0.99100	1.10842	2.69240		
01:34:45	2000	3000	3333	9955	1526	0.99100	1.10839	2.64258		
01:34:55	2000	3000	3333	9955	1522	0.99100	1.10835	2.67624		
01:35:05	2000	3000	3333	9955	1519	0.99100	1.10832	2.70583		
01:35:15	2000	3000	3333	9955	1515	0.99100	1.10832	2.70515		
01:35:25	2000	3000	3333	9955	1515	0.99100	1.10832	2.70515		
01:35:35	2000	3000	3333	9955	1506	0.99100	1.10833	2.72974		
01:35:45	2000	3000	3333	9955	1503	0.99100	1.10833	2.71839		
01:35:55	2000	3000	3333	9955	1501	0.99100	1.10834	2.72897		
01:36:05	2000	3000	3333	9955	1499	0.99100	1.10840	2.73048		
01:36:15	2000	3000	3333	9955	1496	0.99100	1.10840	2.72468		
01:36:25	2000	3000	3333	9955	1495	0.99100	1.10837	2.70906		
01:36:35	2000	3000	3333	9955	1495	0.99100	1.10837	2.70906		
01:36:45	2000	3000	3333	9955	1491	0.99100	1.10837	2.72595		
01:36:55	2000	3000	3333	9955	1488	0.99100	1.10840	2.71153		
01:37:05	2000	3000	3333	9955	1486	0.99100	1.10840	2.72405		
01:37:15	2000	3000	3333	9955	1485	0.99100	1.10847	2.72266		
01:37:25	2000	3000	3333	9955	1484	0.99100	1.10847	2.71887		
01:37:35	2000	3000	3333	9955	1482	0.99100	1.10849	2.70382		
01:37:45	2000	3000	3333	9955	1480	0.99100	1.10847	2.71270		
01:37:55	2000	3000	3333	9955	1477	0.99100	1.10850	2.72718		
01:38:05	2000	3000	3333	9955	1477	0.99100	1.10850	2.72718		
01:38:15	2000	3000	3333	9955	1470	0.99100	1.10849	2.71401		
01:38:25	2000	3000	3333	9955	1466	0.99100	1.10844	2.71495		
01:38:35	2000	3000	3333	9955	1462	0.99100	1.10845	2.72053		
01:38:45	2000	3000	3333	9955	1458	0.99100	1.10848	2.70042		
01:38:55	2000	3000	3333	9955	1454	0.99100	1.10841	2.70707		
01:39:05	2000	3000	3333	9955	1451	0.99100	1.10838	2.70674		
01:39:15	2000	3000	3333	9955	1447	0.99100	1.10838	2.70602		
01:39:25	2000	3000	3333	9955	1444	0.99100	1.10836	2.70932		
01:39:35	2000	3000	3333	9955	1444	0.99100	1.10836	2.70932		
01:39:45	2000	3000	3333	9955	1437	0.99100	1.10838	2.69442		
01:39:55	2000	3000	3333	9955	1433	0.99100	1.10839	2.68807		
01:40:05	2000	3000	3333	9955	1433	0.99100	1.10839	2.68807		
01:40:15	2000	3000	3333	9955	1425	0.99100	1.10837	2.70074		
01:40:25	2000	3000	3333	9955	1421	0.99100	1.10834	2.68296		
01:40:35	2000	3000	3333	9955	1418	0.99100	1.10830	2.71188		
01:40:45	2000	3000	3333	9955	1414	0.99100	1.10829	2.71351		
01:40:55	2000	3000	3333	9955	1410	0.99100	1.10825	2.69080		
01:41:05	2000	3000	3333	9955	1410	0.99100	1.10825	2.69080		
01:41:25	2000	3000	3333	9955	1394	0.99100	1.10822	2.66501		
01:41:35	2000	3000	3333	9955	1389	0.99100	1.10817	2.69544		
01:41:45	2000	3000	3333	9955	1389	0.99100	1.10817	2.69544		
01:41:55	2000	3000	3333	9955	1377	0.99100	1.10821	2.69011		
01:42:05	2000	3000	3333	9955	1371	0.99100	1.10821	2.68176		
01:42:15	2000	3000	3333	9955	1365	0.99100	1.10818	2.70084		
01:42:25	2000	3000	3333	9955	1358	0.99100	1.10817	2.67060		
01:42:35	2000	3000	3333	9955	1358	0.99100	1.10817	2.67060		
02:44:56	2000	3000	3333	9955	4088	0.99100	1.10766	2.70385		
02:45:06	2000	3000	3333	9955	4122	0.99100	1.10769	2.69943		
02:45:16	2000	3000	3333	9955	4147	0.99100	1.10773	2.70902		
02:45:26	2000	3000	3333	9955	4171	0.99100	1.10768	2.72698		
02:45:36	2000	3000	3333	9955	4190	0.99100	1.10769	2.72255		
02:45:46	2000	3000	3333	9955	4203	0.99100	1.10771	2.70680		
02:45:56	2000	3000	3333	9955	4217	0.99100	1.10772	2.71980		
02:46:06	2000	3000	3333	9955	4229	0.99100	1.10773	2.73288		
02:46:16	2000	3000	3333	9955	4239	0.99100	1.10772	2.73365		
02:46:26	2000	3000	3333	9955	4245	0.99100	1.10774	2.72678		
02:46:36	2000	3000	3333	9955	4247	0.99100	1.10773	2.72214		
02:46:46	2000	3000	3333	9955	4246	0.99100	1.10771	2.72006		
02:46:56	2000	3000	3333	9955	4242	0.99100	1.10774	2.70393		
02:47:06	2000	3000	3333	9955	4232	0.99100	1.10770	2.73370		
02:47:16	2000	3000	3333	9955	4220	0.99100	1.10772	2.73591		
02:47:26	2000	3000	3333	9955	4206	0.99100	1.10775	2.72931		
02:47:36	2000	3000	3333	9955	4190	0.99100	1.10772	2.74230		
02:47:46	2000	3000	3333	9955	4177	0.99100	1.10779	2.73608		
02:47:56	2000	3000	3333	9955	4177	0.99100	1.10779	2.73608		
02:48:16	2000	3000	3333	9955	4138	0.99100	1.10775	2.72572		
02:48:26	2000	3000	3333	9955	4124	0.99100	1.10780	2.73598		
02:48:36	2000	3000	3333	9955	4107	0.99100	1.10775	2.74139		
02:48:46	2000	3000	3333	9955	4081	0.99100	1.10777	2.72574		
02:48:56	2000	3000	3333	9955	4049	0.99100	1.10774	2.73482		
02:49:06	2000	3000	3333	9955	4012	0.99100	1.10780	2.72686		
02:49:16	2000	3000	3333	9955	3977	0.99100	1.10778	2.75110		
02:49:26	2000	3000	3333	9955	3938	0.99100	1.10783	2.61395		
02:49:36	2000	3000	3333	9955	3898	0.99100	1.10783	2.73932		
02:49:46	2000	3000	3333	9955	3856	0.99100	1.10787	2.74557		
02:49:56	2000	3000	3333	9955	3810	0.99100	1.10781	2.73685		
02:50:06	2000	3000	3333	9955	3766	0.99100	1.10779	2.73503		
02:50:16	2000	3000	3333	9955	3720	0.99100	1.10784	2.72895		
02:50:26	2000	3000	3333	9955	3720	0.99100	1.10784	2.72895		
