

			DELHI AIRPORT : 30 m Base line


Time	RVR	 MOR	RVR	MOR	BLM	Trf	 Ref(v)	PD(v)
	(limited)	(limited)	(actual)	(actual)

21:19:29	2000	3000	3333	9955	2	0.99100	1.11248	2.72847		
21:19:39	2000	3000	3333	9955	2	0.99100	1.11254	2.71926		
21:19:49	2000	3000	3333	9955	2	0.99100	1.11254	2.71926		
21:19:59	2000	3000	3333	9955	2	0.99100	1.11254	2.71926		
21:20:59	2000	3000	3333	9955	2	0.99100	1.11268	2.72402		
21:21:09	2000	3000	3333	9955	2	0.99100	1.11270	2.71567		
21:21:19	2000	3000	3333	9955	2	0.99100	1.11264	2.73112		
21:21:29	2000	3000	3333	9955	2	0.99100	1.11263	2.73708		
21:21:39	2000	3000	3333	9955	2	0.99100	1.11262	2.74252		
21:21:49	2000	3000	3333	9955	2	0.99100	1.11255	2.73232		
21:21:59	2000	3000	3333	9955	2	0.99100	1.11251	2.72750		
21:22:09	2000	3000	3333	9955	2	0.99100	1.11251	2.73531		
21:22:19	2000	3000	3333	9955	2	0.99100	1.11253	2.72618		
21:22:29	2000	3000	3333	9955	2	0.99100	1.11250	2.73085		
21:22:39	2000	3000	3333	9955	2	0.99100	1.11251	2.72086		
21:22:49	2000	3000	3333	9955	2	0.99100	1.11249	2.72144		
21:22:59	2000	3000	3333	9955	2	0.99100	1.11241	2.73261		
21:23:09	2000	3000	3333	9955	2	0.99100	1.11244	2.74023		
21:23:19	2000	3000	3333	9955	2	0.99100	1.11235	2.74631		
21:23:29	2000	3000	3333	9955	2	0.99100	1.11235	2.72609		
21:23:39	2000	3000	3333	9955	2	0.99100	1.11233	2.73208		
21:23:49	2000	3000	3333	9955	2	0.99100	1.11233	2.73357		
21:23:59	2000	3000	3333	9955	2	0.99100	1.11231	2.73738		
21:24:09	2000	3000	3333	9955	2	0.99100	1.11231	2.72343		
21:24:19	2000	3000	3333	9955	2	0.99100	1.11228	2.72452		
21:24:29	2000	3000	3333	9955	2	0.99100	1.11223	2.72788		
21:24:39	2000	3000	3333	9955	2	0.99100	1.11219	2.72710		
21:24:49	2000	3000	3333	9955	2	0.99100	1.11222	2.72328		
21:24:59	2000	3000	3333	9955	2	0.99100	1.11221	2.73892		
21:25:09	2000	3000	3333	9955	2	0.99100	1.11221	2.73147		
21:25:19	2000	3000	3333	9955	2	0.99100	1.11216	2.72497		
21:25:29	2000	3000	3333	9955	2	0.99100	1.11218	2.72412		
21:25:39	2000	3000	3333	9955	2	0.99100	1.11221	2.72901		
21:25:49	2000	3000	3333	9955	2	0.99100	1.11221	2.73215		
21:25:59	2000	3000	3333	9955	2	0.99100	1.11220	2.73339		
21:26:09	2000	3000	3333	9955	2	0.99100	1.11221	2.73963		
21:26:19	2000	3000	3333	9955	2	0.99100	1.11224	2.73488		
21:26:29	2000	3000	3333	9955	2	0.99100	1.11221	2.73771		
21:26:39	2000	3000	3333	9955	2	0.99100	1.11218	2.74327		
21:26:49	2000	3000	3333	9955	2	0.99100	1.11214	2.73396		
21:26:59	2000	3000	3333	9955	2	0.99100	1.11215	2.73622		
21:27:09	2000	3000	3333	9955	2	0.99100	1.11216	2.72974		
21:27:19	2000	3000	3333	9955	2	0.99100	1.11212	2.73239		
21:27:29	2000	3000	3333	9955	2	0.99100	1.11208	2.73999		
21:27:39	2000	3000	3333	9955	2	0.99100	1.11207	2.74496		
21:27:49	2000	3000	3333	9955	2	0.99100	1.11209	2.74097		
21:27:59	2000	3000	3333	9955	2	0.99100	1.11210	2.72967		
21:28:09	2000	3000	3333	9955	2	0.99100	1.11216	2.71770		
21:28:19	2000	3000	3333	9955	2	0.99100	1.11213	2.74791		
21:28:29	2000	3000	3333	9955	2	0.99100	1.11211	2.73556		
21:28:39	2000	3000	3333	9955	2	0.99100	1.11204	2.73739		
21:28:49	2000	3000	3333	9955	2	0.99100	1.11203	2.75550		
21:28:59	2000	3000	3333	9955	2	0.99100	1.11206	2.73389		
21:29:09	2000	3000	3333	9955	2	0.99100	1.11205	2.77426		
21:29:19	2000	3000	3333	9955	2	0.99100	1.11197	2.75665		
21:29:29	2000	3000	3333	9955	2	0.99100	1.11199	2.74214		
21:29:39	2000	3000	3333	9955	2	0.99100	1.11202	2.73963		
21:29:49	2000	3000	3333	9955	2	0.99100	1.11203	2.73820		
21:29:59	2000	3000	3333	9955	2	0.99100	1.11203	2.72491		
21:30:09	2000	3000	3333	9955	2	0.99100	1.11203	2.73194		
21:30:19	2000	3000	3333	9955	2	0.99100	1.11204	2.73369		
21:30:29	2000	3000	3333	9955	2	0.99100	1.11206	2.74136		
21:30:39	2000	3000	3333	9955	2	0.99100	1.11203	2.73407		
21:30:49	2000	3000	3333	9955	2	0.99100	1.11203	2.74501		
21:30:59	2000	3000	3333	9955	2	0.99100	1.11197	2.74488		
21:31:09	2000	3000	3333	9955	2	0.99100	1.11201	2.74029		
21:31:19	2000	3000	3333	9955	2	0.99100	1.11197	2.72664		
21:31:29	2000	3000	3333	9955	2	0.99100	1.11206	2.74513		
21:31:39	2000	3000	3333	9955	2	0.99100	1.11204	2.73642		
21:31:49	2000	3000	3333	9955	2	0.99100	1.11202	2.72492		
21:31:59	2000	3000	3333	9955	2	0.99100	1.11210	2.72698		
21:32:09	2000	3000	3333	9955	2	0.99100	1.11211	2.73870		
21:32:19	2000	3000	3333	9955	2	0.99100	1.11210	2.72026		
21:32:29	2000	3000	3333	9955	2	0.99100	1.11210	2.72261		
21:32:39	2000	3000	3333	9955	2	0.99100	1.11210	2.72342		
21:32:49	2000	3000	3333	9955	2	0.99100	1.11214	2.72788		
21:32:59	2000	3000	3333	9955	2	0.99100	1.11214	2.72214		
21:33:09	2000	3000	3333	9955	2	0.99100	1.11210	2.77363		
21:33:19	2000	3000	3333	9955	2	0.99100	1.11204	2.74740		
21:33:29	2000	3000	3333	9955	2	0.99100	1.11202	2.73106		
21:33:39	2000	3000	3333	9955	2	0.99100	1.11202	2.73907		
21:33:49	2000	3000	3333	9955	2	0.99100	1.11201	2.74470		
21:33:59	2000	3000	3333	9955	2	0.99100	1.11206	2.74394		
21:34:09	2000	3000	3333	9955	2	0.99100	1.11208	2.74107		
21:34:19	2000	3000	3333	9955	2	0.99100	1.11209	2.74413		
21:34:29	2000	3000	3333	9955	2	0.99100	1.11210	2.73520		
21:34:39	2000	3000	3333	9955	2	0.99100	1.11212	2.73215		
21:34:49	2000	3000	3333	9955	2	0.99100	1.11217	2.71820		
21:34:59	2000	3000	3333	9955	2	0.99100	1.11218	2.75163		
21:35:09	2000	3000	3333	9955	2	0.99100	1.11220	2.72840		
21:35:19	2000	3000	3333	9955	2	0.99100	1.11219	2.72653		
21:35:29	2000	3000	3333	9955	2	0.99100	1.11219	2.72787		
21:35:39	2000	3000	3333	9955	2	0.99100	1.11222	2.72871		
21:35:49	2000	3000	3333	9955	2	0.99100	1.11226	2.73201		
21:35:59	2000	3000	3333	9955	2	0.99100	1.11226	2.72852		
21:36:09	2000	3000	3333	9955	2	0.99100	1.11226	2.72852		
21:36:19	2000	3000	3333	9955	2	0.99100	1.11234	2.74363		
21:36:29	2000	3000	3333	9955	2	0.99100	1.11229	2.72980		
21:36:39	2000	3000	3333	9955	2	0.99100	1.11233	2.72631		
21:36:49	2000	3000	3333	9955	2	0.99100	1.11237	2.73053		
21:36:59	2000	3000	3333	9955	2	0.99100	1.11243	2.72799		
21:37:09	2000	3000	3333	9955	2	0.99100	1.11245	2.74878		
21:37:19	2000	3000	3333	9955	2	0.99100	1.11245	2.73810		
21:37:29	2000	3000	3333	9955	2	0.99100	1.11256	2.71944		
21:37:39	2000	3000	3333	9955	2	0.99100	1.11255	2.71870		
21:37:49	2000	3000	3333	9955	2	0.99100	1.11257	2.72129		
21:37:59	2000	3000	3333	9955	2	0.99100	1.11260	2.72530		
21:38:09	2000	3000	3333	9955	2	0.99100	1.11259	2.72423		
21:38:19	2000	3000	3333	9955	2	0.99100	1.11266	2.71857		
21:38:29	2000	3000	3333	9955	2	0.99100	1.11268	2.72276		
21:38:39	2000	3000	3333	9955	2	0.99100	1.11267	2.73154		
21:38:49	2000	3000	3333	9955	2	0.99100	1.11268	2.72319		
21:38:59	2000	3000	3333	9955	2	0.99100	1.11267	2.73030		
21:39:09	2000	3000	3333	9955	2	0.99100	1.11273	2.71492		
21:39:19	2000	3000	3333	9955	2	0.99100	1.11278	2.71737		
21:39:29	2000	3000	3333	9955	2	0.99100	1.11279	2.72890		
21:39:39	2000	3000	3333	9955	2	0.99100	1.11276	2.72631		
21:39:49	2000	3000	3333	9955	2	0.99100	1.11279	2.72746		
21:39:59	2000	3000	3333	9955	2	0.99100	1.11282	2.73010		
21:40:09	2000	3000	3333	9955	2	0.99100	1.11283	2.72035		
21:40:19	2000	3000	3333	9955	2	0.99100	1.11287	2.73492		
21:40:29	2000	3000	3333	9955	2	0.99100	1.11286	2.72096		
21:40:39	2000	3000	3333	9955	2	0.99100	1.11286	2.72791		
21:40:49	2000	3000	3333	9955	2	0.99100	1.11289	2.71248		
21:40:59	2000	3000	3333	9955	2	0.99100	1.11294	2.72259		
21:41:09	2000	3000	3333	9955	2	0.99100	1.11292	2.71829		
21:41:19	2000	3000	3333	9955	2	0.99100	1.11296	2.71790		
21:41:29	2000	3000	3333	9955	2	0.99100	1.11295	2.74073		
21:41:39	2000	3000	3333	9955	2	0.99100	1.11292	2.74004		
21:41:49	2000	3000	3333	9955	2	0.99100	1.11291	2.72623		
21:41:59	2000	3000	3333	9955	2	0.99100	1.11295	2.77319		
21:42:09	2000	3000	3333	9955	2	0.99100	1.11291	2.73778		
21:42:19	2000	3000	3333	9955	2	0.99100	1.11294	2.73177		
21:42:29	2000	3000	3333	9955	2	0.99100	1.11290	2.73914		
21:42:39	2000	3000	3333	9955	2	0.99100	1.11288	2.72770		
21:42:49	2000	3000	3333	9955	2	0.99100	1.11290	2.72122		
21:42:59	2000	3000	3333	9955	2	0.99100	1.11291	2.72727		
21:43:09	2000	3000	3333	9955	2	0.99100	1.11294	2.72405		
21:43:19	2000	3000	3333	9955	2	0.99100	1.11292	2.73667		
21:43:29	2000	3000	3333	9955	2	0.99100	1.11293	2.75342		
21:43:39	2000	3000	3333	9955	2	0.99100	1.11292	2.74476		
21:43:49	2000	3000	3333	9955	2	0.99100	1.11292	2.74713		
21:43:59	2000	3000	3333	9955	2	0.99100	1.11292	2.72583		
21:44:09	2000	3000	3333	9955	2	0.99100	1.11292	2.74305		
21:44:19	2000	3000	3333	9955	2	0.99100	1.11293	2.72934		
21:44:29	2000	3000	3333	9955	2	0.99100	1.11294	2.73610		
21:44:39	2000	3000	3333	9955	2	0.99100	1.11294	2.72242		
21:44:49	2000	3000	3333	9955	2	0.99100	1.11296	2.72877		
21:44:59	2000	3000	3333	9955	2	0.99100	1.11294	2.73041		
21:45:09	2000	3000	3333	9955	2	0.99100	1.11288	2.73000		
21:45:19	2000	3000	3333	9955	2	0.99100	1.11291	2.72688		
21:45:29	2000	3000	3333	9955	2	0.99100	1.11291	2.73864		
21:45:39	2000	3000	3333	9955	2	0.99100	1.11294	2.72838		
21:45:49	2000	3000	3333	9955	2	0.99100	1.11298	2.75017		
21:45:59	2000	3000	3333	9955	2	0.99100	1.11295	2.73696		
21:46:09	2000	3000	3333	9955	2	0.99100	1.11298	2.74034		
21:46:19	2000	3000	3333	9955	2	0.99100	1.11296	2.74160		
21:46:29	2000	3000	3333	9955	2	0.99100	1.11295	2.74461		
21:46:39	2000	3000	3333	9955	2	0.99100	1.11293	2.74815		
21:46:49	2000	3000	3333	9955	2	0.99100	1.11293	2.74815		
21:46:59	2000	3000	3333	9955	2	0.99100	1.11290	2.73654		
21:47:09	2000	3000	3333	9955	2	0.99100	1.11289	2.74677		
21:47:19	2000	3000	3333	9955	2	0.99100	1.11287	2.73638		
21:47:29	2000	3000	3333	9955	2	0.99100	1.11285	2.75572		
21:47:39	2000	3000	3333	9955	2	0.99100	1.11284	2.74193		
21:47:49	2000	3000	3333	9955	2	0.99100	1.11278	2.72849		
21:47:59	2000	3000	3333	9955	2	0.99100	1.11278	2.73602		
21:48:09	2000	3000	3333	9955	2	0.99100	1.11285	2.73682		
21:48:19	2000	3000	3333	9955	2	0.99100	1.11289	2.72646		
21:48:29	2000	3000	3333	9955	2	0.99100	1.11285	2.73198		
21:48:39	2000	3000	3333	9955	2	0.99100	1.11290	2.73356		
21:48:49	2000	3000	3333	9955	2	0.99100	1.11286	2.72941		
21:48:59	2000	3000	3333	9955	2	0.99100	1.11287	2.73939		
21:49:09	2000	3000	3333	9955	2	0.99100	1.11285	2.73331		
21:49:19	2000	3000	3333	9955	2	0.99100	1.11285	2.74331		
21:49:29	2000	3000	3333	9955	2	0.99100	1.11284	2.74561		
21:49:39	2000	3000	3333	9955	2	0.99100	1.11280	2.75715		
21:49:49	2000	3000	3333	9955	2	0.99100	1.11280	2.75715		
21:49:59	2000	3000	3333	9955	2	0.99100	1.11272	2.75942		
21:50:09	2000	3000	3333	9955	2	0.99100	1.11276	2.74888		
21:50:19	2000	3000	3333	9955	2	0.99100	1.11276	2.74927		
21:50:29	2000	3000	3333	9955	2	0.99100	1.11277	2.73744		
21:50:39	2000	3000	3333	9955	2	0.99100	1.11269	2.78670		
21:50:49	2000	3000	3333	9955	2	0.99100	1.11271	2.75925		
21:50:59	2000	3000	3333	9955	2	0.99100	1.11270	2.76387		
21:51:09	2000	3000	3333	9955	2	0.99100	1.11268	2.74764		
21:51:19	2000	3000	3333	9955	2	0.99100	1.11265	2.76422		
21:51:29	2000	3000	3333	9955	2	0.99100	1.11270	2.75313		
21:51:39	2000	3000	3333	9955	2	0.99100	1.11266	2.75471		
21:51:49	2000	3000	3333	9955	2	0.99100	1.11266	2.75471		
21:51:59	2000	3000	3333	9955	2	0.99100	1.11262	2.74269		
21:52:09	2000	3000	3333	9955	2	0.99100	1.11262	2.80828		
21:52:19	2000	3000	3333	9955	2	0.99100	1.11261	2.79859		
21:52:29	2000	3000	3333	9955	2	0.99100	1.11258	2.75962		
21:52:39	2000	3000	3333	9955	2	0.99100	1.11255	2.77884		
21:52:49	2000	3000	3333	9955	2	0.99100	1.11254	2.77984		
21:52:59	2000	3000	3333	9955	2	0.99100	1.11253	2.76682		
21:53:09	2000	3000	3333	9955	2	0.99100	1.11249	2.79687		
21:53:19	2000	3000	3333	9955	2	0.99100	1.11247	2.77381		
21:53:29	2000	3000	3333	9955	2	0.99100	1.11250	2.76808		
21:53:39	2000	3000	3333	9955	2	0.99100	1.11248	2.76839		
21:53:49	2000	3000	3333	9955	2	0.99100	1.11248	2.76839		
21:53:59	2000	3000	3333	9955	2	0.99100	1.11245	2.75298		
21:54:09	2000	3000	3333	9955	2	0.99100	1.11249	2.74536		
21:54:19	2000	3000	3333	9955	2	0.99100	1.11249	2.76115		
21:54:29	2000	3000	3333	9955	2	0.99100	1.11247	2.74478		
21:54:39	2000	3000	3333	9955	2	0.99100	1.11243	2.73677		
21:54:49	2000	3000	3333	9955	2	0.99100	1.11245	2.74263		
21:54:59	2000	3000	3333	9955	2	0.99100	1.11245	2.73312		
21:55:09	2000	3000	3333	9955	2	0.99100	1.11241	2.75641		
21:55:19	2000	3000	3333	9955	2	0.99100	1.11242	2.75888		
21:55:29	2000	3000	3333	9955	2	0.99100	1.11242	2.74358		
21:55:39	2000	3000	3333	9955	2	0.99100	1.11240	2.74763		
21:55:49	2000	3000	3333	9955	2	0.99100	1.11237	2.77384		
21:55:59	2000	3000	3333	9955	2	0.99100	1.11233	2.75623		
21:56:09	2000	3000	3333	9955	2	0.99100	1.11233	2.75429		
21:56:19	2000	3000	3333	9955	2	0.99100	1.11228	2.74727		
21:56:29	2000	3000	3333	9955	2	0.99100	1.11225	2.75043		
21:56:39	2000	3000	3333	9955	2	0.99100	1.11227	2.74442		
21:56:49	2000	3000	3333	9955	2	0.99100	1.11231	2.73797		
21:56:59	2000	3000	3333	9955	2	0.99100	1.11231	2.74195		
21:57:09	2000	3000	3333	9955	2	0.99100	1.11231	2.74195		
21:57:19	2000	3000	3333	9955	2	0.99100	1.11237	2.74811		
21:57:29	2000	3000	3333	9955	2	0.99100	1.11241	2.73744		
21:57:39	2000	3000	3333	9955	2	0.99100	1.11242	2.73746		
21:57:49	2000	3000	3333	9955	2	0.99100	1.11243	2.74440		
21:57:59	2000	3000	3333	9955	2	0.99100	1.11244	2.74377		
21:58:09	2000	3000	3333	9955	2	0.99100	1.11242	2.73490		
21:58:19	2000	3000	3333	9955	2	0.99100	1.11243	2.75276		
21:58:29	2000	3000	3333	9955	2	0.99100	1.11242	2.75612		
21:58:39	2000	3000	3333	9955	2	0.99100	1.11241	2.75856		
21:58:49	2000	3000	3333	9955	2	0.99100	1.11236	2.74524		
21:58:59	2000	3000	3333	9955	2	0.99100	1.11240	2.73600		
21:59:09	2000	3000	3333	9955	2	0.99100	1.11239	2.73961		
21:59:19	2000	3000	3333	9955	2	0.99100	1.11243	2.74066		
21:59:29	2000	3000	3333	9955	2	0.99100	1.11247	2.74036		
21:59:39	2000	3000	3333	9955	2	0.99100	1.11243	2.73692		
21:59:49	2000	3000	3333	9955	2	0.99100	1.11244	2.75278		
22:03:19	2000	3000	3333	9955	2	0.99100	1.11239	2.74447		
22:03:29	2000	3000	3333	9955	2	0.99100	1.11238	2.74465		
22:03:39	2000	3000	3333	9955	2	0.99100	1.11238	2.74731		
22:03:49	2000	3000	3333	9955	2	0.99100	1.11239	2.73357		
22:03:59	2000	3000	3333	9955	2	0.99100	1.11241	2.73340		
22:04:09	2000	3000	3333	9955	2	0.99100	1.11244	2.74037		
22:04:19	2000	3000	3333	9955	2	0.99100	1.11246	2.74183		
22:04:29	2000	3000	3333	9955	2	0.99100	1.11252	2.76206		
22:04:39	2000	3000	3333	9955	2	0.99100	1.11252	2.76517		
22:04:49	2000	3000	3333	9955	2	0.99100	1.11251	2.75593		
22:04:59	2000	3000	3333	9955	2	0.99100	1.11256	2.74576		
22:05:09	2000	3000	3333	9955	2	0.99100	1.11252	2.73090		
22:05:19	2000	3000	3333	9955	2	0.99100	1.11254	2.74706		
22:05:29	2000	3000	3333	9955	2	0.99100	1.11257	2.74687		
22:05:39	2000	3000	3333	9955	2	0.99100	1.11256	2.73883		
22:05:49	2000	3000	3333	9955	2	0.99100	1.11252	2.74146		
22:05:59	2000	3000	3333	9955	2	0.99100	1.11252	2.74145		
22:06:09	2000	3000	3333	9955	2	0.99100	1.11250	2.76047		
22:06:19	2000	3000	3333	9955	2	0.99100	1.11254	2.75841		
22:06:29	2000	3000	3333	9955	2	0.99100	1.11250	2.76352		
22:06:39	2000	3000	3333	9955	2	0.99100	1.11247	2.73437		
22:06:49	2000	3000	3333	9955	2	0.99100	1.11245	2.73143		
22:06:59	2000	3000	3333	9955	2	0.99100	1.11241	2.74997		
22:07:09	2000	3000	3333	9955	2	0.99100	1.11240	2.74052		
22:07:19	2000	3000	3333	9955	2	0.99100	1.11237	2.76307		
22:07:29	2000	3000	3333	9955	2	0.99100	1.11237	2.76307		
22:07:39	2000	3000	3333	9955	2	0.99100	1.11237	2.73723		
22:07:49	2000	3000	3333	9955	2	0.99100	1.11234	2.73549		
22:07:59	2000	3000	3333	9955	2	0.99100	1.11236	2.72731		
22:08:10	2000	3000	3333	9955	2	0.99100	1.11236	2.73140		
22:08:20	2000	3000	3333	9955	2	0.99100	1.11235	2.72490		
22:08:30	2000	3000	3333	9955	2	0.99100	1.11235	2.73077		
22:08:40	2000	3000	3333	9955	2	0.99100	1.11237	2.74053		
22:08:50	2000	3000	3333	9955	2	0.99100	1.11235	2.73251		
22:09:00	2000	3000	3333	9955	2	0.99100	1.11229	2.73331		
22:09:10	2000	3000	3333	9955	2	0.99100	1.11231	2.73460		
22:09:20	2000	3000	3333	9955	2	0.99100	1.11233	2.73935		
22:09:30	2000	3000	3333	9955	2	0.99100	1.11233	2.72939		
22:09:40	2000	3000	3333	9955	2	0.99100	1.11233	2.73164		
22:09:50	2000	3000	3333	9955	2	0.99100	1.11227	2.74769		
22:10:00	2000	3000	3333	9955	2	0.99100	1.11220	2.74420		
22:10:10	2000	3000	3333	9955	2	0.99100	1.11216	2.73588		
22:10:20	2000	3000	3333	9955	2	0.99100	1.11216	2.74186		
22:10:30	2000	3000	3333	9955	2	0.99100	1.11220	2.73661		
22:10:40	2000	3000	3333	9955	2	0.99100	1.11221	2.73891		
22:10:50	2000	3000	3333	9955	2	0.99100	1.11219	2.73467		
22:11:00	2000	3000	3333	9955	2	0.99100	1.11218	2.73108		
22:11:10	2000	3000	3333	9955	2	0.99100	1.11220	2.72535		
22:11:20	2000	3000	3333	9955	2	0.99100	1.11217	2.72755		
22:11:30	2000	3000	3333	9955	2	0.99100	1.11223	2.72919		
22:11:40	2000	3000	3333	9955	2	0.99100	1.11223	2.73065		
22:11:50	2000	3000	3333	9955	2	0.99100	1.11221	2.73391		
22:12:00	2000	3000	3333	9955	2	0.99100	1.11224	2.73010		
22:12:10	2000	3000	3333	9955	2	0.99100	1.11220	2.73145		
22:12:20	2000	3000	3333	9955	2	0.99100	1.11222	2.73610		
22:12:30	2000	3000	3333	9955	2	0.99100	1.11221	2.73248		
22:12:40	2000	3000	3333	9955	2	0.99100	1.11221	2.73916		
22:12:50	2000	3000	3333	9955	2	0.99100	1.11222	2.74439		
22:13:00	2000	3000	3333	9955	2	0.99100	1.11220	2.73757		
22:13:10	2000	3000	3333	9955	2	0.99100	1.11220	2.75175		
22:13:20	2000	3000	3333	9955	2	0.99100	1.11219	2.74012		
22:13:30	2000	3000	3333	9955	2	0.99100	1.11218	2.73496		
22:13:40	2000	3000	3333	9955	2	0.99100	1.11222	2.73221		
22:13:50	2000	3000	3333	9955	2	0.99100	1.11223	2.73464		
22:14:00	2000	3000	3333	9955	2	0.99100	1.11225	2.72988		
22:14:10	2000	3000	3333	9955	2	0.99100	1.11227	2.74793		
22:14:20	2000	3000	3333	9955	2	0.99100	1.11227	2.74793		
22:14:30	2000	3000	3333	9955	2	0.99100	1.11224	2.74542		
22:14:40	2000	3000	3333	9955	2	0.99100	1.11224	2.74542		
22:14:50	2000	3000	3333	9955	2	0.99100	1.11229	2.71863		
22:15:00	2000	3000	3333	9955	2	0.99100	1.11227	2.72379		
22:15:10	2000	3000	3333	9955	2	0.99100	1.11227	2.72379		
22:15:30	2000	3000	3333	9955	2	0.99100	1.11226	2.72065		
22:15:40	2000	3000	3333	9955	2	0.99100	1.11233	2.72434		
22:15:50	2000	3000	3333	9955	2	0.99100	1.11226	2.71837		
22:16:00	2000	3000	3333	9955	2	0.99100	1.11229	2.72297		
22:16:10	2000	3000	3333	9955	2	0.99100	1.11230	2.72639		
22:16:20	2000	3000	3333	9955	2	0.99100	1.11230	2.72156		
22:16:30	2000	3000	3333	9955	2	0.99100	1.11235	2.72949		
22:16:40	2000	3000	3333	9955	2	0.99100	1.11237	2.72912		
22:16:50	2000	3000	3333	9955	2	0.99100	1.11238	2.73677		
22:17:00	2000	3000	3333	9955	2	0.99100	1.11238	2.72665		
22:17:10	2000	3000	3333	9955	2	0.99100	1.11233	2.72393		
22:17:20	2000	3000	3333	9955	2	0.99100	1.11236	2.73209		
22:17:30	2000	3000	3333	9955	2	0.99100	1.11238	2.74227		
22:17:40	2000	3000	3333	9955	2	0.99100	1.11239	2.73683		
22:17:50	2000	3000	3333	9955	2	0.99100	1.11245	2.72865		
22:18:00	2000	3000	3333	9955	2	0.99100	1.11245	2.72865		
22:18:10	2000	3000	3333	9955	2	0.99100	1.11239	2.74057		
22:18:20	2000	3000	3333	9955	2	0.99100	1.11240	2.73459		
22:18:30	2000	3000	3333	9955	2	0.99100	1.11240	2.73966		
22:18:40	2000	3000	3333	9955	2	0.99100	1.11240	2.73966		
22:33:40	2000	3000	3333	9955	2	0.99100	1.11332	2.73009		
22:33:50	2000	3000	3333	9955	2	0.99100	1.11332	2.72629		
22:34:00	2000	3000	3333	9955	2	0.99100	1.11334	2.74338		
22:34:10	2000	3000	3333	9955	2	0.99100	1.11331	2.73577		
22:34:20	2000	3000	3333	9955	2	0.99100	1.11331	2.73882		
22:34:30	2000	3000	3333	9955	2	0.99100	1.11331	2.73882		
22:34:40	2000	3000	3333	9955	2	0.99100	1.11337	2.73420		
22:34:50	2000	3000	3333	9955	2	0.99100	1.11336	2.72425		
22:35:00	2000	3000	3333	9955	2	0.99100	1.11335	2.72085		
22:35:10	2000	3000	3333	9955	2	0.99100	1.11330	2.72450		
22:35:20	2000	3000	3333	9955	2	0.99100	1.11333	2.72333		
22:35:30	2000	3000	3333	9955	2	0.99100	1.11339	2.71885		
22:35:40	2000	3000	3333	9955	2	0.99100	1.11333	2.72044		
22:35:50	2000	3000	3333	9955	2	0.99100	1.11330	2.72465		
22:36:00	2000	3000	3333	9955	2	0.99100	1.11336	2.72536		
22:36:10	2000	3000	3333	9955	2	0.99100	1.11332	2.72843		
22:36:20	2000	3000	3333	9955	2	0.99100	1.11334	2.72300		
22:36:30	2000	3000	3333	9955	2	0.99100	1.11328	2.71814		
22:36:40	2000	3000	3333	9955	2	0.99100	1.11331	2.72258		
22:36:50	2000	3000	3333	9955	2	0.99100	1.11330	2.72311		
22:37:00	2000	3000	3333	9955	2	0.99100	1.11330	2.72311		
22:37:10	2000	3000	3333	9955	2	0.99100	1.11337	2.72031		
22:37:20	2000	3000	3333	9955	2	0.99100	1.11336	2.74457		
22:37:30	2000	3000	3333	9955	2	0.99100	1.11336	2.74457		
22:37:40	2000	3000	3333	9955	2	0.99100	1.11329	2.72850		
22:37:50	2000	3000	3333	9955	2	0.99100	1.11330	2.74613		
22:38:00	2000	3000	3333	9955	2	0.99100	1.11330	2.74311		
22:38:10	2000	3000	3333	9955	2	0.99100	1.11327	2.73982		
22:38:20	2000	3000	3333	9955	2	0.99100	1.11327	2.73982		
22:38:30	2000	3000	3333	9955	2	0.99100	1.11326	2.73685		
22:38:40	2000	3000	3333	9955	2	0.99100	1.11325	2.74737		
22:38:50	2000	3000	3333	9955	2	0.99100	1.11321	2.75732		
22:39:00	2000	3000	3333	9955	2	0.99100	1.11317	2.76369		
22:39:10	2000	3000	3333	9955	2	0.99100	1.11314	2.73239		
22:39:20	2000	3000	3333	9955	2	0.99100	1.11314	2.73239		
22:39:30	2000	3000	3333	9955	2	0.99100	1.11308	2.74560		
22:39:40	2000	3000	3333	9955	2	0.99100	1.11306	2.73706		
22:39:50	2000	3000	3333	9955	2	0.99100	1.11305	2.72509		
22:40:00	2000	3000	3333	9955	2	0.99100	1.11306	2.72939		
22:40:10	2000	3000	3333	9955	2	0.99100	1.11308	2.71332		
22:40:20	2000	3000	3333	9955	2	0.99100	1.11314	2.71709		
22:40:30	2000	3000	3333	9955	2	0.99100	1.11312	2.71649		
22:40:40	2000	3000	3333	9955	2	0.99100	1.11312	2.71769		
22:40:50	2000	3000	3333	9955	2	0.99100	1.11312	2.72347		
22:41:00	2000	3000	3333	9955	2	0.99100	1.11313	2.73076		
22:41:10	2000	3000	3333	9955	2	0.99100	1.11308	2.72448		
22:41:20	2000	3000	3333	9955	2	0.99100	1.11308	2.72448		
22:41:30	2000	3000	3333	9955	2	0.99100	1.11308	2.73075		
22:41:40	2000	3000	3333	9955	2	0.99100	1.11305	2.73331		
22:41:50	2000	3000	3333	9955	2	0.99100	1.11306	2.72248		
22:42:00	2000	3000	3333	9955	2	0.99100	1.11307	2.72783		
22:42:10	2000	3000	3333	9955	2	0.99100	1.11308	2.74098		
22:42:20	2000	3000	3333	9955	2	0.99100	1.11308	2.74098		
22:42:40	2000	3000	3333	9955	2	0.99100	1.11306	2.73516		
22:42:50	2000	3000	3333	9955	2	0.99100	1.11305	2.72229		
22:43:00	2000	3000	3333	9955	2	0.99100	1.11304	2.71863		
22:43:10	2000	3000	3333	9955	2	0.99100	1.11307	2.71306		
22:43:20	2000	3000	3333	9955	2	0.99100	1.11309	2.71998		
22:43:30	2000	3000	3333	9955	2	0.99100	1.11311	2.72784		
22:43:40	2000	3000	3333	9955	2	0.99100	1.11311	2.72784		
22:44:00	2000	3000	3333	9955	2	0.99100	1.11312	2.73943		
22:44:10	2000	3000	3333	9955	2	0.99100	1.11308	2.72657		
22:44:20	2000	3000	3333	9955	2	0.99100	1.11305	2.73052		
22:44:30	2000	3000	3333	9955	2	0.99100	1.11306	2.74982		
22:44:40	2000	3000	3333	9955	2	0.99100	1.11303	2.73675		
22:44:50	2000	3000	3333	9955	2	0.99100	1.11300	2.75597		
22:45:00	2000	3000	3333	9955	2	0.99100	1.11300	2.75597		
22:45:10	2000	3000	3333	9955	2	0.99100	1.11291	2.73968		
22:45:20	2000	3000	3333	9955	2	0.99100	1.11291	2.73728		
22:45:30	2000	3000	3333	9955	2	0.99100	1.11291	2.73728		
22:45:40	2000	3000	3333	9955	2	0.99100	1.11292	2.72349		
22:45:50	2000	3000	3333	9955	2	0.99100	1.11293	2.72575		
22:46:00	2000	3000	3333	9955	2	0.99100	1.11288	2.73488		
22:46:10	2000	3000	3333	9955	2	0.99100	1.11286	2.75621		
22:46:20	2000	3000	3333	9955	2	0.99100	1.11283	2.72740		
22:46:30	2000	3000	3333	9955	2	0.99100	1.11271	2.73906		
22:46:40	2000	3000	3333	9955	2	0.99100	1.11271	2.73041		
22:46:50	2000	3000	3333	9955	2	0.99100	1.11273	2.73147		
22:47:00	2000	3000	3333	9955	2	0.99100	1.11273	2.72070		
22:47:10	2000	3000	3333	9955	2	0.99100	1.11267	2.71896		
22:47:20	2000	3000	3333	9955	2	0.99100	1.11269	2.72086		
22:47:30	2000	3000	3333	9955	2	0.99100	1.11272	2.72299		
22:47:40	2000	3000	3333	9955	2	0.99100	1.11270	2.71491		
22:47:50	2000	3000	3333	9955	2	0.99100	1.11274	2.71002		
22:48:00	2000	3000	3333	9955	2	0.99100	1.11269	2.72934		
22:48:10	2000	3000	3333	9955	2	0.99100	1.11269	2.72934		
22:48:20	2000	3000	3333	9955	2	0.99100	1.11269	2.71784		
22:48:30	2000	3000	3333	9955	2	0.99100	1.11272	2.72548		
22:48:40	2000	3000	3333	9955	2	0.99100	1.11272	2.73604		
22:48:50	2000	3000	3333	9955	2	0.99100	1.11268	2.72994		
22:49:00	2000	3000	3333	9955	2	0.99100	1.11275	2.73041		
22:49:10	2000	3000	3333	9955	2	0.99100	1.11280	2.73373		
22:49:20	2000	3000	3333	9955	2	0.99100	1.11278	2.72921		
22:49:30	2000	3000	3333	9955	2	0.99100	1.11278	2.72921		
22:49:40	2000	3000	3333	9955	2	0.99100	1.11275	2.72643		
22:49:50	2000	3000	3333	9955	2	0.99100	1.11273	2.74411		
22:50:00	2000	3000	3333	9955	2	0.99100	1.11274	2.76850		
22:50:10	2000	3000	3333	9955	2	0.99100	1.11275	2.75457		
22:50:20	2000	3000	3333	9955	2	0.99100	1.11273	2.74922		
22:50:30	2000	3000	3333	9955	2	0.99100	1.11269	2.75562		
22:50:40	2000	3000	3333	9955	2	0.99100	1.11267	2.75090		
22:50:50	2000	3000	3333	9955	2	0.99100	1.11264	2.75072		
22:51:00	2000	3000	3333	9955	2	0.99100	1.11258	2.74041		
22:51:10	2000	3000	3333	9955	2	0.99100	1.11253	2.74271		
22:51:20	2000	3000	3333	9955	2	0.99100	1.11257	2.74365		
22:51:30	2000	3000	3333	9955	2	0.99100	1.11257	2.74365		
22:51:40	2000	3000	3333	9955	2	0.99100	1.11265	2.75327		
22:51:50	2000	3000	3333	9955	2	0.99100	1.11265	2.74140		
22:52:00	2000	3000	3333	9955	2	0.99100	1.11267	2.74176		
22:52:10	2000	3000	3333	9955	2	0.99100	1.11267	2.74176		
22:52:30	2000	3000	3333	9955	2	0.99100	1.11270	2.74438		
22:52:40	2000	3000	3333	9955	2	0.99100	1.11270	2.74438		
22:52:50	2000	3000	3333	9955	2	0.99100	1.11276	2.73526		
22:53:00	2000	3000	3333	9955	2	0.99100	1.11273	2.73598		
22:53:10	2000	3000	3333	9955	2	0.99100	1.11276	2.72930		
22:53:20	2000	3000	3333	9955	2	0.99100	1.11273	2.73050		
22:53:30	2000	3000	3333	9955	2	0.99100	1.11272	2.72780		
22:53:40	2000	3000	3333	9955	2	0.99100	1.11269	2.72412		
22:53:50	2000	3000	3333	9955	2	0.99100	1.11267	2.72683		
22:54:00	2000	3000	3333	9955	2	0.99100	1.11263	2.74260		
22:54:10	2000	3000	3333	9955	2	0.99100	1.11263	2.74260		
22:54:20	2000	3000	3333	9955	2	0.99100	1.11265	2.75127		
22:54:30	2000	3000	3333	9955	2	0.99100	1.11260	2.74415		
22:54:40	2000	3000	3333	9955	2	0.99100	1.11260	2.74415		
22:54:50	2000	3000	3333	9955	2	0.99100	1.11251	2.73598		
22:55:00	2000	3000	3333	9955	2	0.99100	1.11248	2.75516		
22:55:10	2000	3000	3333	9955	2	0.99100	1.11248	2.75516		
22:55:20	2000	3000	3333	9955	2	0.99100	1.11243	2.73542		
22:55:30	2000	3000	3333	9955	2	0.99100	1.11241	2.72992		
22:55:40	2000	3000	3333	9955	2	0.99100	1.11241	2.72992		
22:56:00	2000	3000	3333	9955	2	0.99100	1.11237	2.72361		
22:56:10	2000	3000	3333	9955	2	0.99100	1.11236	2.71863		
22:56:20	2000	3000	3333	9955	2	0.99100	1.11235	2.71483		
22:56:30	2000	3000	3333	9955	2	0.99100	1.11231	2.72115		
22:56:40	2000	3000	3333	9955	2	0.99100	1.11231	2.72640		
22:56:50	2000	3000	3333	9955	2	0.99100	1.11231	2.72640		
22:57:00	2000	3000	3333	9955	2	0.99100	1.11231	2.72640		
23:24:42	2000	3000	3333	9955	2	0.99100	1.11388	2.71952		
23:24:52	2000	3000	3333	9955	2	0.99100	1.11392	2.71814		
23:25:02	2000	3000	3333	9955	2	0.99100	1.11393	2.71403		
23:25:12	2000	3000	3333	9955	2	0.99100	1.11394	2.71642		
23:25:22	2000	3000	3333	9955	2	0.99100	1.11395	2.72036		
23:25:32	2000	3000	3333	9955	2	0.99100	1.11388	2.73387		
23:25:42	2000	3000	3333	9955	2	0.99100	1.11386	2.73165		
23:25:52	2000	3000	3333	9955	2	0.99100	1.11388	2.72026		
23:26:02	2000	3000	3333	9955	2	0.99100	1.11386	2.71578		
23:26:12	2000	3000	3333	9955	2	0.99100	1.11385	2.71720		
23:26:22	2000	3000	3333	9955	2	0.99100	1.11378	2.72618		
23:26:32	2000	3000	3333	9955	2	0.99100	1.11385	2.72682		
23:26:42	2000	3000	3333	9955	2	0.99100	1.11380	2.73033		
23:26:52	2000	3000	3333	9955	2	0.99100	1.11378	2.73769		
23:27:02	2000	3000	3333	9955	2	0.99100	1.11377	2.72737		
23:27:12	2000	3000	3333	9955	2	0.99100	1.11369	2.74100		
23:27:22	2000	3000	3333	9955	2	0.99100	1.11367	2.74367		
23:27:32	2000	3000	3333	9955	2	0.99100	1.11363	2.73609		
23:27:42	2000	3000	3333	9955	2	0.99100	1.11361	2.73195		
23:27:52	2000	3000	3333	9955	2	0.99100	1.11357	2.73904		
23:28:02	2000	3000	3333	9955	2	0.99100	1.11349	2.75080		
23:28:12	2000	3000	3333	9955	2	0.99100	1.11350	2.73717		
23:28:22	2000	3000	3333	9955	2	0.99100	1.11339	2.75008		
23:28:32	2000	3000	3333	9955	2	0.99100	1.11336	2.74026		
23:28:42	2000	3000	3333	9955	2	0.99100	1.11337	2.74156		
23:28:52	2000	3000	3333	9955	2	0.99100	1.11336	2.73732		
23:29:02	2000	3000	3333	9955	2	0.99100	1.11340	2.73847		
23:29:12	2000	3000	3333	9955	2	0.99100	1.11338	2.72694		
23:29:22	2000	3000	3333	9955	2	0.99100	1.11341	2.72595		
23:29:32	2000	3000	3333	9955	2	0.99100	1.11338	2.72851		
23:29:42	2000	3000	3333	9955	2	0.99100	1.11340	2.72665		
23:29:52	2000	3000	3333	9955	2	0.99100	1.11341	2.72807		
23:30:02	2000	3000	3333	9955	2	0.99100	1.11342	2.72439		
23:30:12	2000	3000	3333	9955	2	0.99100	1.11342	2.73141		
23:30:22	2000	3000	3333	9955	2	0.99100	1.11344	2.72143		
23:30:32	2000	3000	3333	9955	2	0.99100	1.11342	2.73464		
23:30:42	2000	3000	3333	9955	2	0.99100	1.11338	2.73813		
23:30:52	2000	3000	3333	9955	2	0.99100	1.11339	2.72737		
23:31:02	2000	3000	3333	9955	2	0.99100	1.11336	2.73067		
23:31:12	2000	3000	3333	9955	2	0.99100	1.11335	2.73544		
23:31:22	2000	3000	3333	9955	2	0.99100	1.11336	2.72453		
23:31:32	2000	3000	3333	9955	2	0.99100	1.11337	2.72488		
23:31:42	2000	3000	3333	9955	2	0.99100	1.11333	2.73842		
23:31:52	2000	3000	3333	9955	2	0.99100	1.11327	2.73114		
23:32:02	2000	3000	3333	9955	2	0.99100	1.11331	2.72728		
23:32:12	2000	3000	3333	9955	2	0.99100	1.11323	2.72919		
23:32:22	2000	3000	3333	9955	2	0.99100	1.11321	2.72351		
23:32:32	2000	3000	3333	9955	2	0.99100	1.11318	2.72856		
23:32:42	2000	3000	3333	9955	2	0.99100	1.11312	2.72933		
23:32:52	2000	3000	3333	9955	2	0.99100	1.11310	2.74469		
23:33:02	2000	3000	3333	9955	2	0.99100	1.11302	2.74423		
23:33:12	2000	3000	3333	9955	2	0.99100	1.11305	2.73640		
23:33:22	2000	3000	3333	9955	2	0.99100	1.11308	2.73149		
23:33:32	2000	3000	3333	9955	2	0.99100	1.11310	2.72127		
23:33:42	2000	3000	3333	9955	2	0.99100	1.11318	2.73020		
23:33:52	2000	3000	3333	9955	2	0.99100	1.11312	2.72118		
23:34:02	2000	3000	3333	9955	2	0.99100	1.11314	2.72875		
23:34:12	2000	3000	3333	9955	2	0.99100	1.11320	2.73485		
23:34:22	2000	3000	3333	9955	2	0.99100	1.11314	2.74878		
23:34:32	2000	3000	3333	9955	2	0.99100	1.11316	2.74584		
23:34:42	2000	3000	3333	9955	2	0.99100	1.11315	2.74939		
23:34:52	2000	3000	3333	9955	2	0.99100	1.11307	2.76102		
23:35:02	2000	3000	3333	9955	2	0.99100	1.11309	2.74710		
23:35:12	2000	3000	3333	9955	2	0.99100	1.11303	2.75561		
23:35:22	2000	3000	3333	9955	2	0.99100	1.11300	2.75796		
23:35:32	2000	3000	3333	9955	2	0.99100	1.11297	2.76618		
23:35:42	2000	3000	3333	9955	2	0.99100	1.11294	2.75366		
23:35:52	2000	3000	3333	9955	2	0.99100	1.11294	2.73808		
23:36:02	2000	3000	3333	9955	2	0.99100	1.11293	2.73995		
23:36:12	2000	3000	3333	9955	2	0.99100	1.11298	2.73504		
23:36:22	2000	3000	3333	9955	2	0.99100	1.11297	2.72839		
23:36:32	2000	3000	3333	9955	2	0.99100	1.11305	2.73492		
23:36:42	2000	3000	3333	9955	2	0.99100	1.11297	2.73572		
23:36:52	2000	3000	3333	9955	2	0.99100	1.11296	2.76359		
23:37:02	2000	3000	3333	9955	2	0.99100	1.11294	2.73101		
23:37:12	2000	3000	3333	9955	2	0.99100	1.11291	2.74483		
23:37:22	2000	3000	3333	9955	2	0.99100	1.11289	2.75859		
23:37:32	2000	3000	3333	9955	2	0.99100	1.11291	2.73784		
23:37:42	2000	3000	3333	9955	2	0.99100	1.11287	2.75394		
23:37:52	2000	3000	3333	9955	2	0.99100	1.11284	2.74235		
23:38:02	2000	3000	3333	9955	2	0.99100	1.11282	2.74136		
23:38:12	2000	3000	3333	9955	2	0.99100	1.11281	2.75465		
23:38:22	2000	3000	3333	9955	2	0.99100	1.11281	2.74372		
23:38:32	2000	3000	3333	9955	2	0.99100	1.11282	2.75150		
23:38:42	2000	3000	3333	9955	2	0.99100	1.11282	2.75950		
23:38:52	2000	3000	3333	9955	2	0.99100	1.11281	2.73917		
23:39:02	2000	3000	3333	9955	2	0.99100	1.11279	2.74551		
23:39:12	2000	3000	3333	9955	2	0.99100	1.11276	2.77469		
23:39:22	2000	3000	3333	9955	2	0.99100	1.11276	2.75028		
23:39:32	2000	3000	3333	9955	2	0.99100	1.11275	2.75119		
23:39:42	2000	3000	3333	9955	2	0.99100	1.11269	2.73101		
23:39:52	2000	3000	3333	9955	2	0.99100	1.11268	2.72920		
23:40:02	2000	3000	3333	9955	2	0.99100	1.11268	2.74675		
23:40:12	2000	3000	3333	9955	2	0.99100	1.11267	2.73380		
23:40:22	2000	3000	3333	9955	2	0.99100	1.11268	2.73332		
23:40:32	2000	3000	3333	9955	2	0.99100	1.11272	2.73603		
23:40:42	2000	3000	3333	9955	2	0.99100	1.11268	2.73352		
23:40:52	2000	3000	3333	9955	2	0.99100	1.11268	2.74152		
23:41:02	2000	3000	3333	9955	2	0.99100	1.11263	2.73335		
23:41:12	2000	3000	3333	9955	2	0.99100	1.11270	2.73617		
23:41:22	2000	3000	3333	9955	2	0.99100	1.11267	2.73351		
23:41:32	2000	3000	3333	9955	2	0.99100	1.11270	2.75865		
23:41:42	2000	3000	3333	9955	2	0.99100	1.11267	2.75412		
23:41:52	2000	3000	3333	9955	2	0.99100	1.11269	2.73211		
23:42:02	2000	3000	3333	9955	2	0.99100	1.11265	2.74344		
23:42:12	2000	3000	3333	9955	2	0.99100	1.11259	2.73821		
23:42:22	2000	3000	3333	9955	2	0.99100	1.11259	2.73821		
23:47:42	2000	3000	3333	9955	2	0.99100	1.11242	2.73821		
23:47:52	2000	3000	3333	9955	2	0.99100	1.11242	2.75245		
23:48:02	2000	3000	3333	9955	2	0.99100	1.11241	2.73391		
23:48:12	2000	3000	3333	9955	2	0.99100	1.11238	2.73214		
23:48:22	2000	3000	3333	9955	2	0.99100	1.11236	2.74627		
23:48:32	2000	3000	3333	9955	2	0.99100	1.11234	2.74595		
23:48:42	2000	3000	3333	9955	2	0.99100	1.11233	2.72644		
23:48:52	2000	3000	3333	9955	2	0.99100	1.11233	2.72366		
23:49:02	2000	3000	3333	9955	2	0.99100	1.11236	2.72864		
23:49:12	2000	3000	3333	9955	2	0.99100	1.11231	2.72891		
23:49:22	2000	3000	3333	9955	2	0.99100	1.11227	2.74037		
23:49:32	2000	3000	3333	9955	2	0.99100	1.11226	2.73536		
23:49:42	2000	3000	3333	9955	2	0.99100	1.11230	2.73085		
23:49:52	2000	3000	3333	9955	2	0.99100	1.11230	2.73496		
23:50:02	2000	3000	3333	9955	2	0.99100	1.11223	2.74699		
23:50:12	2000	3000	3333	9955	2	0.99100	1.11223	2.73497		
23:50:22	2000	3000	3333	9955	2	0.99100	1.11231	2.76440		
23:50:32	2000	3000	3333	9955	2	0.99100	1.11225	2.74542		
23:50:42	2000	3000	3333	9955	2	0.99100	1.11226	2.74069		
23:50:52	2000	3000	3333	9955	2	0.99100	1.11226	2.74559		
23:51:02	2000	3000	3333	9955	2	0.99100	1.11226	2.73972		
23:51:12	2000	3000	3333	9955	2	0.99100	1.11233	2.73698		
23:51:22	2000	3000	3333	9955	2	0.99100	1.11231	2.73538		
23:51:32	2000	3000	3333	9955	2	0.99100	1.11231	2.74122		
23:51:42	2000	3000	3333	9955	2	0.99100	1.11232	2.73505		
23:51:52	2000	3000	3333	9955	2	0.99100	1.11233	2.73558		
23:52:02	2000	3000	3333	9955	2	0.99100	1.11230	2.73546		
23:52:12	2000	3000	3333	9955	2	0.99100	1.11226	2.72552		
23:52:22	2000	3000	3333	9955	2	0.99100	1.11229	2.73595		
23:52:32	2000	3000	3333	9955	2	0.99100	1.11228	2.73615		
23:52:42	2000	3000	3333	9955	2	0.99100	1.11234	2.73448		
23:52:52	2000	3000	3333	9955	2	0.99100	1.11238	2.72931		
23:53:02	2000	3000	3333	9955	2	0.99100	1.11241	2.73220		
23:53:12	2000	3000	3333	9955	2	0.99100	1.11243	2.72845		
23:53:22	2000	3000	3333	9955	2	0.99100	1.11241	2.73121		
23:53:32	2000	3000	3333	9955	2	0.99100	1.11234	2.73151		
23:53:42	2000	3000	3333	9955	2	0.99100	1.11237	2.73596		
23:53:52	2000	3000	3333	9955	2	0.99100	1.11243	2.72912		
23:54:02	2000	3000	3333	9955	2	0.99100	1.11243	2.73270		
23:54:12	2000	3000	3333	9955	2	0.99100	1.11242	2.72802		
23:54:22	2000	3000	3333	9955	2	0.99100	1.11239	2.73709		
23:54:32	2000	3000	3333	9955	2	0.99100	1.11241	2.74915		
23:54:42	2000	3000	3333	9955	2	0.99100	1.11233	2.74435		
23:54:52	2000	3000	3333	9955	2	0.99100	1.11236	2.73891		
23:55:02	2000	3000	3333	9955	2	0.99100	1.11240	2.74497		
23:55:12	2000	3000	3333	9955	2	0.99100	1.11246	2.72966		
23:55:22	2000	3000	3333	9955	2	0.99100	1.11245	2.72402		
23:55:32	2000	3000	3333	9955	2	0.99100	1.11247	2.72645		
23:55:42	2000	3000	3333	9955	2	0.99100	1.11250	2.73715		
23:55:52	2000	3000	3333	9955	2	0.99100	1.11246	2.72820		
23:56:02	2000	3000	3333	9955	2	0.99100	1.11250	2.73565		
23:56:12	2000	3000	3333	9955	2	0.99100	1.11249	2.73947		
23:56:22	2000	3000	3333	9955	2	0.99100	1.11248	2.73037		
23:56:32	2000	3000	3333	9955	2	0.99100	1.11253	2.72697		
23:56:42	2000	3000	3333	9955	2	0.99100	1.11252	2.72751		
23:56:52	2000	3000	3333	9955	2	0.99100	1.11249	2.73297		
23:57:02	2000	3000	3333	9955	2	0.99100	1.11252	2.74218		
23:57:12	2000	3000	3333	9955	2	0.99100	1.11251	2.74667		
23:57:22	2000	3000	3333	9955	2	0.99100	1.11256	2.73121		
23:57:32	2000	3000	3333	9955	2	0.99100	1.11258	2.72588		
23:57:42	2000	3000	3333	9955	2	0.99100	1.11262	2.73957		
23:57:52	2000	3000	3333	9955	2	0.99100	1.11269	2.74913		
23:58:02	2000	3000	3333	9955	2	0.99100	1.11273	2.74179		
23:58:12	2000	3000	3333	9955	2	0.99100	1.11268	2.73833		
23:58:22	2000	3000	3333	9955	2	0.99100	1.11270	2.75401		
23:58:32	2000	3000	3333	9955	2	0.99100	1.11278	2.74798		
23:58:42	2000	3000	3333	9955	2	0.99100	1.11282	2.74161		
23:58:52	2000	3000	3333	9955	2	0.99100	1.11279	2.72720		
23:59:02	2000	3000	3333	9955	2	0.99100	1.11282	2.73680		
23:59:12	2000	3000	3333	9955	2	0.99100	1.11282	2.74055		
23:59:22	2000	3000	3333	9955	2	0.99100	1.11287	2.73453		
23:59:32	2000	3000	3333	9955	2	0.99100	1.11288	2.74569		
23:59:42	2000	3000	3333	9955	2	0.99100	1.11292	2.73546		
23:59:52	2000	3000	3333	9955	2	0.99100	1.11295	2.76881		
