

			DELHI AIRPORT : 30 m Base line


Time	RVR	 MOR	RVR	MOR	BLM	Trf	 Ref(v)	PD(v)
	(limited)	(limited)	(actual)	(actual)

00:00:12	2000	3000	3333	9955	2	0.99100	1.11296	2.74947		
00:00:22	2000	3000	3333	9955	2	0.99100	1.11295	2.75069		
00:00:32	2000	3000	3333	9955	2	0.99100	1.11301	2.72875		
00:00:42	2000	3000	3333	9955	2	0.99100	1.11300	2.73090		
00:00:52	2000	3000	3333	9955	2	0.99100	1.11303	2.72669		
00:01:02	2000	3000	3333	9955	2	0.99100	1.11304	2.72675		
00:01:12	2000	3000	3333	9955	2	0.99100	1.11312	2.74204		
00:01:22	2000	3000	3333	9955	2	0.99100	1.11312	2.74037		
00:01:32	2000	3000	3333	9955	2	0.99100	1.11318	2.74110		
00:01:42	2000	3000	3333	9955	2	0.99100	1.11319	2.74493		
00:01:52	2000	3000	3333	9955	2	0.99100	1.11316	2.74046		
00:02:02	2000	3000	3333	9955	2	0.99100	1.11319	2.74677		
00:02:12	2000	3000	3333	9955	2	0.99100	1.11317	2.73442		
00:02:22	2000	3000	3333	9955	2	0.99100	1.11316	2.74839		
00:02:32	2000	3000	3333	9955	2	0.99100	1.11319	2.74514		
00:02:42	2000	3000	3333	9955	2	0.99100	1.11314	2.75035		
00:02:52	2000	3000	3333	9955	2	0.99100	1.11319	2.75567		
00:03:02	2000	3000	3333	9955	2	0.99100	1.11315	2.75618		
00:03:12	2000	3000	3333	9955	2	0.99100	1.11324	2.74959		
00:03:22	2000	3000	3333	9955	2	0.99100	1.11323	2.75990		
00:03:32	2000	3000	3333	9955	2	0.99100	1.11322	2.73906		
00:03:42	2000	3000	3333	9955	2	0.99100	1.11324	2.74022		
00:03:52	2000	3000	3333	9955	2	0.99100	1.11327	2.74064		
00:04:02	2000	3000	3333	9955	2	0.99100	1.11326	2.75833		
00:04:12	2000	3000	3333	9955	2	0.99100	1.11325	2.73490		
00:04:22	2000	3000	3333	9955	2	0.99100	1.11326	2.73822		
00:04:32	2000	3000	3333	9955	2	0.99100	1.11333	2.75552		
00:04:42	2000	3000	3333	9955	2	0.99100	1.11327	2.76316		
00:04:52	2000	3000	3333	9955	2	0.99100	1.11329	2.74596		
00:05:02	2000	3000	3333	9955	2	0.99100	1.11329	2.75339		
00:05:12	2000	3000	3333	9955	2	0.99100	1.11330	2.75550		
00:05:22	2000	3000	3333	9955	2	0.99100	1.11329	2.75733		
00:05:32	2000	3000	3333	9955	2	0.99100	1.11330	2.75906		
00:05:42	2000	3000	3333	9955	2	0.99100	1.11326	2.75537		
00:05:52	2000	3000	3333	9955	2	0.99100	1.11324	2.75536		
00:06:02	2000	3000	3333	9955	2	0.99100	1.11325	2.75018		
00:06:12	2000	3000	3333	9955	2	0.99100	1.11326	2.75027		
00:06:22	2000	3000	3333	9955	2	0.99100	1.11330	2.74256		
00:06:32	2000	3000	3333	9955	2	0.99100	1.11327	2.74561		
00:10:05	2000	3000	3333	9955	2	0.99100	1.11328	2.74287		
00:10:15	2000	3000	3333	9955	2	0.99100	1.11327	2.74401		
00:10:25	2000	3000	3333	9955	2	0.99100	1.11332	2.73060		
00:10:35	2000	3000	3333	9955	2	0.99100	1.11333	2.74851		
00:10:45	2000	3000	3333	9955	2	0.99100	1.11330	2.73837		
00:10:55	2000	3000	3333	9955	2	0.99100	1.11329	2.72699		
00:11:05	2000	3000	3333	9955	2	0.99100	1.11328	2.72538		
00:11:15	2000	3000	3333	9955	2	0.99100	1.11330	2.73570		
00:11:25	2000	3000	3333	9955	2	0.99100	1.11329	2.73378		
00:11:35	2000	3000	3333	9955	2	0.99100	1.11332	2.74316		
00:11:45	2000	3000	3333	9955	2	0.99100	1.11334	2.73840		
00:11:55	2000	3000	3333	9955	2	0.99100	1.11336	2.73670		
00:12:05	2000	3000	3333	9955	2	0.99100	1.11337	2.75492		
00:12:15	2000	3000	3333	9955	2	0.99100	1.11338	2.73816		
00:12:25	2000	3000	3333	9955	2	0.99100	1.11341	2.74187		
00:12:35	2000	3000	3333	9955	2	0.99100	1.11334	2.73524		
00:12:45	2000	3000	3333	9955	2	0.99100	1.11333	2.73896		
00:12:55	2000	3000	3333	9955	2	0.99100	1.11330	2.73221		
00:13:05	2000	3000	3333	9955	2	0.99100	1.11334	2.75625		
00:13:15	2000	3000	3333	9955	2	0.99100	1.11332	2.74253		
00:13:25	2000	3000	3333	9955	2	0.99100	1.11332	2.74884		
00:13:35	2000	3000	3333	9955	2	0.99100	1.11330	2.75040		
00:13:45	2000	3000	3333	9955	2	0.99100	1.11332	2.74628		
00:13:55	2000	3000	3333	9955	2	0.99100	1.11327	2.75681		
00:14:05	2000	3000	3333	9955	2	0.99100	1.11327	2.74519		
00:14:15	2000	3000	3333	9955	2	0.99100	1.11320	2.74571		
00:14:25	2000	3000	3333	9955	2	0.99100	1.11324	2.74009		
00:14:35	2000	3000	3333	9955	2	0.99100	1.11323	2.74004		
00:14:45	2000	3000	3333	9955	2	0.99100	1.11321	2.73976		
00:14:55	2000	3000	3333	9955	2	0.99100	1.11317	2.74610		
00:15:05	2000	3000	3333	9955	2	0.99100	1.11320	2.74571		
00:15:15	2000	3000	3333	9955	2	0.99100	1.11318	2.75311		
00:15:25	2000	3000	3333	9955	2	0.99100	1.11312	2.74587		
00:15:35	2000	3000	3333	9955	2	0.99100	1.11313	2.73939		
00:15:45	2000	3000	3333	9955	2	0.99100	1.11310	2.74213		
00:15:55	2000	3000	3333	9955	2	0.99100	1.11309	2.74070		
00:16:05	2000	3000	3333	9955	2	0.99100	1.11309	2.73468		
00:16:15	2000	3000	3333	9955	2	0.99100	1.11312	2.73483		
00:16:25	2000	3000	3333	9955	2	0.99100	1.11312	2.73912		
00:16:35	2000	3000	3333	9955	2	0.99100	1.11312	2.75351		
00:16:45	2000	3000	3333	9955	2	0.99100	1.11309	2.74625		
00:16:55	2000	3000	3333	9955	2	0.99100	1.11310	2.74443		
00:17:05	2000	3000	3333	9955	2	0.99100	1.11311	2.73915		
00:17:15	2000	3000	3333	9955	2	0.99100	1.11318	2.73517		
00:17:25	2000	3000	3333	9955	2	0.99100	1.11311	2.73661		
00:17:35	2000	3000	3333	9955	2	0.99100	1.11314	2.72817		
00:17:45	2000	3000	3333	9955	2	0.99100	1.11316	2.72613		
00:17:55	2000	3000	3333	9955	2	0.99100	1.11317	2.73467		
00:18:05	2000	3000	3333	9955	2	0.99100	1.11313	2.73547		
00:18:15	2000	3000	3333	9955	2	0.99100	1.11318	2.72757		
00:18:25	2000	3000	3333	9955	2	0.99100	1.11315	2.73287		
00:18:35	2000	3000	3333	9955	2	0.99100	1.11319	2.73344		
00:18:45	2000	3000	3333	9955	2	0.99100	1.11320	2.74831		
00:18:55	2000	3000	3333	9955	2	0.99100	1.11319	2.73539		
00:19:05	2000	3000	3333	9955	2	0.99100	1.11321	2.73367		
00:19:15	2000	3000	3333	9955	2	0.99100	1.11325	2.72851		
00:19:25	2000	3000	3333	9955	2	0.99100	1.11320	2.73006		
00:19:35	2000	3000	3333	9955	2	0.99100	1.11329	2.72717		
00:19:45	2000	3000	3333	9955	2	0.99100	1.11329	2.74066		
00:19:55	2000	3000	3333	9955	2	0.99100	1.11327	2.74354		
00:20:05	2000	3000	3333	9955	2	0.99100	1.11327	2.73021		
00:20:15	2000	3000	3333	9955	2	0.99100	1.11331	2.73653		
00:20:25	2000	3000	3333	9955	2	0.99100	1.11330	2.73246		
00:20:35	2000	3000	3333	9955	2	0.99100	1.11335	2.73076		
00:20:45	2000	3000	3333	9955	2	0.99100	1.11333	2.75159		
00:20:55	2000	3000	3333	9955	2	0.99100	1.11330	2.75529		
00:21:05	2000	3000	3333	9955	2	0.99100	1.11328	2.74885		
00:21:15	2000	3000	3333	9955	2	0.99100	1.11323	2.74734		
00:21:25	2000	3000	3333	9955	2	0.99100	1.11322	2.74251		
00:21:35	2000	3000	3333	9955	2	0.99100	1.11320	2.74899		
00:21:45	2000	3000	3333	9955	2	0.99100	1.11317	2.75030		
00:21:55	2000	3000	3333	9955	2	0.99100	1.11322	2.74742		
00:22:05	2000	3000	3333	9955	2	0.99100	1.11319	2.74155		
00:22:15	2000	3000	3333	9955	2	0.99100	1.11316	2.74584		
00:22:25	2000	3000	3333	9955	2	0.99100	1.11318	2.73844		
00:22:35	2000	3000	3333	9955	2	0.99100	1.11318	2.73121		
00:22:45	2000	3000	3333	9955	2	0.99100	1.11317	2.74611		
00:22:55	2000	3000	3333	9955	2	0.99100	1.11319	2.73927		
00:23:05	2000	3000	3333	9955	2	0.99100	1.11316	2.73624		
00:23:15	2000	3000	3333	9955	2	0.99100	1.11314	2.73589		
00:23:25	2000	3000	3333	9955	2	0.99100	1.11318	2.73729		
00:23:35	2000	3000	3333	9955	2	0.99100	1.11318	2.73372		
00:23:45	2000	3000	3333	9955	2	0.99100	1.11320	2.73230		
00:23:55	2000	3000	3333	9955	2	0.99100	1.11319	2.73564		
00:24:05	2000	3000	3333	9955	2	0.99100	1.11326	2.73490		
00:24:15	2000	3000	3333	9955	2	0.99100	1.11326	2.73490		
00:24:25	2000	3000	3333	9955	2	0.99100	1.11325	2.73826		
00:24:35	2000	3000	3333	9955	2	0.99100	1.11324	2.74173		
00:24:45	2000	3000	3333	9955	2	0.99100	1.11326	2.74323		
00:24:55	2000	3000	3333	9955	2	0.99100	1.11324	2.73782		
00:25:05	2000	3000	3333	9955	2	0.99100	1.11324	2.73681		
00:25:15	2000	3000	3333	9955	2	0.99100	1.11319	2.74093		
00:25:25	2000	3000	3333	9955	2	0.99100	1.11322	2.74887		
00:25:35	2000	3000	3333	9955	2	0.99100	1.11318	2.73469		
00:25:45	2000	3000	3333	9955	2	0.99100	1.11321	2.74609		
00:25:55	2000	3000	3333	9955	2	0.99100	1.11324	2.75836		
00:26:05	2000	3000	3333	9955	2	0.99100	1.11324	2.75108		
00:26:15	2000	3000	3333	9955	2	0.99100	1.11320	2.75737		
00:26:25	2000	3000	3333	9955	2	0.99100	1.11321	2.74847		
00:26:35	2000	3000	3333	9955	2	0.99100	1.11317	2.75163		
00:26:45	2000	3000	3333	9955	2	0.99100	1.11318	2.74174		
00:26:55	2000	3000	3333	9955	2	0.99100	1.11322	2.74011		
00:27:05	2000	3000	3333	9955	2	0.99100	1.11321	2.73273		
00:27:15	2000	3000	3333	9955	2	0.99100	1.11326	2.73733		
00:27:25	2000	3000	3333	9955	2	0.99100	1.11327	2.73849		
00:27:35	2000	3000	3333	9955	2	0.99100	1.11322	2.73846		
00:27:45	2000	3000	3333	9955	2	0.99100	1.11323	2.73505		
00:27:55	2000	3000	3333	9955	2	0.99100	1.11327	2.73588		
00:28:05	2000	3000	3333	9955	2	0.99100	1.11326	2.73035		
00:28:15	2000	3000	3333	9955	2	0.99100	1.11327	2.73376		
00:28:25	2000	3000	3333	9955	2	0.99100	1.11324	2.73797		
00:28:35	2000	3000	3333	9955	2	0.99100	1.11324	2.73348		
00:28:45	2000	3000	3333	9955	2	0.99100	1.11325	2.73878		
00:28:55	2000	3000	3333	9955	2	0.99100	1.11322	2.73537		
00:29:05	2000	3000	3333	9955	2	0.99100	1.11327	2.73323		
00:29:15	2000	3000	3333	9955	2	0.99100	1.11330	2.73346		
00:29:25	2000	3000	3333	9955	2	0.99100	1.11330	2.73592		
00:29:35	2000	3000	3333	9955	2	0.99100	1.11328	2.73283		
00:29:45	2000	3000	3333	9955	2	0.99100	1.11333	2.73253		
00:29:55	2000	3000	3333	9955	2	0.99100	1.11327	2.73219		
00:30:05	2000	3000	3333	9955	2	0.99100	1.11328	2.73185		
00:30:15	2000	3000	3333	9955	2	0.99100	1.11329	2.73637		
00:30:25	2000	3000	3333	9955	2	0.99100	1.11325	2.73155		
00:30:35	2000	3000	3333	9955	2	0.99100	1.11325	2.73155		
00:30:45	2000	3000	3333	9955	2	0.99100	1.11326	2.73543		
00:30:55	2000	3000	3333	9955	2	0.99100	1.11327	2.73525		
00:31:05	2000	3000	3333	9955	2	0.99100	1.11320	2.73795		
00:31:15	2000	3000	3333	9955	2	0.99100	1.11320	2.74112		
00:31:25	2000	3000	3333	9955	2	0.99100	1.11320	2.74242		
00:31:35	2000	3000	3333	9955	2	0.99100	1.11318	2.73884		
00:31:45	2000	3000	3333	9955	2	0.99100	1.11323	2.73409		
00:31:55	2000	3000	3333	9955	2	0.99100	1.11321	2.73315		
00:32:05	2000	3000	3333	9955	3	0.99100	1.11324	2.73339		
00:32:15	2000	3000	3333	9955	3	0.99100	1.11322	2.73533		
00:32:25	2000	3000	3333	9955	3	0.99100	1.11318	2.73685		
00:32:35	2000	3000	3333	9955	4	0.99100	1.11317	2.73645		
00:32:45	2000	3000	3333	9955	4	0.99100	1.11317	2.73383		
00:32:55	2000	3000	3333	9955	4	0.99100	1.11325	2.72954		
00:33:05	2000	3000	3333	9955	4	0.99100	1.11329	2.73079		
00:33:15	2000	3000	3333	9955	4	0.99100	1.11333	2.73404		
00:33:25	2000	3000	3333	9955	4	0.99100	1.11339	2.72570		
00:33:35	2000	3000	3333	9955	5	0.99100	1.11333	2.73600		
00:33:45	2000	3000	3333	9955	5	0.99100	1.11338	2.75086		
00:33:55	2000	3000	3333	9955	5	0.99100	1.11339	2.72929		
00:34:05	2000	3000	3333	9955	5	0.99100	1.11340	2.73127		
00:34:15	2000	3000	3333	9955	5	0.99100	1.11336	2.73033		
00:34:25	2000	3000	3333	9955	5	0.99100	1.11341	2.72884		
00:34:35	2000	3000	3333	9955	6	0.99100	1.11333	2.72505		
00:34:45	2000	3000	3333	9955	6	0.99100	1.11338	2.73431		
00:34:55	2000	3000	3333	9955	6	0.99100	1.11336	2.73021		
00:35:05	2000	3000	3333	9955	7	0.99100	1.11333	2.73721		
00:35:15	2000	3000	3333	9955	7	0.99100	1.11330	2.74575		
00:35:25	2000	3000	3333	9955	7	0.99100	1.11326	2.73520		
00:35:35	2000	3000	3333	9955	8	0.99100	1.11325	2.73427		
00:35:45	2000	3000	3333	9955	9	0.99100	1.11326	2.73969		
00:35:55	2000	3000	3333	9955	10	0.99100	1.11321	2.73125		
00:36:05	2000	3000	3333	9955	10	0.99100	1.11319	2.73569		
00:36:15	2000	3000	3333	9955	11	0.99100	1.11320	2.73801		
00:36:25	2000	3000	3333	9955	11	0.99100	1.11318	2.73342		
00:36:35	2000	3000	3333	9955	11	0.99100	1.11313	2.73093		
00:36:45	2000	3000	3333	9955	11	0.99100	1.11317	2.73124		
00:36:55	2000	3000	3333	9955	11	0.99100	1.11314	2.72776		
00:37:05	2000	3000	3333	9955	10	0.99100	1.11313	2.72593		
00:37:15	2000	3000	3333	9955	10	0.99100	1.11311	2.73022		
00:37:25	2000	3000	3333	9955	10	0.99100	1.11310	2.72602		
00:37:35	2000	3000	3333	9955	10	0.99100	1.11307	2.72526		
00:37:45	2000	3000	3333	9955	9	0.99100	1.11308	2.72843		
00:37:55	2000	3000	3333	9955	9	0.99100	1.11306	2.72572		
00:38:05	2000	3000	3333	9955	9	0.99100	1.11305	2.72437		
00:38:15	2000	3000	3333	9955	9	0.99100	1.11307	2.72856		
00:38:25	2000	3000	3333	9955	9	0.99100	1.11295	2.72452		
00:38:35	2000	3000	3333	9955	8	0.99100	1.11299	2.72971		
00:38:45	2000	3000	3333	9955	8	0.99100	1.11298	2.71990		
00:38:55	2000	3000	3333	9955	8	0.99100	1.11298	2.72803		
00:39:05	2000	3000	3333	9955	8	0.99100	1.11298	2.72487		
00:39:15	2000	3000	3333	9955	9	0.99100	1.11302	2.72118		
00:39:25	2000	3000	3333	9955	9	0.99100	1.11302	2.72118		
00:39:35	2000	3000	3333	9955	10	0.99100	1.11301	2.72191		
00:39:45	2000	3000	3333	9955	12	0.99100	1.11299	2.72970		
00:39:55	2000	3000	3333	9955	13	0.99100	1.11297	2.73328		
00:40:05	2000	3000	3333	9955	15	0.99100	1.11300	2.72614		
00:40:15	2000	3000	3333	9955	17	0.99100	1.11300	2.72752		
00:40:25	2000	3000	3333	9955	19	0.99100	1.11299	2.72814		
00:40:35	2000	3000	3333	9955	21	0.99100	1.11298	2.72723		
00:40:45	2000	3000	3333	9955	24	0.99100	1.11299	2.72582		
00:40:55	2000	3000	3333	9955	26	0.99100	1.11305	2.72620		
00:41:05	2000	3000	3333	9955	29	0.99100	1.11300	2.72510		
00:41:15	2000	3000	3333	9955	31	0.99100	1.11301	2.72803		
00:41:25	2000	3000	3333	9955	33	0.99100	1.11301	2.72630		
00:41:35	2000	3000	3333	9955	34	0.99100	1.11300	2.72852		
00:41:45	2000	3000	3333	9955	38	0.99100	1.11304	2.72759		
00:41:55	2000	3000	3333	9955	39	0.99100	1.11302	2.72620		
00:42:05	2000	3000	3333	9955	39	0.99100	1.11295	2.72267		
00:42:15	2000	3000	3333	9955	39	0.99100	1.11299	2.73313		
00:42:25	2000	3000	3333	9955	39	0.99100	1.11299	2.73313		
00:42:35	2000	3000	3333	9955	36	0.99100	1.11291	2.73777		
00:42:45	2000	3000	3333	9955	34	0.99100	1.11290	2.73271		
00:42:55	2000	3000	3333	9955	31	0.99100	1.11287	2.73589		
00:43:05	2000	3000	3333	9955	29	0.99100	1.11287	2.73481		
00:43:15	2000	3000	3333	9955	28	0.99100	1.11290	2.73509		
00:43:25	2000	3000	3333	9955	27	0.99100	1.11286	2.73781		
00:43:35	2000	3000	3333	9955	26	0.99100	1.11289	2.75048		
00:43:45	2000	3000	3333	9955	26	0.99100	1.11292	2.74852		
00:43:55	2000	3000	3333	9955	26	0.99100	1.11287	2.74176		
00:44:05	2000	3000	3333	9955	26	0.99100	1.11287	2.74999		
00:44:15	2000	3000	3333	9955	26	0.99100	1.11286	2.73997		
00:44:25	2000	3000	3333	9955	26	0.99100	1.11285	2.73517		
00:44:35	2000	3000	3333	9955	25	0.99100	1.11282	2.73338		
00:44:45	2000	3000	3333	9955	25	0.99100	1.11283	2.72318		
00:44:55	2000	3000	3333	9955	26	0.99100	1.11284	2.72637		
00:45:05	2000	3000	3333	9955	26	0.99100	1.11291	2.72809		
00:45:15	2000	3000	3333	9955	27	0.99100	1.11292	2.72785		
00:45:25	2000	3000	3333	9955	28	0.99100	1.11288	2.72751		
00:45:35	2000	3000	3333	9955	29	0.99100	1.11293	2.72833		
00:45:45	2000	3000	3333	9955	30	0.99100	1.11295	2.72386		
00:45:55	2000	3000	3333	9955	31	0.99100	1.11296	2.72850		
00:46:05	2000	3000	3333	9955	32	0.99100	1.11297	2.72891		
00:46:15	2000	3000	3333	9955	34	0.99100	1.11294	2.72377		
00:46:25	2000	3000	3333	9955	35	0.99100	1.11300	2.73567		
00:46:35	2000	3000	3333	9955	35	0.99100	1.11305	2.72253		
00:46:45	2000	3000	3333	9955	36	0.99100	1.11310	2.72178		
00:46:55	2000	3000	3333	9955	37	0.99100	1.11312	2.72255		
00:47:05	2000	3000	3333	9955	38	0.99100	1.11312	2.72838		
00:47:15	2000	3000	3333	9955	39	0.99100	1.11313	2.73351		
00:47:25	2000	3000	3333	9955	40	0.99100	1.11312	2.74082		
00:47:35	2000	3000	3333	9955	41	0.99100	1.11313	2.74415		
00:47:45	2000	3000	3333	9955	42	0.99100	1.11318	2.73073		
00:47:55	2000	3000	3333	9955	42	0.99100	1.11315	2.72431		
00:48:05	2000	3000	3333	9955	41	0.99100	1.11320	2.72710		
00:48:15	2000	3000	3333	9955	41	0.99100	1.11326	2.73001		
00:48:25	2000	3000	3333	9955	41	0.99100	1.11329	2.73090		
00:48:35	2000	3000	3333	9955	41	0.99100	1.11332	2.72339		
00:48:45	2000	3000	3333	9955	40	0.99100	1.11333	2.72130		
00:48:55	2000	3000	3333	9955	40	0.99100	1.11334	2.72232		
00:49:05	2000	3000	3333	9955	41	0.99100	1.11335	2.72443		
00:49:15	2000	3000	3333	9955	41	0.99100	1.11339	2.72103		
00:49:25	2000	3000	3333	9955	41	0.99100	1.11337	2.71792		
00:49:35	2000	3000	3333	9955	42	0.99100	1.11346	2.72219		
00:49:45	2000	3000	3333	9955	42	0.99100	1.11341	2.72637		
00:49:55	2000	3000	3333	9955	43	0.99100	1.11346	2.72275		
00:50:05	2000	3000	3333	9955	44	0.99100	1.11350	2.72311		
00:50:15	2000	3000	3333	9955	44	0.99100	1.11351	2.72511		
00:50:25	2000	3000	3333	9955	45	0.99100	1.11354	2.72340		
00:50:35	2000	3000	3333	9955	45	0.99100	1.11352	2.72799		
00:50:45	2000	3000	3333	9955	45	0.99100	1.11358	2.73266		
00:50:55	2000	3000	3333	9955	47	0.99100	1.11358	2.74180		
00:51:05	2000	3000	3333	9955	48	0.99100	1.11364	2.72222		
00:51:15	2000	3000	3333	9955	50	0.99100	1.11361	2.72939		
00:51:25	2000	3000	3333	9955	53	0.99100	1.11362	2.72909		
00:51:35	2000	3000	3333	9955	56	0.99100	1.11366	2.73115		
00:51:45	2000	3000	3333	9955	58	0.99100	1.11364	2.74508		
00:51:55	2000	3000	3333	9955	59	0.99100	1.11366	2.73508		
00:52:05	2000	3000	3333	9955	59	0.99100	1.11363	2.73737		
00:52:15	2000	3000	3333	9955	58	0.99100	1.11365	2.73308		
00:52:25	2000	3000	3333	9955	58	0.99100	1.11365	2.73308		
00:52:35	2000	3000	3333	9955	56	0.99100	1.11367	2.74642		
00:52:45	2000	3000	3333	9955	56	0.99100	1.11362	2.74433		
00:52:55	2000	3000	3333	9955	57	0.99100	1.11366	2.74299		
00:53:05	2000	3000	3333	9955	58	0.99100	1.11364	2.76493		
00:53:15	2000	3000	3333	9955	59	0.99100	1.11365	2.74110		
00:53:25	2000	3000	3333	9955	61	0.99100	1.11360	2.74233		
00:53:35	2000	3000	3333	9955	62	0.99100	1.11364	2.73872		
00:53:45	2000	3000	3333	9955	63	0.99100	1.11360	2.73636		
00:53:55	2000	3000	3333	9955	65	0.99100	1.11358	2.76230		
00:54:05	2000	3000	3333	9955	65	0.99100	1.11358	2.74900		
00:54:15	2000	3000	3333	9955	66	0.99100	1.11357	2.74018		
00:54:25	2000	3000	3333	9955	67	0.99100	1.11359	2.74724		
00:54:35	2000	3000	3333	9955	68	0.99100	1.11357	2.77014		
00:54:45	2000	3000	3333	9955	69	0.99100	1.11354	2.76858		
00:54:55	2000	3000	3333	9955	70	0.99100	1.11350	2.77823		
00:55:05	2000	3000	3333	9955	71	0.99100	1.11353	2.74891		
00:55:15	2000	3000	3333	9955	73	0.99100	1.11348	2.73760		
00:55:25	2000	3000	3333	9955	75	0.99100	1.11348	2.74936		
00:55:35	2000	3000	3333	9955	78	0.99100	1.11344	2.75162		
00:55:45	2000	3000	3333	9955	81	0.99100	1.11340	2.75357		
00:55:55	2000	3000	3333	9955	85	0.99100	1.11340	2.76192		
00:56:05	2000	3000	3333	9955	90	0.99100	1.11342	2.76137		
00:56:15	2000	3000	3333	9955	94	0.99100	1.11345	2.74364		
00:56:25	2000	3000	3333	9955	99	0.99100	1.11342	2.73951		
00:56:35	2000	3000	3333	9955	103	0.99100	1.11343	2.73484		
00:56:45	2000	3000	3333	9955	107	0.99100	1.11349	2.73365		
00:56:55	2000	3000	3333	9955	114	0.99100	1.11341	2.74018		
00:57:05	2000	3000	3333	9955	116	0.99100	1.11336	2.74161		
00:57:15	2000	3000	3333	9955	117	0.99100	1.11336	2.74492		
00:57:25	2000	3000	3333	9955	117	0.99100	1.11338	2.73447		
00:57:35	2000	3000	3333	9955	116	0.99100	1.11342	2.73306		
00:57:45	2000	3000	3333	9955	115	0.99100	1.11342	2.73964		
00:57:55	2000	3000	3333	9955	114	0.99100	1.11337	2.73238		
00:58:05	2000	3000	3333	9955	114	0.99100	1.11337	2.74763		
00:58:15	2000	3000	3333	9955	114	0.99100	1.11336	2.74745		
00:58:25	2000	3000	3333	9955	114	0.99100	1.11340	2.73723		
00:58:35	2000	3000	3333	9955	113	0.99100	1.11338	2.73029		
00:58:45	2000	3000	3333	9955	113	0.99100	1.11334	2.75714		
00:58:55	2000	3000	3333	9955	114	0.99100	1.11340	2.74374		
00:59:05	2000	3000	3333	9955	114	0.99100	1.11338	2.72922		
00:59:15	2000	3000	3333	9955	114	0.99100	1.11343	2.72051		
00:59:25	2000	3000	3333	9955	113	0.99100	1.11342	2.72415		
00:59:35	2000	3000	3333	9955	113	0.99100	1.11342	2.72415		
00:59:45	2000	3000	3333	9955	112	0.99100	1.11342	2.72427		
00:59:55	2000	3000	3333	9955	111	0.99100	1.11343	2.73134		
01:00:05	2000	3000	3333	9955	111	0.99100	1.11347	2.72609		
01:00:15	2000	3000	3333	9955	109	0.99100	1.11346	2.73470		
01:00:25	2000	3000	3333	9955	109	0.99100	1.11346	2.73470		
01:00:35	2000	3000	3333	9955	107	0.99100	1.11340	2.73880		
01:00:45	2000	3000	3333	9955	106	0.99100	1.11340	2.73393		
01:00:55	2000	3000	3333	9955	104	0.99100	1.11344	2.73781		
01:01:05	2000	3000	3333	9955	103	0.99100	1.11345	2.73380		
01:01:15	2000	3000	3333	9955	102	0.99100	1.11347	2.72566		
01:01:25	2000	3000	3333	9955	101	0.99100	1.11346	2.73088		
01:01:35	2000	3000	3333	9955	101	0.99100	1.11349	2.72901		
01:01:45	2000	3000	3333	9955	100	0.99100	1.11348	2.73686		
01:01:55	2000	3000	3333	9955	101	0.99100	1.11352	2.74891		
01:02:05	2000	3000	3333	9955	101	0.99100	1.11351	2.73469		
01:02:15	2000	3000	3333	9955	101	0.99100	1.11347	2.73702		
01:02:25	2000	3000	3333	9955	101	0.99100	1.11343	2.73172		
01:02:35	2000	3000	3333	9955	102	0.99100	1.11340	2.74171		
01:02:45	2000	3000	3333	9955	104	0.99100	1.11348	2.74091		
01:02:55	2000	3000	3333	9955	106	0.99100	1.11345	2.72674		
01:03:05	2000	3000	3333	9955	109	0.99100	1.11345	2.73038		
01:03:15	2000	3000	3333	9955	113	0.99100	1.11345	2.72850		
01:03:25	2000	3000	3333	9955	122	0.99100	1.11339	2.74000		
01:03:35	2000	3000	3333	9955	126	0.99100	1.11341	2.73688		
01:03:45	2000	3000	3333	9955	129	0.99100	1.11339	2.73473		
01:03:55	2000	3000	3333	9955	133	0.99100	1.11342	2.74169		
01:04:05	2000	3000	3333	9955	135	0.99100	1.11339	2.73565		
01:04:15	2000	3000	3333	9955	136	0.99100	1.11336	2.74052		
01:04:25	2000	3000	3333	9955	137	0.99100	1.11338	2.75565		
01:04:35	2000	3000	3333	9955	137	0.99100	1.11337	2.73637		
01:04:45	2000	3000	3333	9955	138	0.99100	1.11333	2.74038		
01:04:55	2000	3000	3333	9955	140	0.99100	1.11331	2.74583		
01:05:05	2000	3000	3333	9955	141	0.99100	1.11331	2.73826		
01:05:15	2000	3000	3333	9955	141	0.99100	1.11334	2.73518		
01:05:25	2000	3000	3333	9955	142	0.99100	1.11327	2.73150		
01:05:35	2000	3000	3333	9955	141	0.99100	1.11330	2.73263		
01:05:45	2000	3000	3333	9955	140	0.99100	1.11330	2.72979		
01:05:55	2000	3000	3333	9955	138	0.99100	1.11328	2.72255		
01:06:05	2000	3000	3333	9955	136	0.99100	1.11330	2.72419		
01:06:15	2000	3000	3333	9955	133	0.99100	1.11333	2.72251		
01:06:25	2000	3000	3333	9955	131	0.99100	1.11336	2.72043		
01:06:35	2000	3000	3333	9955	127	0.99100	1.11338	2.72989		
01:06:45	2000	3000	3333	9955	126	0.99100	1.11339	2.73095		
01:06:55	2000	3000	3333	9955	124	0.99100	1.11337	2.74403		
01:07:05	2000	3000	3333	9955	124	0.99100	1.11334	2.74251		
01:07:15	2000	3000	3333	9955	124	0.99100	1.11331	2.73517		
01:07:25	2000	3000	3333	9955	124	0.99100	1.11330	2.73270		
01:07:35	2000	3000	3333	9955	126	0.99100	1.11328	2.74325		
01:07:45	2000	3000	3333	9955	128	0.99100	1.11326	2.73618		
01:07:55	2000	3000	3333	9955	131	0.99100	1.11331	2.73373		
01:08:05	2000	3000	3333	9955	134	0.99100	1.11328	2.73824		
01:08:15	2000	3000	3333	9955	137	0.99100	1.11333	2.72787		
01:08:25	2000	3000	3333	9955	140	0.99100	1.11332	2.72363		
01:08:35	2000	3000	3333	9955	145	0.99100	1.11334	2.73769		
01:08:45	2000	3000	3333	9955	150	0.99100	1.11335	2.74537		
01:08:55	2000	3000	3333	9955	156	0.99100	1.11331	2.74243		
01:09:05	2000	3000	3333	9955	162	0.99100	1.11330	2.73650		
01:09:15	2000	3000	3333	9955	170	0.99100	1.11324	2.73453		
01:09:25	2000	3000	3333	9955	178	0.99100	1.11322	2.75393		
01:09:35	2000	3000	3333	9955	178	0.99100	1.11322	2.75393		
01:09:45	2000	3000	3333	9955	201	0.99100	1.11314	2.74314		
01:13:18	2000	3000	3333	9955	209	0.99100	1.11312	2.74810		
01:13:28	2000	3000	3333	9955	215	0.99100	1.11314	2.74324		
01:13:38	2000	3000	3333	9955	219	0.99100	1.11309	2.74668		
01:13:48	2000	3000	3333	9955	221	0.99100	1.11311	2.73713		
01:13:58	2000	3000	3333	9955	223	0.99100	1.11313	2.73426		
01:14:08	2000	3000	3333	9955	225	0.99100	1.11309	2.73126		
01:14:18	2000	3000	3333	9955	227	0.99100	1.11315	2.73109		
01:14:28	2000	3000	3333	9955	231	0.99100	1.11316	2.73528		
01:14:38	2000	3000	3333	9955	235	0.99100	1.11315	2.73269		
01:14:48	2000	3000	3333	9955	240	0.99100	1.11318	2.74527		
01:14:58	2000	3000	3333	9955	244	0.99100	1.11316	2.74945		
01:15:08	2000	3000	3333	9955	247	0.99100	1.11315	2.73959		
01:15:18	2000	3000	3333	9955	248	0.99100	1.11316	2.73720		
01:15:28	2000	3000	3333	9955	249	0.99100	1.11315	2.72923		
01:15:38	2000	3000	3333	9955	249	0.99100	1.11315	2.72923		
01:15:58	2000	3000	3333	9955	250	0.99100	1.11316	2.74772		
01:16:08	2000	3000	3333	9955	248	0.99100	1.11316	2.74428		
01:16:18	2000	3000	3333	9955	246	0.99100	1.11315	2.73101		
01:16:28	2000	3000	3333	9955	240	0.99100	1.11313	2.73571		
01:16:38	2000	3000	3333	9955	235	0.99100	1.11308	2.75205		
01:16:48	2000	3000	3333	9955	235	0.99100	1.11308	2.75205		
01:16:58	2000	3000	3333	9955	221	0.99100	1.11308	2.74667		
01:17:08	2000	3000	3333	9955	212	0.99100	1.11304	2.73359		
01:17:18	2000	3000	3333	9955	202	0.99100	1.11314	2.73613		
01:17:28	2000	3000	3333	9955	194	0.99100	1.11313	2.74175		
01:17:38	2000	3000	3333	9955	186	0.99100	1.11310	2.73511		
01:17:48	2000	3000	3333	9955	180	0.99100	1.11310	2.73415		
01:17:58	2000	3000	3333	9955	175	0.99100	1.11311	2.73729		
01:18:08	2000	3000	3333	9955	172	0.99100	1.11313	2.73539		
01:18:18	2000	3000	3333	9955	171	0.99100	1.11313	2.72948		
01:18:28	2000	3000	3333	9955	171	0.99100	1.11313	2.72948		
01:18:48	2000	3000	3333	9955	176	0.99100	1.11313	2.74729		
01:18:58	2000	3000	3333	9955	180	0.99100	1.11311	2.73667		
01:19:08	2000	3000	3333	9955	185	0.99100	1.11312	2.73257		
01:19:18	2000	3000	3333	9955	185	0.99100	1.11312	2.73257		
01:19:28	2000	3000	3333	9955	198	0.99100	1.11314	2.72591		
01:19:38	2000	3000	3333	9955	206	0.99100	1.11319	2.72861		
01:19:48	2000	3000	3333	9955	223	0.99100	1.11316	2.74642		
01:19:58	2000	3000	3333	9955	234	0.99100	1.11308	2.73369		
01:20:08	2000	3000	3333	9955	245	0.99100	1.11308	2.74034		
01:20:18	2000	3000	3333	9955	256	0.99100	1.11308	2.74740		
01:20:28	2000	3000	3333	9955	266	0.99100	1.11309	2.73942		
01:20:38	2000	3000	3333	9955	276	0.99100	1.11312	2.73106		
01:20:48	2000	3000	3333	9955	286	0.99100	1.11306	2.73207		
01:20:58	2000	3000	3333	9955	296	0.99100	1.11310	2.73413		
01:21:08	2000	3000	3333	9955	305	0.99100	1.11308	2.72847		
01:21:18	2000	3000	3333	9955	313	0.99100	1.11308	2.73441		
01:21:28	2000	3000	3333	9955	319	0.99100	1.11311	2.74048		
01:21:38	2000	3000	3333	9955	325	0.99100	1.11311	2.73916		
01:21:48	2000	3000	3333	9955	332	0.99100	1.11309	2.74482		
01:21:58	2000	3000	3333	9955	337	0.99100	1.11305	2.74927		
01:22:08	2000	3000	3333	9955	338	0.99100	1.11304	2.74754		
01:22:18	2000	3000	3333	9955	335	0.99100	1.11305	2.74825		
01:22:28	2000	3000	3333	9955	329	0.99100	1.11311	2.73673		
01:22:38	2000	3000	3333	9955	321	0.99100	1.11312	2.73549		
01:22:48	2000	3000	3333	9955	304	0.99100	1.11319	2.75601		
01:22:58	2000	3000	3333	9955	297	0.99100	1.11320	2.73662		
01:23:08	2000	3000	3333	9955	297	0.99100	1.11320	2.73662		
01:23:18	2000	3000	3333	9955	297	0.99100	1.11320	2.73662		
01:23:28	2000	3000	3333	9955	284	0.99100	1.11319	2.73622		
01:23:38	2000	3000	3333	9955	282	0.99100	1.11316	2.74425		
01:23:48	2000	3000	3333	9955	281	0.99100	1.11317	2.74603		
01:23:58	2000	3000	3333	9955	281	0.99100	1.11317	2.74603		
01:24:08	2000	3000	3333	9955	282	0.99100	1.11317	2.73873		
01:24:18	2000	3000	3333	9955	279	0.99100	1.11315	2.73237		
01:24:28	2000	3000	3333	9955	275	0.99100	1.11311	2.72482		
01:24:38	2000	3000	3333	9955	270	0.99100	1.11312	2.72758		
01:24:48	2000	3000	3333	9955	264	0.99100	1.11312	2.73309		
01:24:58	2000	3000	3333	9955	258	0.99100	1.11307	2.73544		
01:25:08	2000	3000	3333	9955	252	0.99100	1.11309	2.73030		
01:25:18	2000	3000	3333	9955	246	0.99100	1.11310	2.73061		
01:25:28	2000	3000	3333	9955	241	0.99100	1.11303	2.73486		
01:25:38	2000	3000	3333	9955	236	0.99100	1.11304	2.73328		
01:25:48	2000	3000	3333	9955	231	0.99100	1.11300	2.73271		
01:25:58	2000	3000	3333	9955	226	0.99100	1.11295	2.73596		
01:26:08	2000	3000	3333	9955	221	0.99100	1.11294	2.73255		
01:26:18	2000	3000	3333	9955	220	0.99100	1.11292	2.74071		
01:26:28	2000	3000	3333	9955	218	0.99100	1.11294	2.73806		
01:26:38	2000	3000	3333	9955	216	0.99100	1.11287	2.74165		
01:26:48	2000	3000	3333	9955	212	0.99100	1.11282	2.74351		
01:26:58	2000	3000	3333	9955	207	0.99100	1.11283	2.73553		
01:27:08	2000	3000	3333	9955	207	0.99100	1.11283	2.73553		
01:27:18	2000	3000	3333	9955	201	0.99100	1.11277	2.73441		
01:27:28	2000	3000	3333	9955	201	0.99100	1.11277	2.73441		
01:27:38	2000	3000	3333	9955	201	0.99100	1.11277	2.73441		
01:27:48	2000	3000	3333	9955	203	0.99100	1.11275	2.72591		
01:27:58	2000	3000	3333	9955	205	0.99100	1.11274	2.72908		
01:28:08	2000	3000	3333	9955	206	0.99100	1.11272	2.73880		
01:28:18	2000	3000	3333	9955	206	0.99100	1.11274	2.74438		
01:28:28	2000	3000	3333	9955	206	0.99100	1.11271	2.76099		
01:28:38	2000	3000	3333	9955	206	0.99100	1.11271	2.76099		
01:28:48	2000	3000	3333	9955	205	0.99100	1.11266	2.73698		
01:28:58	2000	3000	3333	9955	204	0.99100	1.11262	2.73111		
01:29:08	2000	3000	3333	9955	205	0.99100	1.11265	2.72557		
01:29:18	2000	3000	3333	9955	207	0.99100	1.11262	2.73534		
01:29:28	2000	3000	3333	9955	209	0.99100	1.11266	2.73320		
01:29:38	2000	3000	3333	9955	212	0.99100	1.11265	2.73526		
01:29:48	2000	3000	3333	9955	214	0.99100	1.11266	2.73041		
01:29:58	2000	3000	3333	9955	215	0.99100	1.11255	2.74943		
01:30:08	2000	3000	3333	9955	215	0.99100	1.11255	2.74943		
01:30:18	2000	3000	3333	9955	215	0.99100	1.11255	2.74943		
01:30:28	2000	3000	3333	9955	214	0.99100	1.11251	2.74784		
01:30:38	2000	3000	3333	9955	210	0.99100	1.11249	2.74330		
01:30:48	2000	3000	3333	9955	204	0.99100	1.11250	2.73549		
01:30:58	2000	3000	3333	9955	196	0.99100	1.11254	2.74394		
01:31:08	2000	3000	3333	9955	196	0.99100	1.11254	2.74394		
01:31:18	2000	3000	3333	9955	178	0.99100	1.11248	2.74321		
01:31:28	2000	3000	3333	9955	170	0.99100	1.11250	2.76756		
01:31:38	2000	3000	3333	9955	165	0.99100	1.11243	2.74389		
01:31:48	2000	3000	3333	9955	160	0.99100	1.11246	2.76182		
01:31:58	2000	3000	3333	9955	158	0.99100	1.11249	2.74029		
01:32:08	2000	3000	3333	9955	156	0.99100	1.11251	2.73890		
01:32:18	2000	3000	3333	9955	156	0.99100	1.11250	2.72573		
01:32:28	2000	3000	3333	9955	155	0.99100	1.11253	2.72353		
01:32:38	2000	3000	3333	9955	156	0.99100	1.11254	2.78021		
01:32:48	2000	3000	3333	9955	156	0.99100	1.11254	2.78021		
01:32:58	2000	3000	3333	9955	158	0.99100	1.11249	2.76688		
01:33:08	2000	3000	3333	9955	159	0.99100	1.11247	2.76278		
01:33:18	2000	3000	3333	9955	160	0.99100	1.11241	2.76456		
01:33:28	2000	3000	3333	9955	161	0.99100	1.11246	2.75733		
01:33:38	2000	3000	3333	9955	163	0.99100	1.11241	2.76382		
01:33:48	2000	3000	3333	9955	164	0.99100	1.11244	2.73840		
01:33:58	2000	3000	3333	9955	164	0.99100	1.11246	2.74113		
01:34:08	2000	3000	3333	9955	164	0.99100	1.11248	2.73487		
01:34:18	2000	3000	3333	9955	163	0.99100	1.11247	2.73152		
01:34:28	2000	3000	3333	9955	163	0.99100	1.11247	2.73152		
01:34:38	2000	3000	3333	9955	159	0.99100	1.11252	2.73724		
01:34:48	2000	3000	3333	9955	159	0.99100	1.11252	2.73724		
01:34:58	2000	3000	3333	9955	156	0.99100	1.11246	2.74042		
01:35:08	2000	3000	3333	9955	155	0.99100	1.11246	2.75086		
01:35:18	2000	3000	3333	9955	155	0.99100	1.11247	2.75831		
01:35:28	2000	3000	3333	9955	156	0.99100	1.11239	2.76672		
01:35:38	2000	3000	3333	9955	157	0.99100	1.11239	2.74264		
01:35:48	2000	3000	3333	9955	160	0.99100	1.11242	2.77241		
01:35:58	2000	3000	3333	9955	161	0.99100	1.11246	2.76723		
01:36:08	2000	3000	3333	9955	162	0.99100	1.11236	2.78782		
01:36:18	2000	3000	3333	9955	162	0.99100	1.11243	2.75212		
01:36:28	2000	3000	3333	9955	162	0.99100	1.11243	2.75212		
01:36:38	2000	3000	3333	9955	161	0.99100	1.11252	2.74915		
01:36:48	2000	3000	3333	9955	160	0.99100	1.11255	2.75626		
01:36:58	2000	3000	3333	9955	160	0.99100	1.11257	2.73699		
01:37:08	2000	3000	3333	9955	160	0.99100	1.11263	2.72796		
01:37:18	2000	3000	3333	9955	158	0.99100	1.11267	2.73500		
01:37:28	2000	3000	3333	9955	159	0.99100	1.11265	2.75459		
01:37:38	2000	3000	3333	9955	159	0.99100	1.11259	2.73947		
01:37:48	2000	3000	3333	9955	159	0.99100	1.11263	2.73212		
01:37:58	2000	3000	3333	9955	159	0.99100	1.11263	2.73212		
01:38:18	2000	3000	3333	9955	162	0.99100	1.11272	2.73533		
01:38:28	2000	3000	3333	9955	164	0.99100	1.11279	2.74205		
01:38:38	2000	3000	3333	9955	167	0.99100	1.11281	2.74890		
01:38:48	2000	3000	3333	9955	167	0.99100	1.11281	2.74890		
01:38:58	2000	3000	3333	9955	180	0.99100	1.11289	2.72430		
01:39:08	2000	3000	3333	9955	185	0.99100	1.11289	2.71381		
01:39:18	2000	3000	3333	9955	192	0.99100	1.11290	2.71012		
01:39:28	2000	3000	3333	9955	199	0.99100	1.11292	2.71388		
01:39:38	2000	3000	3333	9955	206	0.99100	1.11295	2.72082		
01:39:48	2000	3000	3333	9955	206	0.99100	1.11295	2.72082		
01:39:58	2000	3000	3333	9955	219	0.99100	1.11299	2.70691		
01:40:08	2000	3000	3333	9955	219	0.99100	1.11299	2.70691		
01:40:18	2000	3000	3333	9955	238	0.99100	1.11303	2.67867		
01:40:28	2000	3000	3333	9955	247	0.99100	1.11303	2.68003		
01:40:38	2000	3000	3333	9955	257	0.99100	1.11306	2.68443		
01:40:48	2000	3000	3333	9955	267	0.99100	1.11307	2.67595		
01:40:58	2000	3000	3333	9955	276	0.99100	1.11313	2.67290		
01:41:08	2000	3000	3333	9955	286	0.99100	1.11312	2.68484		
01:41:18	2000	3000	3333	9955	297	0.99100	1.11313	2.68905		
01:41:28	2000	3000	3333	9955	308	0.99100	1.11316	2.67992		
01:41:38	2000	3000	3333	9955	317	0.99100	1.11316	2.69658		
01:41:48	2000	3000	3333	9955	324	0.99100	1.11317	2.69328		
01:41:58	2000	3000	3333	9955	327	0.99100	1.11325	2.68953		
01:42:08	2000	3000	3333	9955	327	0.99100	1.11325	2.68374		
01:42:18	2000	3000	3333	9955	324	0.99100	1.11322	2.69279		
01:42:28	2000	3000	3333	9955	321	0.99100	1.11332	2.70064		
01:42:38	2000	3000	3333	9955	318	0.99100	1.11332	2.71456		
01:42:48	2000	3000	3333	9955	318	0.99100	1.11332	2.71456		
01:42:58	2000	3000	3333	9955	316	0.99100	1.11329	2.71316		
01:43:08	2000	3000	3333	9955	316	0.99100	1.11331	2.70818		
01:43:18	2000	3000	3333	9955	318	0.99100	1.11333	2.70428		
01:43:28	2000	3000	3333	9955	319	0.99100	1.11337	2.70185		
01:43:38	2000	3000	3333	9955	322	0.99100	1.11337	2.71464		
01:43:48	2000	3000	3333	9955	327	0.99100	1.11334	2.70759		
01:43:58	2000	3000	3333	9955	336	0.99100	1.11332	2.71898		
01:44:08	2000	3000	3333	9955	345	0.99100	1.11332	2.73570		
01:44:18	2000	3000	3333	9955	354	0.99100	1.11331	2.72654		
01:44:28	2000	3000	3333	9955	366	0.99100	1.11334	2.71037		
01:44:38	2000	3000	3333	9955	379	0.99100	1.11333	2.70566		
01:44:48	2000	3000	3333	9955	379	0.99100	1.11333	2.70566		
01:44:58	2000	3000	3333	9955	401	0.99100	1.11336	2.71386		
01:45:08	2000	3000	3333	9955	409	0.99100	1.11336	2.72085		
01:45:18	2000	3000	3333	9955	416	0.99100	1.11331	2.71590		
01:45:28	2000	3000	3333	9955	419	0.99100	1.11335	2.74734		
01:45:38	2000	3000	3333	9955	423	0.99100	1.11326	2.72790		
01:45:48	2000	3000	3333	9955	426	0.99100	1.11329	2.71339		
01:45:58	2000	3000	3333	9955	429	0.99100	1.11323	2.72612		
01:46:08	2000	3000	3333	9955	435	0.99100	1.11321	2.71579		
01:46:18	2000	3000	3333	9955	443	0.99100	1.11327	2.70744		
01:46:28	2000	3000	3333	9955	454	0.99100	1.11327	2.72009		
01:46:38	2000	3000	3333	9955	468	0.99100	1.11319	2.73084		
01:46:48	2000	3000	3333	9955	479	0.99100	1.11318	2.72931		
01:46:58	2000	3000	3333	9955	488	0.99100	1.11318	2.74145		
01:47:08	2000	3000	3333	9955	492	0.99100	1.11321	2.74020		
01:47:18	2000	3000	3333	9955	492	0.99100	1.11321	2.74020		
01:47:28	2000	3000	3333	9955	492	0.99100	1.11321	2.74020		
01:47:38	2000	3000	3333	9955	509	0.99100	1.11308	2.72678		
01:47:48	2000	3000	3333	9955	519	0.99100	1.11306	2.73787		
01:47:58	2000	3000	3333	9955	531	0.99100	1.11308	2.72667		
01:48:08	2000	3000	3333	9955	543	0.99100	1.11306	2.71669		
01:48:18	2000	3000	3333	9955	557	0.99100	1.11303	2.73227		
01:48:28	2000	3000	3333	9955	567	0.99100	1.11303	2.70929		
01:48:38	2000	3000	3333	9955	576	0.99100	1.11300	2.70938		
01:48:48	2000	3000	3333	9955	584	0.99100	1.11301	2.69443		
01:48:58	2000	3000	3333	9955	594	0.99100	1.11306	2.69316		
01:49:08	2000	3000	3333	9955	597	0.99100	1.11304	2.70729		
01:49:18	2000	3000	3333	9955	598	0.99100	1.11310	2.70875		
01:49:28	2000	3000	3333	9955	600	0.99100	1.11310	2.71031		
01:49:38	2000	3000	3333	9955	606	0.99100	1.11306	2.72124		
01:49:48	2000	3000	3333	9955	612	0.99100	1.11304	2.71363		
01:49:58	2000	3000	3333	9955	616	0.99100	1.11305	2.72451		
01:50:08	2000	3000	3333	9955	622	0.99100	1.11303	2.70789		
01:50:18	2000	3000	3333	9955	628	0.99100	1.11296	2.81526		
01:50:28	2000	3000	3333	9955	629	0.99100	1.11300	2.75545		
01:50:38	2000	3000	3333	9955	624	0.99100	1.11298	2.72358		
01:50:48	2000	3000	3333	9955	617	0.99100	1.11297	2.72455		
01:50:58	2000	3000	3333	9955	613	0.99100	1.11293	2.72380		
01:51:08	2000	3000	3333	9955	607	0.99100	1.11292	2.71993		
01:51:18	2000	3000	3333	9955	595	0.99100	1.11286	2.74159		
01:51:28	2000	3000	3333	9955	582	0.99100	1.11286	2.72455		
01:51:38	2000	3000	3333	9955	569	0.99100	1.11282	2.72275		
01:51:48	2000	3000	3333	9955	557	0.99100	1.11283	2.72471		
01:51:58	2000	3000	3333	9955	557	0.99100	1.11283	2.72471		
01:52:08	2000	3000	3333	9955	528	0.99100	1.11280	2.72492		
01:52:18	2000	3000	3333	9955	502	0.99100	1.11278	2.72120		
01:52:28	2000	3000	3333	9955	490	0.99100	1.11285	2.73676		
01:52:38	2000	3000	3333	9955	483	0.99100	1.11286	2.76476		
01:52:48	2000	3000	3333	9955	476	0.99100	1.11284	2.77875		
01:52:58	2000	3000	3333	9955	467	0.99100	1.11286	2.76282		
01:53:08	2000	3000	3333	9955	457	0.99100	1.11278	2.73763		
01:53:18	2000	3000	3333	9955	448	0.99100	1.11277	2.74166		
01:53:28	2000	3000	3333	9955	438	0.99100	1.11275	2.73661		
01:53:38	2000	3000	3333	9955	431	0.99100	1.11272	2.74451		
01:53:48	2000	3000	3333	9955	430	0.99100	1.11272	2.76350		
01:53:58	2000	3000	3333	9955	430	0.99100	1.11272	2.76350		
01:54:08	2000	3000	3333	9955	448	0.99100	1.11271	2.74382		
01:54:18	2000	3000	3333	9955	464	0.99100	1.11269	2.73664		
01:54:28	2000	3000	3333	9955	480	0.99100	1.11273	2.73169		
01:54:38	2000	3000	3333	9955	495	0.99100	1.11276	2.73169		
01:54:48	2000	3000	3333	9955	506	0.99100	1.11272	2.74380		
01:54:58	2000	3000	3333	9955	517	0.99100	1.11273	2.73591		
01:55:08	2000	3000	3333	9955	517	0.99100	1.11273	2.73591		
01:55:18	2000	3000	3333	9955	538	0.99100	1.11266	2.73227		
01:55:28	2000	3000	3333	9955	555	0.99100	1.11264	2.72892		
01:55:38	2000	3000	3333	9955	565	0.99100	1.11266	2.71647		
01:55:48	2000	3000	3333	9955	575	0.99100	1.11264	2.73243		
01:55:58	2000	3000	3333	9955	588	0.99100	1.11268	2.72853		
01:56:08	2000	3000	3333	9955	602	0.99100	1.11268	2.73359		
01:56:18	2000	3000	3333	9955	616	0.99100	1.11273	2.74274		
01:56:28	2000	3000	3333	9955	628	0.99100	1.11267	2.73691		
01:56:38	2000	3000	3333	9955	641	0.99100	1.11263	2.74683		
01:56:48	2000	3000	3333	9955	658	0.99100	1.11259	2.75226		
01:56:58	2000	3000	3333	9955	676	0.99100	1.11258	2.74234		
01:57:08	2000	3000	3333	9955	688	0.99100	1.11259	2.73339		
01:57:18	2000	3000	3333	9955	690	0.99100	1.11263	2.72870		
01:57:28	2000	3000	3333	9955	685	0.99100	1.11266	2.73646		
01:57:38	2000	3000	3333	9955	678	0.99100	1.11264	2.72698		
01:57:48	2000	3000	3333	9955	674	0.99100	1.11268	2.73126		
01:57:58	2000	3000	3333	9955	675	0.99100	1.11266	2.74157		
01:58:08	2000	3000	3333	9955	681	0.99100	1.11263	2.73310		
01:58:18	2000	3000	3333	9955	681	0.99100	1.11263	2.73310		
01:58:28	2000	3000	3333	9955	702	0.99100	1.11261	2.73561		
01:58:38	2000	3000	3333	9955	716	0.99100	1.11263	2.73472		
01:58:48	2000	3000	3333	9955	742	0.99100	1.11263	2.74274		
01:58:58	2000	3000	3333	9955	754	0.99100	1.11254	2.73808		
01:59:08	2000	3000	3333	9955	754	0.99100	1.11254	2.73808		
01:59:18	2000	3000	3333	9955	780	0.99100	1.11259	2.74096		
01:59:28	2000	3000	3333	9955	790	0.99100	1.11265	2.74176		
01:59:38	2000	3000	3333	9955	794	0.99100	1.11264	2.73546		
01:59:48	2000	3000	3333	9955	793	0.99100	1.11268	2.75043		
01:59:58	2000	3000	3333	9955	791	0.99100	1.11267	2.73673		
02:00:08	2000	3000	3333	9955	791	0.99100	1.11267	2.73673		
02:00:18	2000	3000	3333	9955	792	0.99100	1.11265	2.74334		
02:00:28	2000	3000	3333	9955	787	0.99100	1.11261	2.74258		
02:00:38	2000	3000	3333	9955	775	0.99100	1.11268	2.73784		
02:00:48	2000	3000	3333	9955	775	0.99100	1.11268	2.73784		
02:00:58	2000	3000	3333	9955	756	0.99100	1.11267	2.73295		
02:01:08	2000	3000	3333	9955	756	0.99100	1.11264	2.73198		
02:01:18	2000	3000	3333	9955	760	0.99100	1.11265	2.74880		
02:01:28	2000	3000	3333	9955	766	0.99100	1.11264	2.73270		
02:01:38	2000	3000	3333	9955	771	0.99100	1.11263	2.74224		
02:01:48	2000	3000	3333	9955	771	0.99100	1.11263	2.74224		
02:02:08	2000	3000	3333	9955	775	0.99100	1.11267	2.74987		
02:02:18	2000	3000	3333	9955	771	0.99100	1.11263	2.76393		
02:02:28	2000	3000	3333	9955	772	0.99100	1.11263	2.75218		
02:02:38	2000	3000	3333	9955	775	0.99100	1.11258	2.74715		
02:02:48	2000	3000	3333	9955	777	0.99100	1.11258	2.73671		
02:02:58	2000	3000	3333	9955	777	0.99100	1.11258	2.73671		
02:03:08	2000	3000	3333	9955	781	0.99100	1.11261	2.74338		
02:03:18	2000	3000	3333	9955	785	0.99100	1.11259	2.75002		
02:03:28	2000	3000	3333	9955	787	0.99100	1.11257	2.72121		
02:03:38	2000	3000	3333	9955	787	0.99100	1.11257	2.72121		
02:03:48	2000	3000	3333	9955	779	0.99100	1.11262	2.73257		
02:03:58	2000	3000	3333	9955	779	0.99100	1.11262	2.73257		
02:04:08	2000	3000	3333	9955	758	0.99100	1.11265	2.72928		
02:04:18	2000	3000	3333	9955	745	0.99100	1.11272	2.72676		
02:04:28	2000	3000	3333	9955	728	0.99100	1.11271	2.74270		
02:04:38	2000	3000	3333	9955	711	0.99100	1.11272	2.73896		
02:04:48	2000	3000	3333	9955	691	0.99100	1.11276	2.73385		
02:04:58	2000	3000	3333	9955	675	0.99100	1.11273	2.73043		
02:05:08	2000	3000	3333	9955	660	0.99100	1.11276	2.74382		
02:05:18	2000	3000	3333	9955	632	0.99100	1.11271	2.74128		
02:05:28	2000	3000	3333	9955	617	0.99100	1.11268	2.73661		
02:05:38	2000	3000	3333	9955	603	0.99100	1.11267	2.74665		
02:05:48	2000	3000	3333	9955	590	0.99100	1.11266	2.75241		
02:05:58	2000	3000	3333	9955	577	0.99100	1.11262	2.74623		
02:06:08	2000	3000	3333	9955	569	0.99100	1.11257	2.73751		
02:06:18	2000	3000	3333	9955	565	0.99100	1.11260	2.73499		
02:06:28	2000	3000	3333	9955	565	0.99100	1.11255	2.72567		
02:06:38	2000	3000	3333	9955	569	0.99100	1.11255	2.72658		
02:06:48	2000	3000	3333	9955	573	0.99100	1.11255	2.72533		
02:06:58	2000	3000	3333	9955	577	0.99100	1.11251	2.73037		
02:07:08	2000	3000	3333	9955	584	0.99100	1.11250	2.72404		
02:07:18	2000	3000	3333	9955	593	0.99100	1.11252	2.72887		
02:07:28	2000	3000	3333	9955	602	0.99100	1.11247	2.73869		
02:07:38	2000	3000	3333	9955	611	0.99100	1.11247	2.71887		
02:07:48	2000	3000	3333	9955	611	0.99100	1.11247	2.71887		
02:07:58	2000	3000	3333	9955	636	0.99100	1.11246	2.74174		
02:08:08	2000	3000	3333	9955	653	0.99100	1.11246	2.72391		
02:08:18	2000	3000	3333	9955	673	0.99100	1.11242	2.72655		
02:08:28	2000	3000	3333	9955	703	0.99100	1.11238	2.73584		
02:08:38	2000	3000	3333	9955	712	0.99100	1.11236	2.73641		
02:08:48	2000	3000	3333	9955	717	0.99100	1.11236	2.74755		
02:08:58	2000	3000	3333	9955	715	0.99100	1.11235	2.74431		
02:09:08	2000	3000	3333	9955	707	0.99100	1.11235	2.74914		
02:09:18	2000	3000	3333	9955	699	0.99100	1.11233	2.74505		
02:09:28	2000	3000	3333	9955	693	0.99100	1.11229	2.74205		
02:09:38	2000	3000	3333	9955	693	0.99100	1.11229	2.74205		
02:09:48	2000	3000	3333	9955	693	0.99100	1.11229	2.74205		
02:22:22	2000	3000	3333	9955	945	0.99100	1.11244	2.73093		
02:22:32	2000	3000	3333	9955	968	0.99100	1.11246	2.76962		
02:22:42	2000	3000	3333	9955	975	0.99100	1.11250	2.74105		
02:22:52	2000	3000	3333	9955	967	0.99100	1.11248	2.74491		
02:23:02	2000	3000	3333	9955	967	0.99100	1.11248	2.74491		
02:23:12	2000	3000	3333	9955	967	0.99100	1.11248	2.74491		
02:23:22	2000	3000	3333	9955	888	0.99100	1.11251	2.75258		
02:23:32	2000	3000	3333	9955	850	0.99100	1.11253	2.73804		
02:23:42	2000	3000	3333	9955	813	0.99100	1.11253	2.71876		
02:23:52	2000	3000	3333	9955	786	0.99100	1.11257	2.72007		
02:24:02	2000	3000	3333	9955	786	0.99100	1.11257	2.72007		
02:24:22	2000	3000	3333	9955	793	0.99100	1.11270	2.70140		
02:24:32	2000	3000	3333	9955	793	0.99100	1.11270	2.70140		
02:24:42	2000	3000	3333	9955	835	0.99100	1.11273	2.70980		
02:24:52	2000	3000	3333	9955	855	0.99100	1.11272	2.74138		
02:25:02	2000	3000	3333	9955	865	0.99100	1.11267	2.73973		
02:25:12	2000	3000	3333	9955	879	0.99100	1.11272	2.73284		
02:25:22	2000	3000	3333	9955	895	0.99100	1.11277	2.72755		
02:25:32	2000	3000	3333	9955	909	0.99100	1.11276	2.72139		
02:25:42	2000	3000	3333	9955	918	0.99100	1.11276	2.71181		
02:25:52	2000	3000	3333	9955	920	0.99100	1.11280	2.71551		
02:26:02	2000	3000	3333	9955	921	0.99100	1.11285	2.71787		
02:26:12	2000	3000	3333	9955	923	0.99100	1.11284	2.71152		
02:26:22	2000	3000	3333	9955	922	0.99100	1.11292	2.70791		
02:26:32	2000	3000	3333	9955	922	0.99100	1.11292	2.70791		
02:26:42	2000	3000	3333	9955	905	0.99100	1.11292	2.68633		
02:26:52	2000	3000	3333	9955	894	0.99100	1.11295	2.68100		
02:27:02	2000	3000	3333	9955	890	0.99100	1.11295	2.66766		
02:27:12	2000	3000	3333	9955	887	0.99100	1.11294	2.67359		
02:27:22	2000	3000	3333	9955	888	0.99100	1.11298	2.67355		
02:27:32	2000	3000	3333	9955	892	0.99100	1.11305	2.68623		
02:27:42	2000	3000	3333	9955	895	0.99100	1.11305	2.69889		
02:27:52	2000	3000	3333	9955	899	0.99100	1.11305	2.71170		
02:28:02	2000	3000	3333	9955	899	0.99100	1.11303	2.69947		
02:28:12	2000	3000	3333	9955	902	0.99100	1.11304	2.73388		
02:28:22	2000	3000	3333	9955	899	0.99100	1.11311	2.73270		
02:28:32	2000	3000	3333	9955	899	0.99100	1.11311	2.73270		
02:28:42	2000	3000	3333	9955	899	0.99100	1.11311	2.73270		
02:33:32	2000	3000	3333	9955	986	0.99100	1.11313	2.70751		
02:33:42	2000	3000	3333	9955	1002	0.99100	1.11306	2.70665		
02:33:52	2000	3000	3333	9955	1007	0.99100	1.11308	2.70392		
02:34:02	2000	3000	3333	9955	1006	0.99100	1.11310	2.71730		
02:34:12	2000	3000	3333	9955	1006	0.99100	1.11310	2.71730		
02:34:32	2000	3000	3333	9955	988	0.99100	1.11302	2.70689		
02:34:42	2000	3000	3333	9955	984	0.99100	1.11299	2.70058		
02:34:52	2000	3000	3333	9955	1003	0.99100	1.11297	2.70844		
02:35:02	2000	3000	3333	9955	1029	0.99100	1.11296	2.70263		
02:35:12	2000	3000	3333	9955	1055	0.99100	1.11301	2.69660		
02:35:22	2000	3000	3333	9955	1075	0.99100	1.11298	2.70986		
02:35:32	2000	3000	3333	9955	1075	0.99100	1.11298	2.70986		
02:35:42	2000	3000	3333	9955	1084	0.99100	1.11292	2.72101		
02:35:52	2000	3000	3333	9955	1077	0.99100	1.11291	2.71865		
02:36:02	2000	3000	3333	9955	1066	0.99100	1.11295	2.71333		
02:36:12	2000	3000	3333	9955	1066	0.99100	1.11295	2.71333		
02:36:22	2000	3000	3333	9955	1066	0.99100	1.11295	2.71333		
02:38:03	2000	3000	3333	9955	892	0.99100	1.11300	2.70724		
02:38:13	2000	3000	3333	9955	892	0.99100	1.11300	2.70724		
02:38:23	2000	3000	3333	9955	864	0.99100	1.11300	2.71756		
02:38:33	2000	3000	3333	9955	852	0.99100	1.11297	2.71940		
02:38:43	2000	3000	3333	9955	838	0.99100	1.11298	2.70662		
02:38:53	2000	3000	3333	9955	821	0.99100	1.11300	2.70841		
02:39:03	2000	3000	3333	9955	805	0.99100	1.11303	2.71021		
02:39:13	2000	3000	3333	9955	791	0.99100	1.11305	2.70864		
02:39:23	2000	3000	3333	9955	780	0.99100	1.11303	2.70637		
02:39:33	2000	3000	3333	9955	780	0.99100	1.11303	2.70637		
02:39:43	2000	3000	3333	9955	780	0.99100	1.11303	2.70637		
02:40:23	2000	3000	3333	9955	764	0.99100	1.11308	2.70490		
02:40:33	2000	3000	3333	9955	764	0.99100	1.11308	2.70490		
03:21:35	2000	3000	3333	9955	1096	0.99100	1.11336	2.72704		
03:21:45	2000	3000	3333	9955	1096	0.99100	1.11336	2.72704		
03:21:55	2000	3000	3333	9955	1094	0.99100	1.11342	2.73651		
03:22:05	2000	3000	3333	9955	1094	0.99100	1.11342	2.73651		
03:22:15	2000	3000	3333	9955	1094	0.99100	1.11342	2.73651		
03:22:25	2000	3000	3333	9955	1169	0.99100	1.11326	2.72443		
03:22:35	2000	3000	3333	9955	1169	0.99100	1.11326	2.72443		
03:22:45	2000	3000	3333	9955	1225	0.99100	1.11325	2.68882		
03:22:55	2000	3000	3333	9955	1225	0.99100	1.11325	2.68882		
03:23:25	2000	3000	3333	9955	1289	0.99100	1.11325	2.69967		
03:23:35	2000	3000	3333	9955	1288	0.99100	1.11320	2.69301		
03:23:45	2000	3000	3333	9955	1288	0.99100	1.11320	2.69301		
03:23:55	2000	3000	3333	9955	1281	0.99100	1.11324	2.70131		
03:24:05	2000	3000	3333	9955	1269	0.99100	1.11327	2.69970		
03:24:15	2000	3000	3333	9955	1269	0.99100	1.11327	2.69970		
03:24:25	2000	3000	3333	9955	1269	0.99100	1.11327	2.69970		
03:24:35	2000	3000	3333	9955	1267	0.99100	1.11318	2.71818		
03:24:45	2000	3000	3333	9955	1267	0.99100	1.11318	2.71818		
03:24:55	2000	3000	3333	9955	1292	0.99100	1.11329	2.70214		
03:25:05	2000	3000	3333	9955	1292	0.99100	1.11329	2.70214		
03:25:15	2000	3000	3333	9955	1327	0.99100	1.11321	2.72062		
03:25:25	2000	3000	3333	9955	1327	0.99100	1.11321	2.72062		
03:25:35	2000	3000	3333	9955	1327	0.99100	1.11321	2.72062		
03:26:15	2000	3000	3333	9955	1364	0.99100	1.11305	2.71842		
03:26:25	2000	3000	3333	9955	1364	0.99100	1.11305	2.71842		
03:26:35	2000	3000	3333	9955	1364	0.99100	1.11306	2.72524		
03:26:45	2000	3000	3333	9955	1364	0.99100	1.11306	2.72524		
03:27:05	2000	3000	3333	9955	1342	0.99100	1.11301	2.73841		
03:27:15	2000	3000	3333	9955	1342	0.99100	1.11301	2.73841		
03:27:25	2000	3000	3333	9955	1296	0.99100	1.11291	2.71863		
03:27:35	2000	3000	3333	9955	1278	0.99100	1.11294	2.70635		
03:27:45	2000	3000	3333	9955	1259	0.99100	1.11294	2.72459		
03:27:55	2000	3000	3333	9955	1240	0.99100	1.11291	2.71059		
03:28:05	2000	3000	3333	9955	1240	0.99100	1.11291	2.71059		
03:28:15	2000	3000	3333	9955	1240	0.99100	1.11291	2.71059		
03:28:25	2000	3000	3333	9955	1204	0.99100	1.11283	2.71078		
03:28:35	2000	3000	3333	9955	1205	0.99100	1.11288	2.70795		
03:28:45	2000	3000	3333	9955	1205	0.99100	1.11288	2.70795		
03:28:55	2000	3000	3333	9955	1198	0.99100	1.11286	2.70826		
03:29:05	2000	3000	3333	9955	1198	0.99100	1.11286	2.70826		
03:29:15	2000	3000	3333	9955	1198	0.99100	1.11286	2.70826		
03:29:35	2000	3000	3333	9955	1236	0.99100	1.11296	2.70207		
03:29:45	2000	3000	3333	9955	1249	0.99100	1.11295	2.71101		
03:29:55	2000	3000	3333	9955	1257	0.99100	1.11295	2.70720		
03:30:05	2000	3000	3333	9955	1258	0.99100	1.11298	2.71117		
03:30:15	2000	3000	3333	9955	1258	0.99100	1.11298	2.71117		
03:38:45	2000	3000	3333	9955	954	0.99100	1.11272	2.70168		
03:38:55	2000	3000	3333	9955	954	0.99100	1.11272	2.70168		
03:39:05	2000	3000	3333	9955	954	0.99100	1.11272	2.70168		
03:39:25	2000	3000	3333	9955	932	0.99100	1.11280	2.70283		
03:39:35	2000	3000	3333	9955	926	0.99100	1.11277	2.68970		
03:39:45	2000	3000	3333	9955	926	0.99100	1.11277	2.68970		
03:40:15	2000	3000	3333	9955	909	0.99100	1.11272	2.68198		
03:40:25	2000	3000	3333	9955	903	0.99100	1.11273	2.68534		
03:40:35	2000	3000	3333	9955	891	0.99100	1.11262	2.69546		
03:40:45	2000	3000	3333	9955	891	0.99100	1.11262	2.69546		
03:40:55	2000	3000	3333	9955	891	0.99100	1.11262	2.69546		
03:41:25	2000	3000	3333	9955	878	0.99100	1.11256	2.67751		
03:41:35	2000	3000	3333	9955	878	0.99100	1.11256	2.67751		
03:41:45	2000	3000	3333	9955	878	0.99100	1.11256	2.67751		
03:42:15	2000	3000	3333	9955	845	0.99100	1.11246	2.69036		
03:42:25	2000	3000	3333	9955	842	0.99100	1.11249	2.69708		
03:42:35	2000	3000	3333	9955	842	0.99100	1.11249	2.69708		
03:42:45	2000	3000	3333	9955	836	0.99100	1.11252	2.71258		
03:42:55	2000	3000	3333	9955	836	0.99100	1.11252	2.71258		
03:43:05	2000	3000	3333	9955	835	0.99100	1.11236	2.68299		
03:43:15	2000	3000	3333	9955	835	0.99100	1.11236	2.68299		
03:43:35	2000	3000	3333	9955	815	0.99100	1.11231	2.68624		
03:43:45	2000	3000	3333	9955	805	0.99100	1.11231	2.68655		
03:43:55	2000	3000	3333	9955	805	0.99100	1.11231	2.68655		
04:05:55	2000	3000	3333	9955	773	0.99100	1.11279	2.69245		
04:06:05	2000	3000	3333	9955	773	0.99100	1.11279	2.69245		
04:06:55	2000	3000	3333	9955	883	0.99100	1.11258	2.66376		
04:07:05	2000	3000	3333	9955	883	0.99100	1.11258	2.66376		
04:07:15	2000	3000	3333	9955	883	0.99100	1.11258	2.66376		
04:07:25	2000	3000	3333	9955	945	0.99100	1.11245	2.68159		
04:07:35	2000	3000	3333	9955	965	0.99100	1.11244	2.67065		
04:07:45	2000	3000	3333	9955	965	0.99100	1.11244	2.67065		
04:07:55	2000	3000	3333	9955	996	0.99100	1.11238	2.68681		
04:08:05	2000	3000	3333	9955	996	0.99100	1.11238	2.68681		
04:08:15	2000	3000	3333	9955	996	0.99100	1.11238	2.68681		
04:08:25	2000	3000	3333	9955	982	0.99100	1.11233	2.68021		
04:08:35	2000	3000	3333	9955	982	0.99100	1.11233	2.68021		
04:08:55	2000	3000	3333	9955	984	0.99100	1.11224	2.66208		
04:09:05	2000	3000	3333	9955	997	0.99100	1.11229	2.67304		
04:09:15	2000	3000	3333	9955	1003	0.99100	1.11226	2.65927		
04:09:25	2000	3000	3333	9955	1006	0.99100	1.11227	2.66439		
04:09:35	2000	3000	3333	9955	1006	0.99100	1.11227	2.66439		
04:10:05	2000	3000	3333	9955	994	0.99100	1.11217	2.68941		
04:10:15	2000	3000	3333	9955	983	0.99100	1.11213	2.68173		
04:10:25	2000	3000	3333	9955	983	0.99100	1.11213	2.68173		
04:10:35	2000	3000	3333	9955	983	0.99100	1.11213	2.68173		
04:11:05	2000	3000	3333	9955	904	0.99100	1.11205	2.65798		
04:11:15	2000	3000	3333	9955	892	0.99100	1.11207	2.64879		
04:11:25	2000	3000	3333	9955	880	0.99100	1.11206	2.68174		
04:11:35	2000	3000	3333	9955	880	0.99100	1.11206	2.68174		
04:11:45	2000	3000	3333	9955	880	0.99100	1.11206	2.68174		
04:15:15	2000	3000	3333	9955	802	0.99100	1.11182	2.67551		
04:15:25	2000	3000	3333	9955	802	0.99100	1.11182	2.67551		
04:16:15	2000	3000	3333	9955	659	0.99100	1.11182	2.67205		
04:16:25	2000	3000	3333	9955	659	0.99100	1.11182	2.67205		
04:16:35	2000	3000	3333	9955	634	0.99100	1.11185	2.67941		
04:16:45	2000	3000	3333	9955	626	0.99100	1.11185	2.67432		
04:16:55	2000	3000	3333	9955	626	0.99100	1.11185	2.67432		
04:17:05	2000	3000	3333	9955	626	0.99100	1.11185	2.67432		
04:41:08	2000	3000	3333	9955	2814	0.99100	1.11236	2.64668		
04:41:18	2000	3000	3333	9955	2814	0.99100	1.11236	2.64668		
04:44:18	2000	3000	3333	9955	2728	0.99100	1.11253	2.63488		
04:44:28	2000	3000	3333	9955	2728	0.99100	1.11253	2.63488		
04:47:48	2000	3000	3333	9955	2558	0.99100	1.11280	2.65804		
04:47:58	2000	3000	3333	9955	2558	0.99100	1.11280	2.65804		
04:48:28	2000	3000	3333	9955	2626	0.99100	1.11283	2.64251		
04:48:38	2000	3000	3333	9955	2640	0.99100	1.11282	2.63526		
04:48:48	2000	3000	3333	9955	2640	0.99100	1.11282	2.63526		
04:49:18	2000	3000	3333	9955	2658	0.99100	1.11288	2.64578		
04:49:28	2000	3000	3333	9955	2658	0.99100	1.11288	2.64578		
04:49:38	2000	3000	3333	9955	2658	0.99100	1.11288	2.64578		
05:21:18	2000	3000	3333	9955	4488	0.99100	1.11332	2.58379		
05:21:28	2000	3000	3333	9955	4480	0.99100	1.11334	2.57825		
05:21:38	2000	3000	3333	9955	4480	0.99100	1.11334	2.57825		
05:21:48	2000	3000	3333	9955	4480	0.99100	1.11334	2.57825		
05:26:36	2000	3000	3333	9955	4319	0.99100	1.11362	2.60233		
05:26:46	2000	3000	3333	9955	4274	0.99100	1.11366	2.59583		
05:26:56	2000	3000	3333	9955	4274	0.99100	1.11366	2.59583		
05:27:06	2000	3000	3333	9955	4274	0.99100	1.11366	2.59583		
05:29:06	2000	3000	3333	9955	3984	0.99100	1.11394	2.59671		
05:29:16	2000	3000	3333	9955	3984	0.99100	1.11394	2.59671		
05:29:36	2000	3000	3333	9955	3947	0.99100	1.11395	2.58289		
05:29:46	2000	3000	3333	9955	3947	0.99100	1.11395	2.58289		
05:30:06	2000	3000	3333	9955	3935	0.99100	1.11404	2.58573		
05:30:16	2000	3000	3333	9955	3935	0.99100	1.11404	2.58573		
05:30:26	2000	3000	3333	9955	3913	0.99100	1.11404	2.60394		
05:30:36	2000	3000	3333	9955	3913	0.99100	1.11404	2.60394		
05:30:46	2000	3000	3333	9955	3913	0.99100	1.11404	2.60394		
06:05:07	2000	3000	3333	9955	3693	0.99100	1.11300	2.79929		
06:05:17	2000	3000	3333	9955	3693	0.99100	1.11300	2.79929		
06:05:27	2000	3000	3333	9955	3693	0.99100	1.11300	2.79929		
06:21:17	2000	3000	3333	9955	3101	0.99100	1.11426	2.59639		
06:21:27	2000	3000	3333	9955	3101	0.99100	1.11426	2.59639		
06:21:37	2000	3000	3333	9955	3233	0.99100	1.11426	2.66707		
06:21:47	2000	3000	3333	9955	3233	0.99100	1.11426	2.66707		
06:21:57	2000	3000	3333	9955	3233	0.99100	1.11426	2.66707		
06:22:27	2000	3000	3333	9955	3369	0.99100	1.11434	2.67940		
06:22:37	2000	3000	3333	9955	3395	0.99100	1.11436	2.66740		
06:22:47	2000	3000	3333	9955	3395	0.99100	1.11436	2.66740		
06:22:57	2000	3000	3333	9955	3446	0.99100	1.11435	2.67688		
06:23:07	2000	3000	3333	9955	3446	0.99100	1.11435	2.67688		
06:24:37	2000	3000	3333	9955	3559	0.99100	1.11435	2.67631		
06:24:47	2000	3000	3333	9955	3559	0.99100	1.11435	2.67631		
06:24:57	2000	3000	3333	9955	3559	0.99100	1.11435	2.67631		
06:36:47	2000	3000	3333	9955	3296	0.99100	1.11402	2.77226		
06:36:57	2000	3000	3333	9955	3296	0.99100	1.11402	2.77226		
06:37:07	2000	3000	3333	9955	3278	0.99100	1.11397	2.75995		
06:37:17	2000	3000	3333	9955	3278	0.99100	1.11397	2.75995		
06:37:27	2000	3000	3333	9955	3278	0.99100	1.11397	2.75995		
06:38:27	2000	3000	3333	9955	3174	0.99100	1.11386	2.61213		
06:38:37	2000	3000	3333	9955	3174	0.99100	1.11386	2.61213		
07:47:35	2000	3000	3333	9955	4709	0.99100	1.11313	2.60854		
07:47:45	2000	3000	3333	9955	4709	0.99100	1.11313	2.60854		
07:47:55	2000	3000	3333	9955	4709	0.99100	1.11313	2.60854		
07:48:55	2000	3000	3333	9955	4608	0.99100	1.11337	2.60145		
07:49:05	2000	3000	3333	9955	4608	0.99100	1.11337	2.60145		
07:49:25	2000	3000	3333	9955	4591	0.99100	1.11344	2.60890		
07:49:35	2000	3000	3333	9955	4591	0.99100	1.11344	2.60890		
07:50:25	2000	3000	3333	9955	4676	0.99100	1.11370	2.60851		
07:50:35	2000	3000	3333	9955	4676	0.99100	1.11370	2.60851		
07:50:45	2000	3000	3333	9955	4676	0.99100	1.11370	2.60851		
09:52:59	2000	3000	3333	9955	1556	0.99100	1.11434	2.79644		
09:53:09	2000	3000	3333	9955	1556	0.99100	1.11434	2.79644		
09:53:19	2000	3000	3333	9955	1556	0.99100	1.11434	2.79644		
