

			DELHI AIRPORT : 30 m Base line


Time	RVR	 MOR	RVR	MOR	BLM	Trf	 Ref(v)	PD(v)
	(limited)	(limited)	(actual)	(actual)

00:00:24	2000	3000	3333	6899	228	0.98704	1.05869	4.31677		
00:00:34	2000	3000	3333	6899	228	0.98704	1.05869	4.31677		
00:00:44	2000	3000	3333	6899	228	0.98704	1.05869	4.31677		
00:05:34	2000	3000	3333	6696	265	0.98665	1.05849	4.31409		
00:05:44	2000	3000	3333	6696	265	0.98665	1.05849	4.31409		
00:06:24	2000	3000	3333	7269	285	0.98769	1.05807	4.31739		
00:06:34	2000	3000	3333	7269	285	0.98769	1.05807	4.31739		
00:08:05	2000	3000	3333	6926	330	0.98709	1.05824	4.31518		
00:08:15	2000	3000	3333	6926	330	0.98709	1.05824	4.31518		
00:09:46	2000	3000	3333	7083	379	0.98737	1.05793	4.31528		
00:09:56	2000	3000	3333	7083	379	0.98737	1.05793	4.31528		
00:10:06	2000	3000	3333	7083	379	0.98737	1.05793	4.31528		
00:11:27	2000	3000	3333	6715	426	0.98669	1.05836	4.31374		
00:11:37	2000	3000	3333	6715	426	0.98669	1.05836	4.31374		
00:12:17	2000	3000	3333	7067	455	0.98735	1.05798	4.31535		
00:12:28	2000	3000	3333	7067	455	0.98735	1.05798	4.31535		
00:12:38	2000	3000	3333	7067	455	0.98735	1.05798	4.31535		
00:13:59	2000	3000	3333	7115	507	0.98743	1.05827	4.31694		
00:14:10	2000	3000	3333	7115	507	0.98743	1.05827	4.31694		
00:14:50	2000	3000	3333	6795	539	0.98684	1.05819	4.31379		
00:15:00	2000	3000	3333	6795	539	0.98684	1.05819	4.31379		
00:15:11	2000	3000	3333	6795	539	0.98684	1.05819	4.31379		
00:15:41	2000	3000	3333	7309	566	0.98776	1.05806	4.31767		
00:15:51	2000	3000	3333	7309	566	0.98776	1.05806	4.31767		
00:18:55	2000	3000	3333	7018	681	0.98726	1.05833	4.31635		
00:19:05	2000	3000	3333	7018	681	0.98726	1.05833	4.31635		
00:19:15	2000	3000	3333	7018	681	0.98726	1.05833	4.31635		
00:21:28	2000	3000	3333	6718	774	0.98669	1.05891	4.31601		
00:21:38	2000	3000	3333	6718	774	0.98669	1.05891	4.31601		
00:21:48	2000	3000	3333	6718	774	0.98669	1.05891	4.31601		
00:22:18	2000	3000	3333	5902	803	0.98487	1.05898	4.30753		
00:22:29	2000	3000	3333	5902	803	0.98487	1.05898	4.30753		
00:24:00	2000	3000	3333	6866	866	0.98698	1.05826	4.31472		
00:24:11	2000	3000	3333	6866	866	0.98698	1.05826	4.31472		
00:24:21	2000	3000	3333	6866	866	0.98698	1.05826	4.31472		
00:24:51	2000	3000	3333	6456	894	0.98616	1.05859	4.31213		
00:25:02	2000	3000	3333	6456	894	0.98616	1.05859	4.31213		
00:26:33	2000	3000	3333	6982	958	0.98719	1.05799	4.31465		
00:26:43	2000	3000	3333	6982	958	0.98719	1.05799	4.31465		
00:26:53	2000	3000	3333	6982	958	0.98719	1.05799	4.31465		
00:28:04	2000	3000	3333	6746	1016	0.98675	1.05891	4.31627		
00:28:14	2000	3000	3333	6746	1016	0.98675	1.05891	4.31627		
00:28:24	2000	3000	3333	6746	1016	0.98675	1.05891	4.31627		
00:29:04	2000	3000	3333	2828	1051	0.96867	1.05905	4.23008		
00:29:14	2000	3000	3333	2828	1051	0.96867	1.05905	4.23008		
00:29:24	2000	3000	3333	2828	1051	0.96867	1.05905	4.23008		
00:30:45	2000	3000	3333	6821	1116	0.98689	1.05863	4.31582		
00:30:55	2000	3000	3333	6821	1116	0.98689	1.05863	4.31582		
00:31:05	2000	3000	3333	6821	1116	0.98689	1.05863	4.31582		
00:31:35	2000	3000	3333	6389	1143	0.98601	1.05882	4.31237		
00:31:45	2000	3000	3333	6389	1143	0.98601	1.05882	4.31237		
00:31:55	2000	3000	3333	6389	1143	0.98601	1.05882	4.31237		
00:32:26	2000	3000	3333	6527	1178	0.98631	1.05921	4.31537		
00:32:36	2000	3000	3333	6527	1178	0.98631	1.05921	4.31537		
00:33:16	2000	3000	3333	6820	1211	0.98689	1.05871	4.31614		
00:33:26	2000	3000	3333	6820	1211	0.98689	1.05871	4.31614		
00:34:06	2000	3000	3333	6784	1248	0.98682	1.05868	4.31569		
00:34:16	2000	3000	3333	6784	1248	0.98682	1.05868	4.31569		
00:34:27	2000	3000	3333	6784	1248	0.98682	1.05868	4.31569		
00:34:57	2000	3000	3333	6521	1278	0.98629	1.05896	4.31429		
00:35:07	2000	3000	3333	6521	1278	0.98629	1.05896	4.31429		
00:35:47	2000	3000	3333	6750	1310	0.98676	1.05842	4.31431		
00:35:57	2000	3000	3333	6750	1310	0.98676	1.05842	4.31431		
00:37:28	2000	3000	3333	6798	1376	0.98685	1.05838	4.31459		
00:37:38	2000	3000	3333	6798	1376	0.98685	1.05838	4.31459		
00:38:18	2000	3000	3333	6804	1406	0.98686	1.05874	4.31612		
00:38:28	2000	3000	3333	6804	1406	0.98686	1.05874	4.31612		
00:39:09	2000	3000	3333	6574	1442	0.98640	1.05879	4.31413		
00:39:19	2000	3000	3333	6574	1442	0.98640	1.05879	4.31413		
00:39:29	2000	3000	3333	6574	1442	0.98640	1.05879	4.31413		
00:39:59	2000	3000	3333	6917	1472	0.98707	1.05898	4.31812		
00:40:09	2000	3000	3333	6917	1472	0.98707	1.05898	4.31812		
00:40:19	2000	3000	3333	6917	1472	0.98707	1.05898	4.31812		
00:40:49	2000	3000	3333	6586	1501	0.98643	1.05840	4.31266		
00:41:00	2000	3000	3333	6586	1501	0.98643	1.05840	4.31266		
00:42:01	2000	3000	3333	6275	1551	0.98576	1.05874	4.31084		
00:42:11	2000	3000	3333	6275	1551	0.98576	1.05874	4.31084		
00:42:21	2000	3000	3333	6275	1551	0.98576	1.05874	4.31084		
00:42:51	2000	3000	3333	6656	1584	0.98657	1.05908	4.31611		
00:43:01	2000	3000	3333	6656	1584	0.98657	1.05908	4.31611		
00:43:51	2000	3000	3333	6526	1622	0.98630	1.05893	4.31422		
00:44:02	2000	3000	3333	6526	1622	0.98630	1.05893	4.31422		
00:45:32	2000	3000	3333	6149	1691	0.98547	1.05957	4.31283		
00:45:42	2000	3000	3333	6149	1691	0.98547	1.05957	4.31283		
00:46:23	2000	3000	3333	6086	1721	0.98532	1.05923	4.31072		
00:46:33	2000	3000	3333	6086	1721	0.98532	1.05923	4.31072		
00:49:44	2000	3000	3333	6259	1855	0.98572	1.05976	4.31482		
00:49:54	2000	3000	3333	6259	1855	0.98572	1.05976	4.31482		
00:50:04	2000	3000	3333	6259	1855	0.98572	1.05976	4.31482		
00:50:35	2000	3000	3333	6265	1885	0.98574	1.05976	4.31488		
00:50:45	2000	3000	3333	6265	1885	0.98574	1.05976	4.31488		
00:52:15	2000	3000	3333	6043	1946	0.98522	1.06001	4.31340		
00:52:25	2000	3000	3333	6043	1946	0.98522	1.06001	4.31340		
00:52:35	2000	3000	3333	6043	1946	0.98522	1.06001	4.31340		
00:53:56	2000	3000	3333	5686	2001	0.98430	1.05983	4.30824		
00:54:06	2000	3000	3333	5686	2001	0.98430	1.05983	4.30824		
00:56:27	2000	3000	3333	5153	2093	0.98269	1.06080	4.30445		
00:56:37	2000	3000	3333	5153	2093	0.98269	1.06080	4.30445		
00:57:18	2000	3000	3333	5580	2128	0.98400	1.05994	4.30727		
00:57:28	2000	3000	3333	5580	2128	0.98400	1.05994	4.30727		
00:57:38	2000	3000	3333	5580	2128	0.98400	1.05994	4.30727		
01:01:30	2000	3000	3333	5167	2266	0.98273	1.06077	4.30455		
01:01:40	2000	3000	3333	5167	2266	0.98273	1.06077	4.30455		
01:04:01	2000	3000	3333	5108	2341	0.98254	1.06070	4.30332		
01:04:11	2000	3000	3333	5108	2341	0.98254	1.06070	4.30332		
01:09:10	2000	3000	3333	4683	2397	0.98097	1.06058	4.29528		
01:09:20	2000	3000	3333	4683	2397	0.98097	1.06058	4.29528		
01:09:30	2000	3000	3333	4683	2397	0.98097	1.06058	4.29528		
01:10:50	2000	3000	3333	4673	2449	0.98092	1.06086	4.29621		
01:11:00	2000	3000	3333	4673	2449	0.98092	1.06086	4.29621		
01:11:41	2000	3000	3333	3411	2477	0.97396	1.06074	4.26223		
01:11:51	2000	3000	3333	3411	2477	0.97396	1.06074	4.26223		
01:12:01	2000	3000	3333	3411	2477	0.97396	1.06074	4.26223		
01:12:32	2000	3000	3333	4240	2499	0.97900	1.06123	4.28844		
01:12:42	2000	3000	3333	4240	2499	0.97900	1.06123	4.28844		
01:13:22	2000	3000	3333	4428	2523	0.97988	1.06106	4.29201		
01:13:33	2000	3000	3333	4428	2523	0.97988	1.06106	4.29201		
01:14:03	2000	3000	3333	4397	2539	0.97974	1.06067	4.28976		
01:14:13	2000	3000	3333	4397	2539	0.97974	1.06067	4.28976		
01:14:24	2000	3000	3333	4397	2539	0.97974	1.06067	4.28976		
01:15:04	2000	3000	3333	4366	2577	0.97960	1.06098	4.29033		
01:15:15	2000	3000	3333	4366	2577	0.97960	1.06098	4.29033		
01:15:45	2000	3000	3333	4307	2602	0.97932	1.06096	4.28891		
01:15:55	2000	3000	3333	4307	2602	0.97932	1.06096	4.28891		
01:16:05	2000	3000	3333	4307	2602	0.97932	1.06096	4.28891		
01:16:36	2000	3000	3333	4352	2625	0.97953	1.06060	4.28847		
01:16:46	2000	3000	3333	4352	2625	0.97953	1.06060	4.28847		
01:16:56	2000	3000	3333	4352	2625	0.97953	1.06060	4.28847		
01:17:37	2000	3000	3333	4291	2653	0.97924	1.06049	4.28664		
01:17:47	2000	3000	3333	4291	2653	0.97924	1.06049	4.28664		
01:19:09	2000	3000	3333	2906	2698	0.96950	1.05959	4.23620		
01:19:19	2000	3000	3333	2906	2698	0.96950	1.05959	4.23620		
01:20:10	2000	3000	3333	4221	2726	0.97890	1.06032	4.28432		
01:20:20	2000	3000	3333	4221	2726	0.97890	1.06032	4.28432		
01:24:14	2000	3000	3333	4014	2844	0.97783	1.06065	4.28047		
01:24:25	2000	3000	3333	4014	2844	0.97783	1.06065	4.28047		
01:24:55	2000	3000	3333	3495	2866	0.97458	1.06076	4.26529		
01:25:05	2000	3000	3333	3495	2866	0.97458	1.06076	4.26529		
01:25:16	2000	3000	3333	3495	2866	0.97458	1.06076	4.26529		
01:25:56	2000	3000	3333	3464	2891	0.97435	1.06133	4.26651		
01:26:07	2000	3000	3333	3464	2891	0.97435	1.06133	4.26651		
01:28:28	2000	3000	3333	3594	2953	0.97527	1.06143	4.27131		
01:28:38	2000	3000	3333	3594	2953	0.97527	1.06143	4.27131		
01:30:59	2000	3000	3333	3503	3010	0.97464	1.06112	4.26703		
01:31:09	2000	3000	3333	3503	3010	0.97464	1.06112	4.26703		
01:31:49	2000	3000	3333	3717	3027	0.97608	1.06047	4.27135		
01:31:59	2000	3000	3333	3717	3027	0.97608	1.06047	4.27135		
01:32:30	2000	3000	3333	3565	3043	0.97507	1.06138	4.27017		
01:32:40	2000	3000	3333	3565	3043	0.97507	1.06138	4.27017		
01:32:50	2000	3000	3333	3565	3043	0.97507	1.06138	4.27017		
01:33:20	2000	3000	3333	3379	3061	0.97372	1.06174	4.26511		
01:33:30	2000	3000	3333	3503	3064	0.97463	1.06145	4.26834		
01:33:40	2000	3000	3333	3503	3064	0.97463	1.06145	4.26834		
01:33:50	2000	3000	3333	3503	3064	0.97463	1.06145	4.26834		
01:35:51	2000	3000	3333	3386	3116	0.97377	1.06003	4.25849		
01:36:01	2000	3000	3333	3386	3116	0.97377	1.06003	4.25849		
01:36:11	2000	3000	3333	3386	3116	0.97377	1.06003	4.25849		
01:38:22	2000	3000	3333	3272	3167	0.97287	1.06112	4.25853		
01:38:33	2000	3000	3333	3272	3167	0.97287	1.06112	4.25853		
01:38:43	2000	3000	3329	3272	3167	0.97287	1.06112	4.25853		
01:40:04	2000	3000	3318	3323	3203	0.97328	1.06105	4.26021		
01:40:14	2000	3000	3308	3323	3203	0.97328	1.06105	4.26021		
01:40:24	2000	3000	3297	3323	3203	0.97328	1.06105	4.26021		
01:40:54	2000	3000	3282	3179	3221	0.97208	1.06082	4.25354		
01:41:04	2000	3000	3266	3179	3221	0.97208	1.06082	4.25354		
01:41:14	2000	3000	3251	3179	3221	0.97208	1.06082	4.25354		
01:41:55	2000	3000	3238	3249	3242	0.97268	1.06041	4.25478		
01:42:05	2000	3000	3226	3249	3242	0.97268	1.06041	4.25478		
01:42:45	2000	3000	3203	3184	3261	0.97213	1.06020	4.25127		
01:42:55	2000	3000	3204	3184	3261	0.97213	1.06020	4.25127		
01:43:25	2000	3000	3202	3171	3280	0.97202	1.06058	4.25227		
01:43:35	2000	3000	3201	3171	3280	0.97202	1.06058	4.25227		
01:43:45	2000	3000	3188	3171	3280	0.97202	1.06058	4.25227		
01:44:26	2000	3000	3186	3238	3301	0.97259	1.06019	4.25344		
01:44:36	2000	3000	3195	3238	3301	0.97259	1.06019	4.25344		
01:45:16	2000	3000	3199	3205	3319	0.97231	1.06000	4.25136		
01:45:26	2000	3000	3204	3205	3319	0.97231	1.06000	4.25136		
01:46:57	2000	3000	3198	3132	3363	0.97168	1.06027	4.24938		
01:47:07	2000	3000	3191	3132	3363	0.97168	1.06027	4.24938		
01:48:28	2000	3000	3167	3090	3399	0.97130	1.06005	4.24668		
01:48:38	2000	3000	3142	3090	3399	0.97130	1.06005	4.24668		
01:48:48	2000	3000	3123	3090	3399	0.97130	1.06005	4.24668		
01:49:28	2000	3000	3083	2964	3423	0.97010	1.06089	4.24427		
01:49:38	2000	3000	3055	2964	3423	0.97010	1.06089	4.24427		
01:49:48	2000	3000	3027	2964	3423	0.97010	1.06089	4.24427		
01:50:19	2000	3000	3013	3011	3440	0.97055	1.06013	4.24340		
01:50:29	2000	2900	3000	3011	3440	0.97055	1.06013	4.24340		
01:51:00	2000	2900	2991	3033	3457	0.97076	1.05995	4.24369		
01:51:10	2000	3000	3002	3033	3457	0.97076	1.05995	4.24369		
01:51:20	2000	3000	3014	3033	3457	0.97076	1.05995	4.24369		
01:53:32	2000	3000	3016	2979	3505	0.97024	1.06055	4.24359		
01:53:43	2000	3000	3011	2979	3505	0.97024	1.06055	4.24359		
01:53:53	2000	3000	3006	2979	3505	0.97024	1.06055	4.24359		
01:54:23	2000	2900	2984	2904	3520	0.96948	1.06027	4.23882		
01:54:33	2000	2900	2963	2904	3520	0.96948	1.06027	4.23882		
01:55:14	2000	2900	2944	2921	3534	0.96966	1.05954	4.23676		
01:55:24	2000	2900	2934	2921	3534	0.96966	1.05954	4.23676		
01:56:56	2000	2900	2930	2956	3568	0.97001	1.06011	4.24072		
01:57:06	2000	2900	2927	2956	3568	0.97001	1.06011	4.24072		
01:57:37	2000	2900	2921	2870	3583	0.96912	1.05922	4.23292		
01:57:47	2000	2900	2915	2870	3583	0.96912	1.05922	4.23292		
01:57:57	2000	2900	2907	2870	3583	0.96912	1.05922	4.23292		
01:59:29	2000	2900	2905	2911	3613	0.96955	1.05882	4.23338		
01:59:39	2000	2800	2898	2911	3613	0.96955	1.05882	4.23338		
02:00:10	2000	2800	2876	2825	3627	0.96865	1.05975	4.23274		
02:00:20	2000	2800	2868	2825	3627	0.96865	1.05975	4.23274		
02:00:30	2000	2800	2861	2825	3627	0.96865	1.05975	4.23274		
02:01:11	2000	2800	2872	2937	3648	0.96982	1.05850	4.23338		
02:01:21	2000	2800	2876	2937	3648	0.96982	1.05850	4.23338		
02:04:24	2000	2800	2870	2871	3702	0.96914	1.05829	4.22927		
02:04:34	2000	2800	2877	2871	3702	0.96914	1.05829	4.22927		
02:04:44	2000	2800	2885	2871	3702	0.96914	1.05829	4.22927		
02:05:15	2000	2800	2887	2838	3718	0.96878	1.05892	4.23007		
02:05:25	2000	2800	2871	2838	3718	0.96878	1.05892	4.23007		
02:05:35	2000	2800	2854	2838	3718	0.96878	1.05892	4.23007		
02:06:15	2000	2800	2860	2904	3732	0.96948	1.05851	4.23179		
02:06:25	2000	2800	2865	2904	3732	0.96948	1.05851	4.23179		
02:07:46	2000	2800	2855	2813	3763	0.96851	1.05901	4.22914		
02:07:56	2000	2800	2851	2813	3763	0.96851	1.05901	4.22914		
02:11:35	2000	2800	2847	2813	3763	0.96851	1.05901	4.22914		
02:16:17	2000	2800	2839	2791	3842	0.96827	1.05815	4.22455		
02:16:27	2000	2800	2820	2791	3842	0.96827	1.05815	4.22455		
02:16:37	2000	2800	2802	2791	3842	0.96827	1.05815	4.22455		
02:17:08	2000	2700	2792	2756	3852	0.96787	1.05822	4.22289		
02:17:18	2000	2700	2783	2756	3852	0.96787	1.05822	4.22289		
02:17:28	2000	2700	2773	2756	3852	0.96787	1.05822	4.22289		
02:19:39	2000	2700	2790	2890	3889	0.96934	1.05769	4.22785		
02:19:49	2000	2800	2806	2890	3889	0.96934	1.05769	4.22785		
02:19:59	2000	2800	2823	2890	3889	0.96934	1.05769	4.22785		
02:21:20	2000	2800	2827	2784	3916	0.96819	1.05741	4.22122		
02:21:30	2000	2800	2832	2784	3916	0.96819	1.05741	4.22122		
02:21:40	2000	2800	2837	2784	3916	0.96819	1.05741	4.22122		
02:22:10	2000	2800	2817	2770	3932	0.96803	1.05755	4.22099		
02:22:20	2000	2700	2797	2770	3932	0.96803	1.05755	4.22099		
02:22:30	2000	2700	2777	2770	3932	0.96803	1.05755	4.22099		
02:24:41	2000	2700	2755	2653	3981	0.96665	1.05766	4.21480		
02:24:51	2000	2700	2733	2653	3981	0.96665	1.05766	4.21480		
02:25:01	2000	2700	2711	2653	3981	0.96665	1.05766	4.21480		
02:26:32	2000	2700	2702	2718	4011	0.96743	1.05792	4.21958		
02:26:42	2000	2600	2694	2718	4011	0.96743	1.05792	4.21958		
02:28:53	2000	2600	2679	2682	4036	0.96700	1.05785	4.21728		
02:29:03	2000	2600	2682	2672	4041	0.96687	1.05765	4.21585		
02:29:13	2000	2600	2685	2672	4041	0.96687	1.05765	4.21585		
02:30:34	2000	2600	2690	2680	4054	0.96698	1.05777	4.21684		
02:30:44	2000	2600	2684	2680	4054	0.96698	1.05777	4.21684		
02:30:54	2000	2600	2677	2680	4054	0.96698	1.05777	4.21684		
02:31:24	2000	2600	2679	2691	4077	0.96711	1.05762	4.21686		
02:31:34	2000	2600	2682	2691	4077	0.96711	1.05762	4.21686		
02:32:15	2000	2600	2683	2677	4090	0.96693	1.05741	4.21519		
02:32:25	2000	2600	2682	2677	4090	0.96693	1.05741	4.21519		
02:32:35	2000	2600	2682	2677	4090	0.96693	1.05741	4.21519		
02:34:46	2000	2600	2664	2575	4115	0.96565	1.05754	4.20954		
02:34:56	2000	2600	2645	2575	4115	0.96565	1.05754	4.20954		
02:35:06	2000	2600	2626	2575	4115	0.96565	1.05754	4.20954		
02:36:26	2000	2600	2609	2579	4131	0.96571	1.05750	4.20967		
02:36:37	2000	2500	2593	2579	4131	0.96571	1.05750	4.20967		
02:37:27	2000	2500	2584	2622	4147	0.96626	1.05708	4.21064		
02:37:37	2000	2500	2592	2622	4147	0.96626	1.05708	4.21064		
02:38:58	2000	2500	2591	2574	4169	0.96563	1.05696	4.20717		
02:39:08	2000	2500	2591	2574	4169	0.96563	1.05696	4.20717		
02:39:48	2000	2500	2582	2523	4182	0.96496	1.05746	4.20594		
02:39:58	2000	2500	2573	2523	4182	0.96496	1.05746	4.20594		
02:40:38	2000	2500	2571	2614	4198	0.96615	1.05745	4.21161		
02:40:49	2000	2500	2570	2614	4198	0.96615	1.05745	4.21161		
02:40:59	2000	2500	2577	2614	4198	0.96615	1.05745	4.21161		
02:41:29	2000	2500	2580	2594	4206	0.96591	1.05678	4.20775		
02:41:39	2000	2500	2592	2594	4206	0.96591	1.05678	4.20775		
02:41:49	2000	2600	2604	2594	4206	0.96591	1.05678	4.20775		
02:43:10	2000	2500	2576	2448	4222	0.96390	1.05721	4.19987		
02:43:20	2000	2500	2548	2448	4222	0.96390	1.05721	4.19987		
02:43:30	2000	2500	2521	2448	4222	0.96390	1.05721	4.19987		
02:45:41	2000	2400	2489	2405	4258	0.96327	1.05869	4.20271		
02:45:51	2000	2400	2458	2405	4258	0.96327	1.05869	4.20271		
02:46:01	2000	2400	2426	2405	4258	0.96327	1.05869	4.20271		
02:47:22	2000	2400	2428	2457	4272	0.96404	1.05741	4.20130		
02:47:32	2000	2400	2429	2457	4272	0.96404	1.05741	4.20130		
02:48:12	2000	2400	2434	2479	4281	0.96435	1.05776	4.20421		
02:48:22	2000	2400	2447	2479	4281	0.96435	1.05776	4.20421		
02:49:03	2000	2400	2446	2403	4289	0.96323	1.05822	4.20067		
02:49:13	2000	2400	2446	2403	4289	0.96323	1.05822	4.20067		
02:49:23	2000	2400	2437	2403	4289	0.96323	1.05822	4.20067		
02:50:44	2000	2400	2421	2364	4301	0.96264	1.05758	4.19529		
02:50:54	2000	2400	2402	2364	4301	0.96264	1.05758	4.19529		
02:52:24	2000	2400	2404	2490	4327	0.96451	1.05778	4.20502		
02:52:34	2000	2400	2419	2490	4327	0.96451	1.05778	4.20502		
02:53:15	2000	2400	2427	2453	4337	0.96397	1.05723	4.20026		
02:53:25	2000	2400	2435	2453	4337	0.96397	1.05723	4.20026		
02:54:05	2000	2400	2468	2563	4350	0.96549	1.05778	4.20975		
02:54:15	2000	2500	2502	2563	4350	0.96549	1.05778	4.20975		
02:54:25	2000	2500	2514	2563	4350	0.96549	1.05778	4.20975		
02:54:56	2000	2400	2425	1958	4362	0.95509	1.05770	4.15954		
02:55:06	2000	2300	2343	1958	4362	0.95509	1.05770	4.15954		
02:56:36	2000	2300	2342	2449	4387	0.96392	1.05755	4.20131		
02:56:46	2000	2300	2323	2449	4387	0.96392	1.05755	4.20131		
02:56:56	2000	2300	2304	2449	4387	0.96392	1.05755	4.20131		
02:57:27	2000	2200	2279	2415	4397	0.96341	1.05880	4.20384		
02:57:37	2000	2300	2355	2415	4397	0.96341	1.05880	4.20384		
03:04:00	2000	2400	2427	2386	4487	0.96299	1.05724	4.19561		
03:04:10	2000	2400	2416	2386	4487	0.96299	1.05724	4.19561		
03:04:20	2000	2400	2406	2386	4487	0.96299	1.05724	4.19561		
03:05:00	2000	2300	2399	2411	4494	0.96336	1.05732	4.19769		
03:05:11	2000	2300	2399	2411	4494	0.96336	1.05732	4.19769		
03:05:21	2000	2300	2398	2411	4494	0.96336	1.05732	4.19769		
03:08:24	2000	2400	2421	2526	4531	0.96500	1.05691	4.20393		
03:08:34	2000	2400	2445	2526	4531	0.96500	1.05691	4.20393		
03:09:05	2000	2400	2443	2376	4540	0.96283	1.05657	4.19219		
03:09:15	2000	2400	2437	2376	4540	0.96283	1.05657	4.19219		
03:09:25	2000	2400	2431	2376	4540	0.96283	1.05657	4.19219		
03:10:47	2000	2400	2451	2531	4557	0.96506	1.05629	4.20176		
03:10:57	2000	2400	2452	2531	4557	0.96506	1.05629	4.20176		
03:11:07	2000	2400	2453	2531	4557	0.96506	1.05629	4.20176		
03:15:05	2000	2400	2473	2496	4571	0.96459	1.05618	4.19904		
03:15:15	2000	2400	2493	2496	4571	0.96459	1.05618	4.19904		
03:15:25	2000	2500	2513	2496	4571	0.96459	1.05618	4.19904		
03:16:47	2000	2500	2501	2460	4585	0.96408	1.05667	4.19858		
03:16:57	2000	2400	2489	2460	4585	0.96408	1.05667	4.19858		
03:17:07	2000	2400	2478	2460	4585	0.96408	1.05667	4.19858		
03:18:29	2000	2400	2443	2289	4604	0.96144	1.05638	4.18478		
03:18:39	2000	2400	2409	2289	4604	0.96144	1.05638	4.18478		
03:21:01	2000	2400	2401	2452	4625	0.96396	1.05669	4.19808		
03:21:11	2000	2300	2400	2452	4625	0.96396	1.05669	4.19808		
03:22:33	2000	2400	2410	2518	4639	0.96489	1.05693	4.20347		
03:22:43	2000	2400	2419	2518	4639	0.96489	1.05693	4.20347		
03:23:34	2000	2400	2449	2467	4644	0.96418	1.05581	4.19562		
03:23:44	2000	2400	2479	2467	4644	0.96418	1.05581	4.19562		
03:24:14	2000	2400	2456	2314	4646	0.96186	1.05598	4.18520		
03:24:24	2000	2400	2433	2314	4646	0.96186	1.05598	4.18520		
03:24:34	2000	2300	2399	2314	4646	0.96186	1.05598	4.18520		
03:25:14	2000	2300	2389	2461	4657	0.96410	1.05631	4.19722		
03:25:24	2000	2300	2388	2461	4657	0.96410	1.05631	4.19722		
03:26:05	2000	2300	2379	2414	4664	0.96341	1.05632	4.19397		
03:26:15	2000	2300	2396	2414	4664	0.96341	1.05632	4.19397		
03:26:45	2000	2300	2399	2333	4667	0.96215	1.05626	4.18770		
03:26:55	2000	2400	2402	2333	4667	0.96215	1.05626	4.18770		
03:27:05	2000	2300	2381	2333	4667	0.96215	1.05626	4.18770		
03:27:35	2000	2300	2398	2563	4673	0.96549	1.05613	4.20318		
03:27:45	2000	2400	2423	2563	4673	0.96549	1.05613	4.20318		
03:29:16	2000	2300	2396	2253	4678	0.96084	1.05654	4.18254		
03:29:26	2000	2300	2383	2253	4678	0.96084	1.05654	4.18254		
03:29:36	2000	2300	2369	2253	4678	0.96084	1.05654	4.18254		
03:31:47	2000	2300	2375	2370	4695	0.96274	1.05646	4.19131		
03:31:57	2000	2300	2343	2370	4695	0.96274	1.05646	4.19131		
03:32:07	2000	2300	2311	2370	4695	0.96274	1.05646	4.19131		
03:34:18	2000	2300	2332	2376	4722	0.96283	1.05726	4.19491		
03:34:29	2000	2300	2352	2376	4722	0.96283	1.05726	4.19491		
03:34:39	2000	2300	2373	2376	4722	0.96283	1.05726	4.19491		
03:35:59	2000	2300	2347	2215	4734	0.96017	1.05696	4.18101		
03:36:09	2000	2300	2324	2234	4736	0.96051	1.05748	4.18466		
03:36:19	2000	2300	2301	2234	4736	0.96051	1.05748	4.18466		
03:37:00	2000	2200	2284	2271	4737	0.96115	1.05643	4.18359		
03:37:10	2000	2200	2266	2271	4737	0.96115	1.05643	4.18359		
03:37:40	2000	2200	2250	2278	4747	0.96127	1.05663	4.18495		
03:37:50	2000	2200	2261	2278	4747	0.96127	1.05663	4.18495		
03:38:00	2000	2200	2268	2278	4747	0.96127	1.05663	4.18495		
03:42:02	2000	2200	2259	2178	4799	0.95953	1.05699	4.17803		
03:42:12	2000	2200	2243	2178	4799	0.95953	1.05699	4.17803		
03:42:42	2000	2200	2225	2163	4813	0.95924	1.05693	4.17643		
03:42:52	2000	2200	2206	2163	4813	0.95924	1.05693	4.17643		
03:43:03	2000	2100	2187	2163	4813	0.95924	1.05693	4.17643		
03:44:23	2000	2100	2166	2152	4824	0.95903	1.05733	4.17701		
03:44:33	2000	2100	2161	2152	4824	0.95903	1.05733	4.17701		
03:45:14	2000	2100	2151	2114	4841	0.95832	1.05693	4.17201		
03:45:24	2000	2100	2143	2114	4841	0.95832	1.05693	4.17201		
03:45:34	2000	2100	2134	2114	4841	0.95832	1.05693	4.17201		
03:46:54	2000	2100	2146	2230	4863	0.96044	1.05712	4.18293		
03:47:04	2000	2100	2159	2230	4863	0.96044	1.05712	4.18293		
03:48:35	2000	2100	2158	2150	4882	0.95901	1.05732	4.17684		
03:48:45	2000	2100	2164	2150	4882	0.95901	1.05732	4.17684		
03:48:55	2000	2100	2170	2150	4882	0.95901	1.05732	4.17684		
03:49:25	2000	2100	2176	2147	4890	0.95895	1.05646	4.17316		
03:49:36	2000	2100	2162	2147	4890	0.95895	1.05646	4.17316		
03:50:16	2000	2100	2147	2142	4895	0.95886	1.05711	4.17531		
03:50:27	2000	2100	2146	2142	4895	0.95886	1.05711	4.17531		
03:51:57	2000	2100	2140	2114	4901	0.95832	1.05674	4.17128		
03:52:07	2000	2100	2134	2114	4901	0.95832	1.05674	4.17128		
03:52:48	2000	2100	2136	2157	4915	0.95913	1.05673	4.17508		
03:52:58	2000	2100	2137	2157	4915	0.95913	1.05673	4.17508		
03:54:28	2000	2100	2122	2051	4930	0.95707	1.05727	4.16736		
03:54:39	2000	2100	2107	2051	4930	0.95707	1.05727	4.16736		
03:56:50	2000	2100	2106	2111	4954	0.95827	1.05729	4.17317		
03:57:00	2000	2100	2123	2215	4957	0.96018	1.05709	4.18153		
03:57:10	2000	2100	2133	2215	4957	0.96018	1.05709	4.18153		
03:58:30	2000	2100	2144	2221	4979	0.96029	1.05674	4.18071		
03:58:40	2000	2100	2172	2221	4979	0.96029	1.05674	4.18071		
03:58:51	2000	2100	2200	2221	4979	0.96029	1.05674	4.18071		
04:01:52	2000	2100	2198	2099	5014	0.95803	1.05671	4.16977		
04:02:02	2000	2100	2179	2099	5014	0.95803	1.05671	4.16977		
04:02:12	2000	2100	2160	2099	5014	0.95803	1.05671	4.16977		
04:02:42	2000	2100	2151	2169	5021	0.95936	1.05654	4.17544		
04:02:52	2000	2100	2158	2263	5023	0.96101	1.05615	4.18180		
04:03:02	2000	2100	2165	2263	5023	0.96101	1.05615	4.18180		
04:07:45	2000	2100	2175	2158	5062	0.95915	1.05667	4.17497		
04:07:55	2000	2100	2185	2158	5062	0.95915	1.05667	4.17497		
04:14:48	2000	2100	2176	2050	5112	0.95705	1.05687	4.16567		
04:18:24	2000	2100	2157	2050	5112	0.95705	1.05687	4.16567		
04:18:34	2000	2100	2121	2050	5112	0.95705	1.05687	4.16567		
04:21:35	2000	2100	2106	2175	5143	0.95946	1.05679	4.17693		
04:21:46	2000	2100	2109	2175	5143	0.95946	1.05679	4.17693		
04:21:56	2000	2100	2112	2175	5143	0.95946	1.05679	4.17693		
04:26:38	2000	2100	2138	2206	5176	0.96002	1.05738	4.18194		
04:26:48	2000	2100	2164	2206	5176	0.96002	1.05738	4.18194		
04:26:58	2000	2100	2190	2206	5176	0.96002	1.05738	4.18194		
04:27:38	2000	2100	2177	2094	5185	0.95792	1.05702	4.17046		
04:27:48	2000	2100	2163	2094	5185	0.95792	1.05702	4.17046		
04:31:40	2000	2100	2150	2094	5209	0.95792	1.05640	4.16802		
04:31:50	2000	2100	2131	2094	5209	0.95792	1.05640	4.16802		
04:32:00	2000	2100	2112	2094	5209	0.95792	1.05640	4.16802		
04:32:31	2000	2000	2084	2039	5225	0.95681	1.05623	4.16203		
04:32:41	2000	2000	2075	2039	5225	0.95681	1.05623	4.16203		
04:32:51	2000	2000	2066	2039	5225	0.95681	1.05623	4.16203		
04:33:31	2000	2000	2063	2075	5225	0.95755	1.05652	4.16670		
04:33:41	2000	2000	2060	2075	5225	0.95755	1.05652	4.16670		


			DELHI AIRPORT : 30 m Base line


Time	RVR	 MOR	RVR	MOR	BLM	Trf	 Ref(v)	PD(v)
	(limited)	(limited)	(actual)	(actual)

04:39:42	2000	2000	345	2070	5294	0.95745	1.05688	4.16763		
04:39:52	2000	2000	690	2070	5294	0.95745	1.05688	4.16763		
04:40:32	2000	2000	1029	2039	5299	0.95681	1.05688	4.16459		
04:40:43	2000	2000	1369	2039	5299	0.95681	1.05688	4.16459		
04:44:35	2000	2000	1704	2010	5301	0.95620	1.05618	4.15891		
04:44:45	2000	2000	2039	2010	5301	0.95620	1.05618	4.15891		
04:45:15	2000	2000	2036	2049	5301	0.95703	1.05646	4.16399		
04:45:25	2000	2000	2032	2049	5301	0.95703	1.05646	4.16399		
04:45:35	2000	2000	2034	2049	5301	0.95703	1.05646	4.16399		
04:47:56	2000	2000	2029	2007	5297	0.95615	1.05640	4.15953		
04:48:07	2000	2000	2028	2007	5297	0.95615	1.05640	4.15953		
04:48:17	2000	2000	2028	2007	5297	0.95615	1.05640	4.15953		
04:50:18	2000	2000	2022	2017	5307	0.95636	1.05551	4.15701		
04:50:28	2000	2000	2017	2017	5307	0.95636	1.05551	4.15701		
04:50:38	2000	2000	2012	2017	5307	0.95636	1.05551	4.15701		
04:52:08	2000	2000	2008	1984	5335	0.95566	1.05581	4.15485		
04:52:18	2000	2000	2004	1984	5335	0.95566	1.05581	4.15485		
04:52:59	1900	1900	1999	1975	5356	0.95546	1.05625	4.15563		
04:53:09	1900	1900	1992	1975	5356	0.95546	1.05625	4.15563		
05:02:05	1900	1900	1973	1903	5463	0.95380	1.05616	4.14735		
05:02:15	1900	1900	1954	1903	5463	0.95380	1.05616	4.14735		
05:02:25	1900	1900	1940	1903	5463	0.95380	1.05616	4.14735		
05:13:31	1900	1900	1934	1948	5471	0.95485	1.05658	4.15400		
05:13:41	1900	1900	1930	1948	5471	0.95485	1.05658	4.15400		
05:13:51	1900	1900	1925	1948	5471	0.95485	1.05658	4.15400		
05:15:01	1900	1900	1928	1921	5460	0.95423	1.05644	4.15051		
05:15:11	1900	1900	1931	1921	5460	0.95423	1.05644	4.15051		
05:15:21	1900	1900	1934	1921	5460	0.95423	1.05644	4.15051		
05:20:34	1900	1900	1918	1853	5598	0.95259	1.05730	4.14602		
05:20:44	1900	1900	1902	1853	5598	0.95259	1.05730	4.14602		
05:20:54	1800	1800	1887	1853	5598	0.95259	1.05730	4.14602		
05:23:55	1800	1800	1893	1960	5623	0.95511	1.05608	4.15328		
05:24:05	1800	1800	1900	1960	5623	0.95511	1.05608	4.15328		
05:24:16	1900	1900	1906	1960	5623	0.95511	1.05608	4.15328		
05:55:24	1900	1900	1925	1969	5755	0.95532	1.05698	4.15783		
05:55:34	1900	1900	1947	1985	5760	0.95566	1.05698	4.15947		
05:55:44	1900	1900	1980	2048	5764	0.95702	1.05691	4.16568		
05:55:54	1900	1900	1984	1983	5767	0.95563	1.05679	4.15856		
05:56:04	1900	1900	1985	1968	5771	0.95529	1.05690	4.15739		
05:56:14	1900	1900	1986	1964	5774	0.95521	1.05648	4.15535		
05:56:24	1900	1900	1976	1909	5776	0.95394	1.05674	4.15027		
05:56:34	1900	1900	1963	1909	5776	0.95394	1.05674	4.15027		
05:56:45	1900	1900	1958	2015	5783	0.95632	1.05719	4.16345		
05:56:55	1900	1900	1958	1986	5786	0.95569	1.05709	4.16002		
05:57:05	1900	1900	1964	2002	5789	0.95604	1.05745	4.16315		
05:57:15	1900	1900	1964	1965	5792	0.95524	1.05756	4.15971		
05:57:25	1900	1900	1968	1935	5795	0.95455	1.05788	4.15770		
05:57:35	1900	1900	1985	2008	5800	0.95616	1.05781	4.16514		
05:57:45	1900	1900	1986	2022	5802	0.95646	1.05757	4.16563		
05:57:55	1900	1900	1979	1945	5803	0.95477	1.05776	4.15828		
05:58:05	1900	1900	1965	1920	5807	0.95421	1.05795	4.15631		
05:58:15	1900	1900	1983	2071	5812	0.95748	1.05767	4.17089		
05:58:25	2000	2000	2006	2071	5812	0.95748	1.05767	4.17089		
06:00:06	2000	2000	2007	2017	5859	0.95636	1.05806	4.16706		
06:00:16	2000	2000	2016	2074	5859	0.95753	1.05791	4.17207		
06:00:26	2000	2000	2039	2086	5859	0.95776	1.05798	4.17348		
06:00:36	2000	2000	2084	2186	5858	0.95967	1.05792	4.18238		
06:00:46	2000	2000	2057	1909	5860	0.95395	1.05794	4.15503		
06:00:57	2000	2000	2027	1891	5861	0.95351	1.05817	4.15383		
06:01:07	2000	2000	2027	2016	5860	0.95634	1.05810	4.16711		
06:01:17	2000	2000	2024	2058	5860	0.95721	1.05792	4.17057		
06:01:27	2000	2000	2009	1999	5860	0.95597	1.05811	4.16540		
06:01:37	1900	1900	1990	2072	5860	0.95750	1.05762	4.17079		
06:01:47	2000	2000	2010	2025	5861	0.95653	1.05757	4.16594		
06:01:57	2000	2000	2048	2121	5860	0.95845	1.05781	4.17610		
06:02:07	2000	2000	2083	2227	5859	0.96039	1.05778	4.18529		
06:02:17	2000	2100	2118	2265	5858	0.96104	1.05741	4.18696		
06:02:27	2000	2100	2127	2056	5859	0.95716	1.05769	4.16945		
06:02:37	2000	2100	2152	2222	5860	0.96031	1.05754	4.18396		
06:02:47	2000	2100	2172	2146	5861	0.95893	1.05730	4.17637		
06:02:57	2000	2100	2162	2060	5862	0.95726	1.05742	4.16885		
06:03:08	2000	2100	2120	1975	5863	0.95546	1.05744	4.16031		
06:03:18	2000	2000	2069	1955	5864	0.95500	1.05712	4.15684		
06:03:28	2000	2000	2088	2170	5866	0.95938	1.05740	4.17893		
06:03:38	2000	2000	2056	2034	5868	0.95672	1.05754	4.16674		
06:03:48	2000	2000	2040	2050	5871	0.95705	1.05750	4.16816		
06:03:58	2000	2000	2043	2074	5878	0.95754	1.05723	4.16943		
06:04:08	2000	2000	2046	1996	5881	0.95592	1.05730	4.16197		
06:04:18	2000	2000	2045	1948	5883	0.95485	1.05747	4.15752		
06:04:28	2000	2000	2059	2253	5885	0.96084	1.05719	4.18513		
06:04:39	2000	2100	2177	2742	5887	0.96771	1.05688	4.21679		
06:04:49	2000	2100	2187	2114	5889	0.95832	1.05690	4.17191		
06:04:59	2000	2200	2209	2204	5890	0.96000	1.05728	4.18142		
06:05:09	2000	2200	2228	2108	5892	0.95821	1.05729	4.17289		
06:05:19	2000	2200	2254	2108	5892	0.95821	1.05729	4.17289		
06:05:30	2000	2200	2237	2147	5894	0.95895	1.05725	4.17628		
06:05:40	2000	2100	2130	2100	5895	0.95806	1.05713	4.17153		
06:05:50	2000	2100	2124	2081	5896	0.95768	1.05708	4.16953		
06:06:00	2000	2100	2107	2103	5895	0.95811	1.05709	4.17164		
06:06:10	2000	2100	2101	2067	5895	0.95739	1.05713	4.16833		
06:06:21	2000	2100	2103	2124	5898	0.95852	1.05740	4.17480		
06:06:31	2000	2100	2116	2221	5899	0.96028	1.05757	4.18395		
06:06:41	2000	2100	2116	2100	5900	0.95805	1.05717	4.17165		
06:06:51	2000	2000	2087	1911	5901	0.95400	1.05696	4.15143		
06:07:01	2000	2000	2097	2162	5901	0.95923	1.05696	4.17647		
06:07:12	2000	2100	2108	2132	5904	0.95866	1.05689	4.17347		
06:07:22	2000	2000	2100	2075	5907	0.95754	1.05731	4.16979		
06:07:32	2000	2000	2072	2057	5910	0.95718	1.05716	4.16747		
06:07:42	2000	2000	2086	2180	5914	0.95955	1.05714	4.17874		
06:07:52	2000	2100	2130	2175	5918	0.95947	1.05735	4.17917		
06:08:02	2000	2100	2130	2165	5925	0.95929	1.05735	4.17830		
06:08:12	2000	2100	2136	2164	5942	0.95926	1.05779	4.17993		
06:08:22	2000	2100	2128	2030	5945	0.95664	1.05797	4.16807		
06:08:32	2000	2100	2133	2086	5946	0.95777	1.05810	4.17397		
06:08:42	2000	2100	2124	2124	5947	0.95852	1.05788	4.17670		
06:08:52	2000	2100	2112	2106	5947	0.95817	1.05809	4.17588		
06:09:02	2000	2000	2074	1939	5945	0.95465	1.05826	4.15964		
06:09:13	2000	2000	2058	2067	5943	0.95740	1.05863	4.17428		
06:09:23	2000	2000	2059	2036	5942	0.95676	1.05785	4.16815		
06:09:33	2000	2000	2065	2119	5941	0.95841	1.05777	4.17576		
06:09:43	2000	2000	2055	2067	5942	0.95739	1.05793	4.17149		
06:09:53	2000	2000	2029	1946	5943	0.95480	1.05819	4.16009		
06:10:03	2000	2000	2035	1977	5943	0.95551	1.05788	4.16227		
06:10:13	2000	2000	2027	2018	5943	0.95637	1.05823	4.16779		
06:10:23	2000	2000	2038	2104	5943	0.95813	1.05802	4.17540		
06:10:33	2000	2000	2041	2134	5943	0.95869	1.05823	4.17893		
06:10:43	2000	2000	2053	2140	5944	0.95881	1.05772	4.17749		
06:10:53	2000	2100	2101	2235	5943	0.96053	1.05797	4.18673		
06:11:03	2000	2100	2144	2235	5943	0.96053	1.05797	4.18673		
06:12:24	2000	2100	2152	2067	5941	0.95739	1.05806	4.17201		
06:12:34	2000	2100	2154	2113	5942	0.95829	1.05799	4.17606		
06:12:45	2000	2100	2150	2111	5943	0.95825	1.05832	4.17717		
06:12:55	2000	2100	2147	2125	5943	0.95854	1.05819	4.17804		
06:13:05	2000	2100	2129	2125	5946	0.95854	1.05792	4.17696		
06:13:15	2000	2100	2119	2173	5947	0.95943	1.05826	4.18257		
06:13:25	2000	2100	2128	2124	5949	0.95852	1.05848	4.17908		
06:13:36	2000	2100	2124	2090	5951	0.95784	1.05807	4.17422		
06:13:46	2000	2100	2109	2022	5952	0.95648	1.05794	4.16715		
06:13:56	2000	2100	2106	2106	5954	0.95816	1.05787	4.17496		
06:14:06	2000	2000	2099	2083	5955	0.95771	1.05803	4.17343		
06:14:16	2000	2000	2077	2042	5957	0.95689	1.05817	4.17005		
06:14:26	2000	2000	2065	2049	5957	0.95703	1.05803	4.17014		
06:14:37	2000	2000	2072	2135	5957	0.95872	1.05790	4.17774		
06:14:47	2000	2000	2091	2135	5955	0.95872	1.05832	4.17941		
06:14:57	2000	2000	2064	1945	5954	0.95479	1.05858	4.16159		
06:15:07	2000	2000	2054	2020	5953	0.95642	1.05839	4.16865		
06:15:17	2000	2000	2073	2158	5951	0.95916	1.05842	4.18190		
06:15:28	2000	2000	2080	2089	5949	0.95782	1.05842	4.17550		
06:15:38	2000	2000	2017	1759	5948	0.95011	1.05855	4.13903		
06:15:48	2000	2000	2051	2339	5948	0.96226	1.05835	4.19651		
06:15:58	2000	2000	2072	2069	5947	0.95743	1.05844	4.17372		
06:16:08	2000	2000	2074	2031	5946	0.95665	1.05861	4.17063		
06:16:19	2000	2000	2076	2174	5946	0.95944	1.05827	4.18267		
06:16:29	2000	2000	2077	2094	5946	0.95794	1.05806	4.17464		
06:16:39	2000	2100	2131	2081	5947	0.95767	1.05834	4.17444		
06:16:49	2000	2000	2073	1992	5949	0.95582	1.05807	4.16454		
06:16:59	2000	2000	2070	2048	5949	0.95700	1.05830	4.17108		
06:17:10	2000	2000	2074	2058	5950	0.95720	1.05831	4.17209		
06:17:20	2000	2000	2042	1982	5953	0.95561	1.05818	4.16395		
06:17:30	2000	2000	2034	2048	5956	0.95700	1.05835	4.17130		
06:17:40	2000	2000	2044	2140	5958	0.95882	1.05849	4.18054		
06:17:50	2000	2000	2063	2102	5961	0.95808	1.05822	4.17596		
06:18:00	2000	2000	2059	2025	5964	0.95654	1.05838	4.16917		
06:18:11	2000	2000	2050	2007	5966	0.95614	1.05897	4.16960		
06:18:21	2000	2000	2064	2062	5968	0.95729	1.05854	4.17341		
06:18:31	2000	2000	2053	1982	5970	0.95561	1.05829	4.16438		
06:18:41	2000	2000	2042	2074	5971	0.95754	1.05802	4.17256		
06:18:51	2000	2000	2044	2117	5971	0.95837	1.05785	4.17588		
06:19:02	2000	2000	2059	2117	5971	0.95837	1.05785	4.17588		
06:19:12	2000	2000	2075	2100	5980	0.95804	1.05819	4.17566		
06:19:22	2000	2000	2061	1981	5986	0.95559	1.05815	4.16372		
06:19:32	2000	2000	2055	1945	5988	0.95478	1.05807	4.15953		
06:19:42	2000	2000	2034	1947	5990	0.95482	1.05802	4.15953		
06:19:52	1900	1900	1993	1870	5991	0.95301	1.05838	4.15225		
06:20:03	1900	1900	1967	1962	5992	0.95518	1.05829	4.16229		
06:20:13	1900	1900	1951	2003	5994	0.95607	1.05795	4.16523		
06:20:23	1900	1900	1982	2169	5995	0.95935	1.05844	4.18291		
06:20:33	2000	2000	2016	2146	5996	0.95893	1.05837	4.18063		
06:20:43	2000	2000	2043	2111	5997	0.95826	1.05803	4.17607		
06:20:54	2000	2000	2075	2064	5997	0.95734	1.05787	4.17101		
06:21:04	2000	2100	2111	2174	5998	0.95946	1.05775	4.18069		
06:21:14	2000	2100	2136	2154	5999	0.95908	1.05771	4.17873		
06:21:24	2000	2100	2111	2019	6000	0.95641	1.05780	4.16626		
06:21:34	2000	2000	2087	2005	6001	0.95610	1.05757	4.16387		
06:21:45	2000	2000	2081	2074	6001	0.95753	1.05775	4.17144		
06:21:55	2000	2000	2096	2152	6002	0.95905	1.05823	4.18062		
06:22:05	2000	2000	2064	1985	6004	0.95568	1.05791	4.16320		
06:22:15	2000	2000	2045	2037	6005	0.95678	1.05849	4.17077		
06:22:25	2000	2000	2021	1877	6006	0.95317	1.05778	4.15068		
06:22:35	2000	2000	2033	2074	6007	0.95754	1.05817	4.17314		
06:22:46	2000	2000	2033	2074	6007	0.95754	1.05817	4.17314		
06:22:56	2000	2000	2031	2139	6010	0.95880	1.05740	4.17616		
06:23:06	2000	2000	2056	2135	6011	0.95872	1.05784	4.17751		
06:23:16	2000	2000	2059	2056	6011	0.95717	1.05808	4.17103		
06:23:26	2000	2100	2102	2136	6012	0.95874	1.05823	4.17915		
06:23:37	2000	2100	2112	2133	6014	0.95869	1.05794	4.17776		
06:23:47	2000	2000	2096	1978	6015	0.95552	1.05804	4.16298		
06:23:57	2000	2000	2076	2021	6017	0.95644	1.05775	4.16623		
06:24:07	2000	2000	2057	2019	6018	0.95640	1.05862	4.16947		
06:24:17	2000	2000	2030	1897	6019	0.95367	1.05862	4.15636		
06:24:27	2000	2000	2013	2032	6020	0.95667	1.05842	4.16995		
06:24:37	1900	1900	1996	2031	6021	0.95666	1.05867	4.17092		
06:24:47	2000	2000	2010	2063	6022	0.95731	1.05826	4.17240		
06:24:58	2000	2000	2022	2095	6024	0.95795	1.05791	4.17410		
06:25:08	2000	2000	2033	2081	6026	0.95768	1.05822	4.17401		
06:25:18	2000	2000	2065	2091	6027	0.95786	1.05791	4.17369		
06:25:28	2000	2000	2075	2091	6027	0.95786	1.05791	4.17369		
06:25:38	2000	2000	2070	2004	6031	0.95608	1.05831	4.16670		
06:25:48	2000	2000	2062	2010	6034	0.95621	1.05862	4.16853		
06:25:58	2000	2000	2047	2010	6034	0.95621	1.05862	4.16853		
06:26:08	2000	2000	2024	1940	6040	0.95466	1.05863	4.16115		
06:26:18	2000	2000	2022	2077	6043	0.95760	1.05821	4.17359		
06:26:28	2000	2000	2010	2019	6045	0.95640	1.05830	4.16822		
06:26:38	2000	2000	2010	2008	6048	0.95618	1.05816	4.16659		
06:26:48	2000	2000	2011	2013	6052	0.95628	1.05851	4.16845		
06:26:59	2000	2000	2037	2166	6054	0.95931	1.05825	4.18195		
06:27:09	2000	2000	2044	1985	6057	0.95566	1.05840	4.16507		
06:27:19	2000	2000	2039	2047	6058	0.95699	1.05797	4.16973		
06:27:29	2000	2000	2053	2101	6060	0.95807	1.05782	4.17433		
06:27:39	2000	2000	2055	2023	6061	0.95649	1.05805	4.16764		
06:27:49	2000	2000	2094	2245	6062	0.96070	1.05806	4.18786		
06:27:59	2000	2000	2074	2044	6063	0.95691	1.05794	4.16925		
06:28:09	2000	2000	2084	2044	6063	0.95691	1.05794	4.16925		
06:28:19	2000	2000	2081	2034	6064	0.95671	1.05821	4.16933		
06:28:29	2000	2000	2076	2071	6064	0.95747	1.05832	4.17340		
06:28:39	2000	2000	2051	1871	6064	0.95303	1.05837	4.15230		
06:28:49	2000	2000	2014	2021	6063	0.95644	1.05872	4.17006		
06:28:59	2000	2000	2019	2074	6063	0.95753	1.05854	4.17459		
06:29:10	2000	2000	2032	2126	6063	0.95855	1.05877	4.18036		
06:29:20	2000	2000	2054	2164	6063	0.95926	1.05869	4.18347		
06:29:30	2000	2000	2052	2057	6062	0.95718	1.05847	4.17262		
06:29:40	2000	2000	2072	1990	6062	0.95578	1.05822	4.16490		
06:29:50	2000	2000	2089	2126	6059	0.95854	1.05813	4.17782		
06:30:00	2000	2000	2076	1995	6058	0.95588	1.05800	4.16453		
06:30:10	2000	2000	2090	2211	6057	0.96011	1.05813	4.18532		
06:30:20	2000	2000	2095	2195	6055	0.95983	1.05785	4.18288		
06:30:30	2000	2100	2109	2138	6054	0.95878	1.05813	4.17896		
06:30:40	2000	2100	2128	2105	6054	0.95814	1.05785	4.17477		
06:30:50	2000	2100	2135	2166	6053	0.95929	1.05836	4.18231		
06:31:00	2000	2100	2134	1994	6052	0.95586	1.05812	4.16490		
06:31:10	2000	2100	2119	2116	6051	0.95837	1.05777	4.17555		
06:31:21	2000	2000	2089	2015	6050	0.95631	1.05797	4.16648		
06:31:31	2000	2000	2068	2015	6050	0.95631	1.05797	4.16648		
06:31:41	2000	2100	2108	2342	6051	0.96230	1.05771	4.19415		
06:31:51	2000	2000	2083	2017	6050	0.95635	1.05809	4.16716		
06:32:01	2000	2100	2104	2119	6050	0.95843	1.05814	4.17729		
06:32:11	2000	2100	2108	2144	6050	0.95890	1.05798	4.17893		
06:32:21	2000	2100	2125	2113	6051	0.95831	1.05823	4.17707		
06:32:31	2000	2100	2163	2246	6053	0.96073	1.05810	4.18817		
06:32:41	2000	2100	2126	2120	6055	0.95843	1.05832	4.17803		
06:32:51	2000	2100	2199	2457	6057	0.96403	1.05784	4.20297		
06:33:01	2000	2100	2179	1999	6059	0.95597	1.05832	4.16620		
06:33:11	2000	2100	2179	2139	6062	0.95880	1.05861	4.18092		
06:33:21	2000	2100	2200	2241	6064	0.96064	1.05796	4.18718		
06:33:32	2000	2100	2185	2155	6065	0.95909	1.05812	4.18039		
06:33:42	2000	2100	2175	2059	6067	0.95723	1.05802	4.17108		
06:33:52	2000	2100	2108	2056	6069	0.95717	1.05809	4.17106		
06:34:02	2000	2100	2135	2165	6070	0.95928	1.05767	4.17952		
06:34:12	2000	2100	2127	2087	6071	0.95779	1.05778	4.17283		
06:34:22	2000	2100	2110	2142	6072	0.95886	1.05774	4.17779		
06:34:32	2000	2100	2108	2142	6072	0.95886	1.05774	4.17779		
06:34:42	2000	2100	2105	2039	6073	0.95681	1.05792	4.16869		
06:34:52	2000	2100	2131	2212	6074	0.96012	1.05741	4.18255		
06:35:02	2000	2100	2113	2061	6075	0.95728	1.05846	4.17304		
06:35:12	2000	2100	2115	2095	6076	0.95794	1.05788	4.17394		
06:35:22	2000	2100	2106	2089	6077	0.95783	1.05827	4.17494		
06:35:32	2000	2100	2102	2121	6077	0.95845	1.05857	4.17912		
06:35:43	2000	2000	2098	2011	6077	0.95623	1.05861	4.16861		
06:35:53	2000	2000	2095	2198	6076	0.95988	1.05819	4.18446		
06:36:03	2000	2000	2094	2051	6077	0.95706	1.05849	4.17214		
06:36:13	2000	2100	2101	2140	6076	0.95882	1.05834	4.17997		
06:36:23	2000	2100	2107	2125	6076	0.95853	1.05811	4.17767		
06:36:33	2000	2100	2103	2093	6075	0.95791	1.05853	4.17634		
06:36:43	2000	2100	2128	2163	6075	0.95925	1.05844	4.18241		
06:36:54	2000	2000	2099	2022	6074	0.95647	1.05858	4.16963		
06:37:04	2000	2000	2088	1990	6073	0.95578	1.05809	4.16441		
06:37:14	2000	2000	2091	2155	6072	0.95910	1.05822	4.18083		
06:37:24	2000	2100	2111	2243	6071	0.96067	1.05832	4.18877		
06:37:34	2000	2000	2098	2015	6071	0.95631	1.05793	4.16631		
06:37:45	2000	2000	2072	2009	6071	0.95619	1.05867	4.16863		
06:37:55	2000	2000	2056	1927	6073	0.95436	1.05794	4.15702		
06:38:05	2000	2000	2068	2061	6073	0.95727	1.05812	4.17166		
06:38:15	2000	2000	2070	2168	6075	0.95933	1.05834	4.18241		
06:38:25	2000	2000	2041	2069	6076	0.95744	1.05824	4.17294		
06:38:36	2000	2000	2033	1969	6077	0.95533	1.05832	4.16314		
06:38:46	2000	2000	2046	2082	6079	0.95770	1.05837	4.17471		
06:38:56	2000	2000	2068	2059	6081	0.95723	1.05841	4.17263		
06:39:06	2000	2000	2074	2098	6083	0.95801	1.05816	4.17539		
06:39:16	2000	2000	2070	2144	6085	0.95889	1.05836	4.18039		
06:39:26	2000	2000	2070	2071	6086	0.95748	1.05859	4.17452		
06:39:36	2000	2000	2100	2149	6088	0.95898	1.05854	4.18155		
06:39:47	2000	2000	2097	2062	6090	0.95730	1.05843	4.17304		
06:39:57	2000	2100	2102	2093	6092	0.95790	1.05816	4.17487		
06:40:07	2000	2100	2103	2103	6093	0.95810	1.05797	4.17507		
06:40:17	2000	2000	2086	2041	6095	0.95686	1.05804	4.16939		
06:40:27	2000	2000	2078	2023	6099	0.95648	1.05800	4.16741		
06:40:37	2000	2000	2076	2136	6101	0.95874	1.05821	4.17905		
06:40:47	2000	2100	2104	2233	6102	0.96049	1.05787	4.18612		
06:40:57	2000	2000	2094	2032	6104	0.95668	1.05803	4.16849		
06:41:07	2000	2100	2127	2298	6108	0.96159	1.05827	4.19299		
06:41:17	2000	2100	2145	2153	6110	0.95905	1.05830	4.18093		
06:41:27	2000	2100	2136	1967	6114	0.95528	1.05788	4.16117		
06:41:37	2000	2100	2111	1983	6115	0.95562	1.05787	4.16279		
06:41:47	2000	2000	2081	2054	6116	0.95712	1.05801	4.17051		
06:41:58	2000	2000	2082	2038	6116	0.95679	1.05814	4.16945		
06:42:08	2000	2000	2031	1994	6117	0.95586	1.05795	4.16423		
06:45:31	2000	2000	2003	1983	6119	0.95562	1.05808	4.16360		
06:45:41	2000	2000	2016	2045	6120	0.95694	1.05801	4.16964		
06:45:51	2000	2000	2035	2101	6122	0.95807	1.05716	4.17174		
06:46:01	2000	2000	2053	2162	6124	0.95923	1.05746	4.17848		
06:46:11	2000	2000	2067	2119	6127	0.95842	1.05751	4.17477		
06:46:21	2000	2000	2071	2018	6130	0.95638	1.05789	4.16651		
06:46:31	2000	2000	2096	2134	6136	0.95870	1.05737	4.17557		
06:46:41	2000	2100	2106	2104	6138	0.95813	1.05762	4.17380		
06:46:51	2000	2100	2112	2136	6140	0.95873	1.05741	4.17589		
06:47:01	2000	2000	2083	1987	6142	0.95573	1.05753	4.16194		
06:47:12	2000	2000	2076	2082	6143	0.95769	1.05749	4.17121		
06:47:22	2000	2000	2081	2045	6144	0.95695	1.05762	4.16818		
06:47:32	2000	2000	2031	1835	6145	0.95214	1.05732	4.14394		
06:47:42	2000	2000	2032	2107	6145	0.95818	1.05753	4.17368		
06:47:52	2000	2000	2039	2183	6146	0.95961	1.05741	4.18010		
06:48:02	2000	2000	2047	2035	6146	0.95674	1.05751	4.16673		
06:48:12	2000	2000	2019	1912	6146	0.95401	1.05707	4.15191		
06:48:22	2000	2000	2027	2090	6146	0.95786	1.05747	4.17194		
06:48:32	2000	2000	2084	2177	6146	0.95951	1.05753	4.18008		
06:48:42	2000	2100	2102	2215	6146	0.96018	1.05756	4.18340		
06:48:52	2000	2100	2107	2215	6146	0.96018	1.05756	4.18340		
06:49:02	2000	2100	2114	2075	6144	0.95756	1.05772	4.17146		
06:49:12	2000	2100	2172	2262	6144	0.96100	1.05768	4.18781		
06:49:23	2000	2100	2184	2165	6142	0.95928	1.05729	4.17805		
06:49:33	2000	2100	2199	2263	6142	0.96101	1.05715	4.18576		
06:49:43	2000	2100	2177	2083	6141	0.95771	1.05700	4.16936		
06:49:53	2000	2100	2146	2032	6142	0.95667	1.05734	4.16572		
06:50:03	2000	2100	2146	2071	6142	0.95748	1.05748	4.17015		
06:50:13	2000	2100	2142	2240	6144	0.96061	1.05726	4.18429		
06:50:23	2000	2100	2186	2430	6145	0.96364	1.05737	4.19922		
06:50:33	2000	2100	2196	2321	6145	0.96197	1.05711	4.19021		
06:50:43	2000	2200	2206	2147	6145	0.95894	1.05714	4.17580		
06:50:53	2000	2200	2207	2037	6146	0.95678	1.05737	4.16635		
06:51:03	2000	2200	2235	2240	6148	0.96061	1.05743	4.18496		
06:51:13	2000	2200	2221	2156	6150	0.95912	1.05715	4.17672		
06:51:23	2000	2100	2171	2128	6154	0.95859	1.05690	4.17320		
06:51:34	2000	2100	2125	2045	6157	0.95694	1.05714	4.16622		
06:51:44	2000	2000	2098	1982	6161	0.95560	1.05736	4.16068		
06:51:54	2000	2100	2132	2244	6163	0.96069	1.05717	4.18432		
06:52:04	2000	2100	2133	2244	6163	0.96069	1.05717	4.18432		
06:52:14	2000	2100	2124	2103	6172	0.95810	1.05670	4.17006		
06:52:24	2000	2100	2152	2294	6178	0.96153	1.05702	4.18775		
06:52:34	2000	2100	2136	1951	6180	0.95492	1.05747	4.15784		
06:52:44	2000	2100	2146	2042	6182	0.95688	1.05733	4.16668		
06:52:54	2000	2100	2127	2128	6180	0.95859	1.05708	4.17387		
06:53:04	2000	2000	2093	2042	6178	0.95689	1.05688	4.16494		
06:53:14	2000	2000	2081	2033	6178	0.95670	1.05736	4.16594		
06:53:24	2000	2000	2050	2106	6177	0.95817	1.05760	4.17392		
06:53:34	2000	2000	2071	2078	6177	0.95761	1.05753	4.17097		
06:53:45	2000	2000	2070	2038	6175	0.95681	1.05765	4.16761		
06:53:55	2000	2000	2041	1949	6177	0.95487	1.05742	4.15740		
06:54:05	2000	2000	2069	2214	6178	0.96017	1.05731	4.18236		
06:54:15	2000	2000	2094	2184	6178	0.95963	1.05778	4.18166		
06:54:25	2000	2000	2093	2099	6177	0.95803	1.05781	4.17411		
06:54:35	2000	2100	2104	2144	6177	0.95889	1.05763	4.17750		
06:54:45	2000	2100	2114	2097	6177	0.95799	1.05723	4.17160		
06:54:55	2000	2100	2132	2054	6179	0.95714	1.05753	4.16871		
06:55:05	2000	2100	2122	2159	6181	0.95916	1.05780	4.17949		
06:55:15	2000	2100	2144	2312	6181	0.96182	1.05778	4.19215		
06:55:25	2000	2100	2162	2210	6182	0.96009	1.05772	4.18363		
06:55:35	2000	2100	2162	2145	6183	0.95891	1.05752	4.17717		
06:55:45	2000	2100	2186	2238	6183	0.96059	1.05791	4.18674		
06:55:56	2000	2200	2219	2252	6184	0.96083	1.05768	4.18700		
06:56:06	2000	2200	2254	2367	6185	0.96269	1.05766	4.19586		
06:56:16	2000	2200	2249	2283	6187	0.96135	1.05837	4.19222		
06:56:26	2000	2200	2269	2334	6188	0.96217	1.05837	4.19616		
06:56:36	2000	2200	2275	2180	6190	0.95956	1.05775	4.18119		
06:56:46	2000	2200	2292	2340	6192	0.96226	1.05824	4.19609		
06:56:56	2000	2200	2257	2038	6194	0.95680	1.05797	4.16882		
06:57:06	2000	2100	2193	1983	6195	0.95562	1.05776	4.16233		
06:57:16	2000	2100	2144	1992	6197	0.95582	1.05778	4.16338		
06:57:26	2000	2000	2098	2060	6199	0.95724	1.05816	4.17170		
06:57:36	2000	2100	2108	2235	6200	0.96054	1.05807	4.18715		
06:57:46	2000	2000	2065	2084	6202	0.95774	1.05815	4.17403		
06:57:56	2000	2000	2081	2133	6205	0.95868	1.05781	4.17720		
06:58:07	2000	2000	2081	1986	6207	0.95569	1.05773	4.16254		
06:58:17	2000	2100	2105	2136	6209	0.95875	1.05806	4.17851		
06:58:27	2000	2100	2142	2280	6210	0.96129	1.05779	4.18963		
06:58:37	2000	2100	2149	2280	6210	0.96129	1.05779	4.18963		
06:58:47	2000	2100	2193	2344	6215	0.96233	1.05815	4.19604		
06:58:57	2000	2100	2184	2082	6217	0.95770	1.05766	4.17191		
06:59:07	2000	2200	2216	2179	6219	0.95954	1.05783	4.18141		
06:59:17	2000	2200	2219	2149	6220	0.95899	1.05802	4.17950		
06:59:27	2000	2100	2180	2046	6221	0.95697	1.05765	4.16839		
06:59:37	2000	2100	2144	2068	6223	0.95741	1.05759	4.17025		
06:59:47	2000	2000	2093	2037	6225	0.95678	1.05759	4.16723		
06:59:57	2000	2000	2100	2123	6226	0.95849	1.05740	4.17468		
07:00:08	2000	2100	2102	2193	6227	0.95980	1.05780	4.18253		
07:00:18	2000	2000	2089	2070	6229	0.95745	1.05755	4.17030		
07:00:28	2000	2000	2093	2070	6230	0.95745	1.05791	4.17169		
07:00:38	2000	2100	2108	2158	6232	0.95914	1.05746	4.17805		
07:00:48	2000	2100	2136	2205	6235	0.96000	1.05762	4.18280		
07:00:58	2000	2100	2130	2088	6235	0.95782	1.05778	4.17295		
07:01:08	2000	2100	2135	2220	6235	0.96027	1.05735	4.18300		
07:01:18	2000	2100	2152	2172	6235	0.95941	1.05735	4.17890		
07:01:28	2000	2100	2151	2063	6236	0.95732	1.05784	4.17078		
07:01:38	2000	2100	2135	2063	6236	0.95732	1.05784	4.17078		
07:01:48	2000	2100	2122	2128	6236	0.95858	1.05794	4.17725		
07:01:58	2000	2100	2114	2043	6236	0.95691	1.05828	4.17058		
07:02:08	2000	2100	2109	2189	6237	0.95972	1.05846	4.18478		
07:02:19	2000	2100	2103	2134	6238	0.95871	1.05797	4.17797		
07:02:29	2000	2100	2114	2131	6239	0.95864	1.05821	4.17860		
07:02:39	2000	2100	2116	2073	6241	0.95752	1.05795	4.17220		
07:02:49	2000	2100	2112	2106	6242	0.95816	1.05830	4.17667		
07:02:59	2000	2100	2157	2309	6242	0.96177	1.05752	4.19087		
07:03:09	2000	2100	2151	2153	6245	0.95906	1.05798	4.17970		
07:03:19	2000	2100	2155	2163	6247	0.95925	1.05807	4.18098		
07:03:29	2000	2100	2194	2364	6249	0.96265	1.05813	4.19751		
07:03:39	2000	2200	2214	2193	6253	0.95980	1.05828	4.18443		
07:03:49	2000	2200	2224	2164	6254	0.95926	1.05802	4.18081		
07:03:59	2000	2100	2197	2148	6255	0.95897	1.05811	4.17978		
07:04:09	2000	2100	2193	2127	6256	0.95858	1.05789	4.17703		
07:04:19	2000	2100	2185	2117	6258	0.95837	1.05835	4.17786		
07:04:30	2000	2100	2148	2141	6259	0.95883	1.05845	4.18045		
07:04:40	2000	2100	2140	2144	6260	0.95890	1.05835	4.18039		
07:04:50	2000	2100	2125	2073	6262	0.95752	1.05826	4.17343		
07:05:00	2000	2100	2115	2089	6263	0.95784	1.05831	4.17514		
07:05:10	2000	2100	2117	2139	6263	0.95880	1.05819	4.17927		
07:05:20	2000	2100	2127	2177	6265	0.95950	1.05805	4.18208		
07:05:30	2000	2100	2117	2080	6265	0.95766	1.05815	4.17367		
07:05:40	2000	2100	2137	2266	6270	0.96106	1.05822	4.19022		
07:05:50	2000	2100	2151	2155	6272	0.95911	1.05815	4.18059		
07:06:00	2000	2100	2150	2086	6272	0.95777	1.05817	4.17426		
07:06:10	2000	2100	2132	2029	6274	0.95662	1.05850	4.17003		
07:06:20	2000	2100	2116	2084	6276	0.95773	1.05822	4.17425		
07:06:30	2000	2100	2102	1995	6277	0.95588	1.05836	4.16595		
07:06:41	2000	2000	2082	2146	6278	0.95893	1.05813	4.17967		
07:06:51	2000	2000	2061	2026	6278	0.95654	1.05824	4.16865		
07:07:01	2000	2000	2054	2045	6278	0.95695	1.05834	4.17100		
07:07:11	2000	2000	2059	2062	6278	0.95728	1.05843	4.17295		
07:07:21	2000	2000	2043	1987	6281	0.95572	1.05828	4.16488		
07:07:31	2000	2000	2057	2079	6282	0.95763	1.05828	4.17401		
07:07:41	2000	2000	2034	2006	6282	0.95613	1.05825	4.16671		
07:07:51	2000	2000	2037	2048	6283	0.95701	1.05819	4.17070		
07:08:01	2000	2000	2042	2071	6284	0.95746	1.05807	4.17240		
07:08:11	2000	2000	2051	2118	6284	0.95839	1.05829	4.17771		
07:08:21	2000	2000	2051	1984	6285	0.95565	1.05814	4.16400		
07:08:31	2000	2000	2070	2194	6286	0.95981	1.05809	4.18372		
07:08:41	2000	2000	2091	2135	6287	0.95873	1.05814	4.17874		
07:08:52	2000	2000	2097	2082	6287	0.95769	1.05815	4.17382		
07:09:02	2000	2000	2094	2053	6287	0.95711	1.05820	4.17121		
07:09:12	2000	2000	2087	2078	6286	0.95762	1.05829	4.17402		
07:09:22	2000	2100	2119	2176	6287	0.95948	1.05855	4.18399		
07:09:32	2000	2100	2107	2121	6286	0.95846	1.05859	4.17924		
07:09:42	2000	2000	2064	1879	6289	0.95323	1.05872	4.15463		
07:09:52	2000	2000	2091	2242	6290	0.96066	1.05901	4.19145		
07:10:02	2000	2000	2080	1987	6290	0.95572	1.05891	4.16732		
07:10:12	2000	2000	2078	2065	6289	0.95736	1.05899	4.17551		
07:10:22	2000	2000	2046	1984	6291	0.95566	1.05903	4.16751		
07:10:32	2000	2000	2028	2011	6292	0.95624	1.05891	4.16982		
07:10:42	2000	2000	2076	2171	6289	0.95939	1.05873	4.18425		
07:10:52	2000	2000	2035	1997	6292	0.95593	1.05870	4.16753		
07:11:03	2000	2000	2044	2036	6293	0.95675	1.05860	4.17108		
07:11:13	2000	2000	2044	2070	6293	0.95745	1.05864	4.17458		
07:11:23	2000	2000	2051	2024	6295	0.95651	1.05877	4.17058		
07:11:33	2000	2000	2039	1936	6295	0.95459	1.05859	4.16065		
07:11:43	1900	1900	2000	1939	6294	0.95465	1.05886	4.16201		
07:11:53	2000	2000	2026	2154	6296	0.95908	1.05888	4.18336		
07:12:03	2000	2000	2029	2055	6296	0.95716	1.05902	4.17468		
07:12:13	2000	2000	2021	2023	6298	0.95649	1.05924	4.17234		
07:12:23	2000	2000	2007	1935	6298	0.95454	1.05903	4.16216		
07:12:33	2000	2000	2020	2018	6298	0.95638	1.05860	4.16928		
07:12:43	2000	2000	2048	2103	6298	0.95812	1.05871	4.17805		
07:12:53	2000	2000	2046	2142	6297	0.95886	1.05865	4.18140		
07:13:04	2000	2000	2030	1964	6294	0.95520	1.05869	4.16400		
07:13:14	2000	2000	2033	2037	6296	0.95678	1.05850	4.17081		
07:13:24	2000	2000	2087	2263	6296	0.96100	1.05858	4.19140		
07:13:34	2000	2100	2103	2110	6295	0.95825	1.05867	4.17852		
07:13:44	2000	2100	2112	2161	6293	0.95921	1.05857	4.18273		
07:13:54	2000	2100	2114	2151	6291	0.95903	1.05862	4.18209		
07:14:04	2000	2100	2141	2128	6288	0.95859	1.05857	4.17976		
07:14:14	2000	2100	2145	2059	6286	0.95723	1.05872	4.17382		
07:14:24	2000	2100	2117	2096	6285	0.95798	1.05877	4.17763		
07:14:34	2000	2100	2112	2079	6286	0.95762	1.05855	4.17506		
07:14:44	2000	2000	2084	1993	6285	0.95585	1.05862	4.16683		
07:14:54	2000	2000	2085	2158	6283	0.95914	1.05866	4.18279		
07:15:04	2000	2000	2070	2035	6281	0.95673	1.05864	4.17112		
07:15:15	2000	2000	2044	1908	6282	0.95392	1.05864	4.15762		
07:15:25	2000	2000	2039	2061	6282	0.95728	1.05840	4.17280		
07:15:35	2000	2000	2036	2061	6282	0.95727	1.05821	4.17200		
07:15:45	2000	2000	2047	2061	6283	0.95726	1.05785	4.17057		
07:15:55	2000	2000	2039	2112	6285	0.95828	1.05760	4.17448		
07:16:05	2000	2000	2040	2037	6286	0.95678	1.05802	4.16891		
07:16:15	2000	2000	2064	2054	6287	0.95712	1.05807	4.17076		
07:16:25	2000	2000	2055	2005	6290	0.95610	1.05834	4.16691		
07:16:35	2000	2000	2061	2102	6291	0.95808	1.05842	4.17673		
07:16:45	2000	2000	2065	2081	6292	0.95768	1.05847	4.17501		
07:16:55	2000	2000	2049	2017	6293	0.95636	1.05867	4.16946		
07:17:05	2000	2000	2048	2031	6294	0.95666	1.05850	4.17024		
07:17:15	2000	2000	2047	2048	6295	0.95700	1.05856	4.17209		
07:17:26	2000	2000	2058	2073	6297	0.95751	1.05862	4.17479		
07:17:36	2000	2000	2054	2075	6299	0.95756	1.05856	4.17477		
07:17:46	2000	2000	2067	2160	6303	0.95920	1.05860	4.18281		
07:17:56	2000	2000	2059	1967	6303	0.95528	1.05824	4.16261		
07:18:06	2000	2000	2052	1989	6302	0.95576	1.05828	4.16505		
07:18:16	2000	2000	2065	2128	6303	0.95859	1.05850	4.17952		
07:18:26	2000	2000	2058	2033	6304	0.95669	1.05866	4.17103		
07:18:36	2000	2000	2049	2018	6305	0.95637	1.05866	4.16950		
07:18:46	2000	2000	2048	2154	6305	0.95907	1.05867	4.18248		
07:18:56	2000	2000	2051	1987	6306	0.95572	1.05879	4.16688		
07:19:06	2000	2000	2052	1995	6307	0.95588	1.05867	4.16717		
07:19:16	2000	2000	2026	1970	6307	0.95535	1.05898	4.16582		
07:19:26	1900	1900	2000	1876	6307	0.95316	1.05895	4.15522		
07:19:37	2000	2000	2005	2051	6307	0.95706	1.05883	4.17347		
07:19:47	1900	1900	1988	2052	6306	0.95709	1.05895	4.17410		
07:19:57	1900	1900	1996	2033	6305	0.95670	1.05872	4.17132		
07:20:07	1900	1900	2000	2023	6303	0.95649	1.05878	4.17053		
07:20:17	2000	2000	2006	2001	6303	0.95601	1.05845	4.16694		
07:20:27	2000	2000	2022	1973	6302	0.95541	1.05851	4.16428		
07:20:37	1900	1900	1999	1916	6301	0.95411	1.05888	4.15949		
07:20:47	1900	1900	1987	1976	6299	0.95548	1.05876	4.16562		
07:20:57	1900	1900	1984	2019	6298	0.95640	1.05907	4.17123		
07:21:07	1900	1900	1974	1960	6297	0.95511	1.05850	4.16282		
07:21:17	1900	1900	1965	1947	6295	0.95483	1.05859	4.16183		
07:21:27	1900	1900	1959	1936	6293	0.95457	1.05856	4.16047		
07:21:38	1900	1900	1944	1828	6293	0.95196	1.05836	4.14713		
07:21:48	1900	1900	1919	1828	6293	0.95196	1.05836	4.14713		
07:21:58	1900	1900	1917	2007	6295	0.95614	1.05875	4.16872		
07:22:08	1900	1900	1911	1923	6299	0.95428	1.05878	4.15993		
07:22:18	1800	1800	1880	1763	6307	0.95024	1.05896	4.14123		
07:22:29	1800	1800	1854	1779	6309	0.95068	1.05908	4.14380		
07:22:39	1800	1800	1867	1904	6308	0.95383	1.05901	4.15868		
07:22:49	1800	1800	1896	2005	6308	0.95611	1.05884	4.16894		
07:22:59	1800	1800	1884	1932	6306	0.95447	1.05920	4.16250		
07:23:09	1800	1800	1878	1885	6307	0.95337	1.05890	4.15601		
07:23:20	1900	1900	1918	2004	6305	0.95609	1.05876	4.16852		
07:23:30	1900	1900	1971	2096	6307	0.95797	1.05864	4.17708		
07:23:40	1900	1900	1973	1921	6309	0.95422	1.05874	4.15949		
07:23:50	1900	1900	1937	1789	6310	0.95093	1.05834	4.14212		
07:24:00	1900	1900	1956	2044	6312	0.95692	1.05827	4.17059		
07:24:11	1900	1900	1956	1882	6313	0.95330	1.05860	4.15453		
07:24:21	1900	1900	1923	1809	6315	0.95145	1.05925	4.14820		
07:24:31	1800	1800	1877	1818	6317	0.95171	1.05871	4.14729		
07:24:41	1800	1800	1874	1902	6318	0.95379	1.05863	4.15700		
07:24:51	1800	1800	1886	1866	6319	0.95290	1.05815	4.15083		
07:25:02	1800	1800	1852	1837	6322	0.95219	1.05909	4.15110		
07:25:12	1800	1800	1854	1893	6324	0.95358	1.05933	4.15871		
07:25:22	1800	1800	1882	1981	6329	0.95558	1.05898	4.16694		
07:25:32	1900	1900	1937	2148	6329	0.95897	1.05893	4.18302		
07:25:42	1900	1900	1950	1976	6330	0.95548	1.05840	4.16420		
07:25:52	1900	1900	1954	1891	6331	0.95353	1.05867	4.15590		
07:26:03	1900	1900	1958	1861	6331	0.95280	1.05845	4.15150		
07:26:13	1900	1900	1951	1852	6333	0.95257	1.05944	4.15432		
07:26:23	1900	1900	1936	1890	6334	0.95350	1.05890	4.15665		
07:26:33	1900	1900	1915	2020	6336	0.95642	1.05848	4.16903		
07:26:43	1900	1900	1914	1974	6337	0.95542	1.05953	4.16836		
07:26:54	1900	1900	1908	1854	6338	0.95262	1.05884	4.15218		
07:27:04	1900	1900	1916	1909	6339	0.95394	1.05888	4.15868		
07:27:14	1900	1900	1924	1897	6339	0.95366	1.05904	4.15795		
07:27:24	1900	1900	1918	1856	6338	0.95267	1.05891	4.15269		
07:27:34	1900	1900	1920	2035	6341	0.95674	1.05825	4.16965		
07:27:45	1800	1800	1878	1717	6341	0.94894	1.05881	4.13439		
07:27:55	1800	1800	1882	1879	6343	0.95323	1.05879	4.15490		
07:28:05	1900	1900	1910	2076	6351	0.95757	1.05850	4.17460		
07:28:15	1900	1900	1907	1884	6352	0.95336	1.05896	4.15622		
07:28:25	1900	1900	1914	1894	6353	0.95358	1.05801	4.15355		
07:28:35	1800	1800	1881	1839	6355	0.95224	1.05841	4.14869		
07:28:46	1900	1900	1913	1906	6358	0.95388	1.05801	4.15496		
07:28:56	1800	1800	1886	1721	6361	0.94904	1.05877	4.13473		
07:29:06	1800	1800	1873	1998	6364	0.95595	1.05878	4.16793		
07:29:16	1800	1800	1845	1713	6368	0.94881	1.05815	4.13119		
07:29:26	1800	1800	1857	1970	6370	0.95534	1.05875	4.16489		
07:29:37	1800	1800	1828	1663	6373	0.94733	1.05832	4.12478		
07:29:47	1700	1700	1788	1663	6373	0.94733	1.05832	4.12478		
07:29:57	1800	1800	1822	1927	6379	0.95438	1.05873	4.16019		
07:30:07	1800	1800	1840	2108	6382	0.95821	1.05799	4.17566		
07:30:17	1800	1800	1882	1965	6386	0.95524	1.05823	4.16234		
07:30:28	1800	1800	1863	1853	6393	0.95258	1.05875	4.15165		
07:30:38	1800	1800	1896	1862	6396	0.95281	1.05851	4.15181		
07:30:48	1900	1900	1938	1913	6398	0.95404	1.05783	4.15504		
07:30:58	1900	1900	1923	1841	6401	0.95228	1.05867	4.14990		
07:31:08	1800	1800	1891	1916	6404	0.95411	1.05826	4.15705		
07:31:18	1800	1800	1875	1869	6407	0.95299	1.05832	4.15194		
07:31:29	1800	1800	1881	1887	6411	0.95342	1.05829	4.15388		
07:31:39	1800	1800	1888	1906	6415	0.95389	1.05768	4.15371		
07:31:49	1800	1800	1895	1954	6418	0.95498	1.05774	4.15921		
07:31:59	1900	1900	1915	1960	6421	0.95513	1.05785	4.16034		
07:32:09	1900	1900	1908	1872	6424	0.95305	1.05755	4.14921		
07:32:20	1900	1900	1921	1947	6428	0.95483	1.05774	4.15848		
07:32:30	1900	1900	1921	1891	6431	0.95352	1.05791	4.15285		
07:32:40	1900	1900	1915	1869	6435	0.95298	1.05733	4.14799		
07:32:50	1800	1800	1899	1857	6443	0.95269	1.05747	4.14715		
07:33:00	1800	1800	1882	1857	6443	0.95269	1.05747	4.14715		
07:33:10	1900	1900	1902	1991	6451	0.95580	1.05675	4.15924		
07:33:21	1900	1900	1903	1956	6455	0.95502	1.05714	4.15704		
07:33:31	1900	1900	1905	1905	6458	0.95387	1.05725	4.15192		
07:33:41	1900	1900	1920	1959	6463	0.95510	1.05741	4.15849		
07:33:51	1900	1900	1938	1965	6467	0.95524	1.05740	4.15910		
07:34:01	1900	1900	1959	1978	6470	0.95551	1.05714	4.15939		
07:34:11	1900	1900	1934	1843	6473	0.95234	1.05774	4.14653		
07:34:21	1900	1900	1923	1892	6475	0.95355	1.05689	4.14899		
07:34:31	1900	1900	1920	1887	6478	0.95342	1.05734	4.15013		
07:34:41	1800	1800	1895	1810	6479	0.95151	1.05725	4.14061		
07:34:51	1800	1800	1885	1903	6482	0.95380	1.05672	4.14954		
07:35:01	1800	1800	1873	1903	6482	0.95380	1.05672	4.14954		
07:35:12	1800	1800	1874	1852	6490	0.95257	1.05741	4.14635		
07:35:22	1800	1800	1881	1931	6492	0.95447	1.05680	4.15306		
07:35:32	1800	1800	1893	1960	6497	0.95513	1.05668	4.15572		
07:35:42	1800	1800	1882	1746	6500	0.94975	1.05699	4.13118		
07:35:52	1800	1800	1875	1863	6503	0.95284	1.05694	4.14578		
07:36:02	1800	1800	1877	1914	6504	0.95406	1.05700	4.15189		
07:36:12	1900	1900	1912	2062	6507	0.95730	1.05714	4.16795		
07:36:22	1900	1900	1916	1954	6508	0.95498	1.05682	4.15555		
07:36:32	1900	1900	1905	1894	6509	0.95359	1.05717	4.15028		
07:36:42	1900	1900	1945	1983	6511	0.95563	1.05771	4.16221		
07:36:52	1900	1900	1942	1847	6511	0.95244	1.05770	4.14686		
07:37:02	1900	1900	1934	1866	6512	0.95292	1.05762	4.14883		
07:37:12	1800	1800	1900	1858	6513	0.95272	1.05751	4.14744		
07:37:23	1800	1800	1899	1951	6513	0.95492	1.05782	4.15923		
07:37:33	1800	1800	1896	1872	6514	0.95307	1.05773	4.14999		
07:37:43	1800	1800	1877	1872	6514	0.95307	1.05773	4.14999		
07:37:53	1800	1800	1886	1902	6516	0.95378	1.05805	4.15466		
07:38:03	1900	1900	1909	1999	6517	0.95597	1.05740	4.16258		
07:38:13	1900	1900	1916	1902	6518	0.95378	1.05802	4.15454		
07:38:23	1900	1900	1909	1908	6520	0.95394	1.05810	4.15560		
07:38:33	1900	1900	1917	1924	6525	0.95429	1.05811	4.15734		
07:38:43	1900	1900	1923	1906	6528	0.95388	1.05821	4.15575		
07:38:53	1900	1900	1916	1862	6533	0.95281	1.05860	4.15217		
07:39:03	1800	1800	1896	1878	6536	0.95322	1.05826	4.15278		
07:39:14	1800	1800	1895	1894	6539	0.95358	1.05882	4.15673		
07:39:24	1800	1800	1892	1890	6543	0.95351	1.05911	4.15750		
07:39:34	1800	1800	1887	1893	6548	0.95357	1.05844	4.15517		
07:39:44	1800	1800	1881	1869	6552	0.95300	1.05862	4.15313		
07:39:54	1800	1800	1888	1904	6556	0.95382	1.05855	4.15683		
07:40:04	1800	1800	1896	1928	6559	0.95440	1.05881	4.16059		
07:40:14	1900	1900	1902	1931	6563	0.95447	1.05894	4.16146		
07:40:24	1900	1900	1912	1951	6567	0.95492	1.05834	4.16126		
07:40:34	1900	1900	1910	1881	6571	0.95329	1.05874	4.15499		
07:40:44	1900	1900	1930	1987	6576	0.95571	1.05889	4.16723		
07:40:55	1900	1900	1933	1922	6580	0.95426	1.05881	4.15994		
07:41:05	1900	1900	1928	1898	6583	0.95368	1.05859	4.15630		
07:41:15	1900	1900	1924	1909	6586	0.95396	1.05840	4.15689		
07:41:25	1900	1900	1917	1909	6586	0.95396	1.05840	4.15689		


			DELHI AIRPORT : 30 m Base line


Time	RVR	 MOR	RVR	MOR	BLM	Trf	 Ref(v)	PD(v)
	(limited)	(limited)	(actual)	(actual)

07:45:36	1800	1800	311	1870	6602	0.95301	1.05815	4.15133		
07:45:47	1800	1800	627	1892	6603	0.95355	1.05786	4.15282		
07:45:57	1800	1800	941	1888	6604	0.95346	1.05794	4.15267		
07:46:07	1900	1900	1267	1956	6605	0.95503	1.05805	4.16064		
07:46:17	1800	1800	1577	1856	6605	0.95266	1.05797	4.14899		
07:46:27	2000	2000	1914	2027	6605	0.95657	1.05791	4.16748		
07:46:37	1800	1800	1904	1810	6606	0.95149	1.05827	4.14455		
07:46:47	1800	1800	1903	1885	6606	0.95337	1.05813	4.15298		
07:46:57	1900	1900	1916	1964	6608	0.95521	1.05813	4.16184		
07:47:07	1900	1900	1902	1874	6609	0.95311	1.05836	4.15267		
07:47:17	1800	1800	1899	1836	6610	0.95217	1.05824	4.14768		
07:47:27	1800	1800	1870	1856	6612	0.95266	1.05807	4.14935		
07:47:37	1800	1800	1868	1794	6614	0.95108	1.05855	4.14365		
07:47:48	1800	1800	1841	1723	6617	0.94912	1.05827	4.13314		
07:47:58	1800	1800	1838	1948	6619	0.95485	1.05842	4.16124		
07:48:08	1800	1800	1836	1861	6620	0.95280	1.05792	4.14943		
07:48:18	1800	1800	1881	2108	6621	0.95821	1.05796	4.17553		
07:48:28	1900	1900	1920	2090	6624	0.95786	1.05779	4.17318		
07:48:38	1900	1900	1950	1973	6627	0.95541	1.05787	4.16175		
07:48:48	1900	1900	1992	1973	6627	0.95541	1.05787	4.16175		
07:48:58	1900	1900	1954	1719	6631	0.94899	1.05830	4.13268		
07:49:08	1900	1900	1973	1978	6632	0.95553	1.05790	4.16244		
07:49:18	1900	1900	1938	1895	6634	0.95362	1.05825	4.15466		
07:49:28	1800	1800	1887	1786	6636	0.95087	1.05841	4.14209		
07:49:39	1800	1800	1866	1846	6638	0.95242	1.05772	4.14682		
07:49:49	1800	1800	1823	1718	6640	0.94895	1.05817	4.13196		
