

			DELHI AIRPORT : 30 m Base line


Time	RVR	 MOR	RVR	MOR	BLM	Trf	 Ref(v)	PD(v)
	(limited)	(limited)	(actual)	(actual)

07:06:05	2000	2000	342	2052	1773	0.95709	1.61738	4.51180		
07:06:15	2000	2000	691	2095	1774	0.95795	1.61632	4.51332		
07:06:25	2000	2100	1049	2149	1775	0.95899	1.61920	4.52678		
07:06:35	2000	2000	1387	2030	1776	0.95663	1.61843	4.51234		
07:06:45	2000	2100	1748	2164	1776	0.95927	1.61790	4.52458		
07:06:55	2000	2100	2100	2114	1775	0.95832	1.61803	4.51999		
07:07:05	2000	2000	2108	2098	1774	0.95801	1.61750	4.51693		
07:07:15	1900	1900	2092	1999	1772	0.95597	1.61940	4.51165		
07:07:25	2000	2000	2083	2097	1769	0.95800	1.61657	4.51426		
07:07:35	2000	2000	2086	2047	1766	0.95699	1.61739	4.51135		
07:07:45	2000	2000	2073	2087	1762	0.95779	1.61832	4.51805		
07:07:55	2000	2000	2079	2146	1758	0.95893	1.61852	4.52453		
07:08:05	2000	2000	2091	2174	1754	0.95945	1.61718	4.52348		
07:08:15	2000	2100	2124	2197	1750	0.95987	1.61819	4.52851		
07:08:25	2000	2100	2163	2331	1746	0.96213	1.61689	4.53659		
07:08:35	2000	2100	2193	2223	1743	0.96032	1.61783	4.52984		
07:08:45	2000	2200	2209	2187	1740	0.95968	1.61830	4.52781		
07:08:55	2000	2200	2229	2262	1737	0.96099	1.61823	4.53444		
07:09:05	2000	2200	2254	2324	1735	0.96201	1.61820	4.53964		
07:09:15	2000	2200	2279	2352	1732	0.96246	1.61826	4.54215		
07:09:25	2000	2200	2277	2314	1730	0.96186	1.61761	4.53721		
07:09:35	2000	2200	2272	2198	1729	0.95988	1.61866	4.52985		
07:09:45	2000	2200	2282	2245	1727	0.96070	1.61807	4.53246		
07:09:55	2000	2300	2323	2506	1727	0.96472	1.61817	4.55361		
07:10:05	2000	2300	2338	2418	1727	0.96346	1.61712	4.54415		
07:10:15	2000	2300	2352	2434	1726	0.96369	1.61844	4.54906		
07:10:25	2000	2300	2332	2191	1726	0.95976	1.61874	4.52946		
07:10:35	2000	2300	2341	2257	1726	0.96091	1.61954	4.53771		
07:10:45	2000	2300	2354	2319	1725	0.96193	1.61717	4.53633		
07:10:55	2000	2300	2329	2356	1724	0.96252	1.61643	4.53733		
07:11:05	2000	2300	2303	2263	1723	0.96102	1.61780	4.53337		
07:11:15	2000	2200	2285	2327	1724	0.96207	1.61622	4.53440		


			DELHI AIRPORT : 30 m Base line


Time	RVR	 MOR	RVR	MOR	BLM	Trf	 Ref(v)	PD(v)
	(limited)	(limited)	(actual)	(actual)



			DELHI AIRPORT : 30 m Base line


Time	RVR	 MOR	RVR	MOR	BLM	Trf	 Ref(v)	PD(v)
	(limited)	(limited)	(actual)	(actual)

