

			DELHI AIRPORT : 30 m Base line


Time	RVR	 MOR	RVR	MOR	BLM	Trf	 Ref(v)	PD(v)
	(limited)	(limited)	(actual)	(actual)

04:38:52	2000	3000	3333	9955	6461	0.99100	1.10337	2.01507		
04:39:02	2000	3000	3333	9955	6489	0.99100	1.10340	2.01108		
04:39:12	2000	3000	3333	5251	6521	0.98301	1.10336	1.98577		
04:39:22	2000	2500	3333	2538	6558	0.96516	1.10342	1.94630		
04:39:32	2000	2900	3333	2929	6601	0.96974	1.10343	1.95647		
04:39:43	2000	3000	3333	4426	6637	0.97987	1.10338	1.97885		
04:39:53	2000	3000	3333	6393	6660	0.98602	1.10338	1.99249		
04:40:03	2000	3000	3333	2868	6677	0.96910	1.10340	1.95501		
04:40:13	2000	3000	3333	5641	6692	0.98417	1.10345	1.98852		
04:40:23	2000	3000	3333	5425	6698	0.98355	1.10342	1.98708		
04:40:34	2000	3000	3333	2947	6684	0.96992	1.10341	1.95685		
04:40:44	2000	3000	3333	6074	6654	0.98529	1.10341	1.99093		
04:40:54	2000	3000	3333	6074	6654	0.98529	1.10341	1.99093		
04:41:04	2000	3000	3333	6074	6654	0.98529	1.10341	1.99093		
04:41:35	2000	3000	3333	5863	6383	0.98477	1.10342	1.98978		
04:41:45	2000	3000	3333	9955	6283	0.99100	1.10341	2.01272		
04:41:55	2000	3000	3333	9955	6172	0.99100	1.10336	2.01718		
04:42:05	2000	3000	3333	5788	6060	0.98457	1.10340	1.98931		
04:42:15	2000	3000	3333	9955	5943	0.99100	1.10340	2.01506		
04:42:26	2000	3000	3333	7506	5819	0.98808	1.10343	1.99715		
04:42:36	2000	3000	3333	9955	5697	0.99100	1.10345	2.01924		
04:42:46	2000	3000	3333	9955	5569	0.99100	1.10341	2.02898		
04:42:56	2000	3000	3333	9955	5449	0.99100	1.10342	2.03372		
04:43:06	2000	3000	3333	9955	5338	0.99100	1.10342	2.03359		
04:43:16	2000	3000	3333	9955	5237	0.99100	1.10344	2.00648		
04:43:27	2000	3000	3333	9955	5153	0.99100	1.10343	2.01037		
04:43:37	2000	3000	3333	9955	5153	0.99100	1.10343	2.01037		
07:43:24	2000	3000	3333	1967	4875	0.95527	1.10292	1.92350		
07:43:35	2000	3000	3333	2105	4873	0.95814	1.10294	1.92990		
07:43:45	2000	3000	3333	3901	4869	0.97719	1.10290	1.97206		
07:43:55	2000	3000	3333	3901	4869	0.97719	1.10290	1.97206		
07:44:05	2000	3000	3333	2325	4864	0.96203	1.10291	1.93846		
07:44:15	2000	2900	2923	3344	4861	0.97345	1.10289	1.96374		
07:44:25	2000	3000	3092	2981	4860	0.97026	1.10282	1.95654		
07:44:35	2000	3000	3333	3758	4857	0.97634	1.10276	1.96991		
07:44:45	2000	3000	3254	3220	4854	0.97243	1.10275	1.96124		
07:44:56	2000	2900	2996	2352	4860	0.96246	1.10274	1.93911		
07:45:06	2000	2900	2902	1760	4864	0.95015	1.10275	1.91186		
07:45:16	2000	2700	2723	2270	4868	0.96113	1.10280	1.93627		
07:45:26	2000	2500	2524	1784	4874	0.95081	1.10278	1.91337		
07:45:36	2000	2300	2323	2553	4878	0.96537	1.10278	1.94563		
07:45:47	2000	2200	2254	2807	4881	0.96845	1.10277	1.95244		
07:45:57	2000	2400	2444	3494	4883	0.97457	1.10276	1.96599		
07:46:07	2000	2500	2541	2342	4887	0.96229	1.10278	1.93882		
07:46:17	2000	2500	2541	2269	4891	0.96111	1.10280	1.93623		
07:46:27	2000	2500	2578	2008	4896	0.95617	1.10283	1.92534		
07:46:38	2000	2500	2543	2343	4901	0.96232	1.10282	1.93894		
07:46:48	2000	2500	2503	2567	4908	0.96555	1.10279	1.94605		
07:46:58	2000	2300	2342	2523	4916	0.96496	1.10280	1.94476		
07:47:08	2000	2300	2399	2688	4925	0.96708	1.10278	1.94942		
07:47:18	2000	2300	2383	2174	4932	0.95945	1.10277	1.93250		
07:47:28	2000	2400	2418	2213	4940	0.96016	1.10279	1.93410		
07:47:39	2000	2300	2332	1828	4949	0.95197	1.10276	1.91590		
07:47:49	2000	2200	2279	2248	4970	0.96075	1.10279	1.93542		
07:47:59	2000	2200	2248	2339	4980	0.96225	1.10281	1.93878		
07:48:09	2000	2100	2154	2123	4991	0.95849	1.10276	1.93036		
07:48:19	2000	2000	2049	1548	5001	0.94350	1.10274	1.89711		
07:48:30	1900	1900	1987	1839	5009	0.95225	1.10276	1.91652		
07:48:40	2000	2000	2061	2269	5014	0.96111	1.10274	1.93612		
07:48:50	2000	2000	2020	2007	5017	0.95614	1.10271	1.92507		
07:49:00	1900	1900	1935	1828	5019	0.95196	1.10270	1.91577		
07:49:10	1800	1800	1881	1797	5020	0.95115	1.10268	1.91394		
07:49:20	2000	2000	2029	2437	5022	0.96375	1.10268	1.94187		
07:49:30	2000	2000	2018	1775	5024	0.95055	1.10266	1.91259		
07:49:40	2000	2000	2015	2250	5025	0.96080	1.10270	1.93536		
07:49:51	2000	2100	2104	2538	5024	0.96516	1.10269	1.94501		
07:50:01	2000	2000	2069	1617	5025	0.94587	1.10267	1.90222		
07:50:11	2000	2100	2124	2128	5026	0.95860	1.10266	1.93042		
07:50:21	2000	2000	2072	2128	5026	0.95860	1.10266	1.93042		
07:50:31	2000	2000	2095	1911	5027	0.95401	1.10268	1.92028		
07:50:41	2000	2000	2086	2199	5027	0.95989	1.10268	1.93332		
07:50:52	1900	1900	1978	1887	5030	0.95342	1.10268	1.91899		
07:51:02	1900	1900	1983	1646	5032	0.94679	1.10267	1.90427		
07:51:12	1800	1800	1887	1556	5034	0.94380	1.10268	1.89765		
07:51:22	1800	1800	1830	1782	5036	0.95075	1.10272	1.91313		
07:51:32	1900	1900	1939	2566	5036	0.96554	1.10265	1.94578		
07:51:43	1900	1900	1914	2049	5034	0.95703	1.10265	1.92693		
07:51:53	1900	1900	1949	2098	5031	0.95802	1.10268	1.92917		
07:52:03	2000	2000	2011	2016	5029	0.95634	1.10268	1.92544		
07:52:13	1900	1900	1982	1381	5026	0.93692	1.10266	1.88239		
07:52:23	2000	2000	2033	2090	5025	0.95786	1.10266	1.92878		
07:52:34	2000	2000	2002	2383	5025	0.96294	1.10266	1.94004		
07:52:44	1900	1900	1947	1716	5027	0.94891	1.10262	1.90889		
07:52:54	1800	1800	1865	1607	5031	0.94555	1.10269	1.90155		
07:53:04	1800	1800	1803	1645	5033	0.94675	1.10388	1.90626		
07:53:14	1800	1800	1870	1779	5035	0.95067	1.10392	1.91504		
07:53:24	1800	1800	1872	2102	5036	0.95809	1.10269	1.92934		
07:53:35	1800	1800	1804	1980	5034	0.95557	1.10265	1.92369		
07:53:45	1800	1800	1831	1874	5036	0.95310	1.10268	1.91828		
07:53:55	1900	1900	1915	2112	5038	0.95828	1.10266	1.92972		
07:54:05	1900	1900	1993	2112	5038	0.95828	1.10266	1.92972		
07:54:15	2000	2100	2102	2435	5041	0.96372	1.10264	1.94173		
07:54:26	2000	2100	2161	2454	5042	0.96399	1.10268	1.94241		
07:54:36	2000	2200	2260	2578	5041	0.96569	1.10265	1.94612		
07:54:46	2000	2300	2363	2491	5039	0.96452	1.10267	1.94356		
07:54:56	2000	2400	2459	2685	5038	0.96704	1.10271	1.94922		
07:55:06	2000	2400	2475	2211	5038	0.96011	1.10273	1.93389		
07:55:17	2000	2400	2438	2211	5038	0.96011	1.10273	1.93389		
07:55:27	2000	2400	2403	2243	5034	0.96067	1.10270	1.93508		
07:55:37	2000	2300	2351	2268	5032	0.96110	1.10272	1.93606		
07:55:47	2000	2300	2322	2314	5032	0.96185	1.10265	1.93761		
07:55:57	2000	2200	2266	2351	5033	0.96243	1.10275	1.93908		
07:56:07	2000	2300	2315	2508	5029	0.96476	1.10273	1.94419		
07:56:17	2000	2400	2423	2859	5028	0.96901	1.10270	1.95357		
07:56:28	2000	2400	2469	2514	5024	0.96484	1.10271	1.94434		
07:56:38	2000	2500	2569	2870	5020	0.96913	1.10272	1.95387		
07:56:48	2000	2600	2629	2674	5013	0.96691	1.10272	1.94894		
07:56:58	2000	2600	2637	2400	5006	0.96319	1.10267	1.94062		
07:57:08	2000	2600	2646	2562	4999	0.96548	1.10271	1.94575		
07:57:18	2000	2500	2581	2469	4994	0.96420	1.10271	1.94292		
07:57:29	2000	2500	2574	2469	4994	0.96420	1.10271	1.94292		
07:57:39	2000	2400	2464	2210	4978	0.96010	1.10275	1.93390		
07:57:49	2000	2300	2323	1832	4971	0.95206	1.10275	1.91608		
07:57:59	2000	2200	2261	2026	4968	0.95655	1.10275	1.92603		
07:58:09	2000	2200	2236	2411	4963	0.96336	1.10271	1.94107		
07:58:20	2000	2100	2163	2032	4958	0.95667	1.10265	1.92614		
07:58:30	2000	2000	2060	1849	4954	0.95249	1.10273	1.91700		
07:58:40	2000	2000	2050	2152	4949	0.95904	1.10276	1.93157		
07:58:50	2000	2100	2166	2526	4945	0.96500	1.10276	1.94478		
07:59:00	2000	2200	2297	2815	4941	0.96854	1.10274	1.95259		
07:59:11	2000	2300	2379	2902	4931	0.96947	1.10276	1.95468		
07:59:21	2000	2400	2499	2750	4926	0.96780	1.10275	1.95097		
07:59:31	2000	2600	2691	3003	4922	0.97047	1.10273	1.95686		
07:59:41	2000	2800	2833	3003	4922	0.97047	1.10273	1.95686		
07:59:51	2000	2900	2955	3257	4913	0.97275	1.10274	1.96192		
08:00:01	2000	2900	2988	3017	4911	0.97061	1.10271	1.95713		
08:00:12	2000	2800	2802	1786	4907	0.95085	1.10273	1.91337		
08:00:22	2000	2700	2764	2520	4907	0.96491	1.10275	1.94457		
08:00:32	2000	2700	2770	3042	4904	0.97085	1.10276	1.95775		
08:00:42	2000	2700	2711	2648	4900	0.96658	1.10269	1.94817		
08:00:52	2000	2600	2619	2702	4897	0.96723	1.10270	1.94963		
08:01:02	2000	2400	2437	1924	4896	0.95429	1.10271	1.92097		
08:01:12	2000	2400	2492	2121	4898	0.95846	1.10278	1.93033		
08:01:22	2000	2300	2319	1482	4894	0.94109	1.10284	1.89193		
08:01:32	2000	2100	2180	2208	4896	0.96006	1.10278	1.93387		
08:01:43	2000	2000	2032	1756	4892	0.95005	1.10272	1.91157		
08:01:53	2000	2000	2055	2844	4890	0.96885	1.10280	1.95338		
08:02:03	2000	2200	2233	2992	4886	0.97037	1.10282	1.95679		
08:02:13	2000	2300	2353	2836	4885	0.96876	1.10282	1.95322		
08:02:23	2000	2500	2578	2836	4885	0.96876	1.10282	1.95322		
08:02:33	2000	2700	2704	2963	4886	0.97008	1.10277	1.95606		
08:02:44	2000	2800	2821	2460	4890	0.96407	1.10283	1.94285		
08:02:54	2000	2800	2847	2999	4892	0.97044	1.10282	1.95694		
08:03:04	2000	2800	2845	2980	4896	0.97025	1.10286	1.95660		
08:03:14	2000	2800	2856	2903	4899	0.96948	1.10283	1.95483		
08:03:24	2000	2900	2966	3491	4899	0.97455	1.10291	1.96622		
08:03:35	2000	3000	3333	7723	4909	0.98841	1.10295	1.99702		
08:03:45	2000	3000	3333	4027	4914	0.97790	1.10290	1.97362		
08:03:55	2000	3000	3333	3907	4915	0.97722	1.10289	1.97211		
08:04:05	2000	3000	3333	3907	4915	0.97722	1.10289	1.97211		
08:04:15	2000	3000	3333	4878	4920	0.98172	1.10283	1.98196		
08:04:26	2000	3000	3333	4493	4936	0.98017	1.10283	1.97853		
08:04:36	2000	3000	3333	2673	4944	0.96688	1.10285	1.94912		
08:04:46	2000	3000	3333	5595	4948	0.98404	1.10290	1.98724		
08:04:56	2000	3000	3333	5675	4951	0.98427	1.10287	1.98768		
08:05:06	2000	3000	3333	5467	4953	0.98367	1.10286	1.98635		
08:05:16	2000	3000	3333	6253	4956	0.98571	1.10288	1.99090		
08:05:27	2000	3000	3333	6810	4953	0.98687	1.10289	1.99349		
08:05:37	2000	3000	3333	2362	4975	0.96261	1.10291	1.93976		
08:05:47	2000	3000	3333	1387	4988	0.93717	1.10295	1.88343		
08:05:57	2000	3000	3333	1631	4994	0.94631	1.10511	1.90741		
08:06:07	2000	3000	3333	1769	4998	0.95038	1.10457	1.91553		
08:06:18	2000	2700	2719	2359	5004	0.96257	1.10293	1.93969		
08:06:28	1900	1900	1925	2046	5011	0.95697	1.10299	1.92738		
08:06:38	1900	1900	1942	2462	5018	0.96410	1.10304	1.94329		
08:06:48	2000	2100	2180	2817	5020	0.96856	1.10297	1.95304		
08:06:58	2000	2500	2505	3577	5022	0.97516	1.10295	1.96763		
08:07:08	2000	2600	2646	2619	5022	0.96621	1.10295	1.94781		
08:07:19	2000	2600	2608	2129	5023	0.95860	1.10298	1.93099		
08:07:29	2000	2500	2579	1873	5024	0.95309	1.10301	1.91883		
08:07:39	2000	2600	2602	2601	5030	0.96599	1.10300	1.94741		
08:07:49	2000	2500	2561	2568	5035	0.96556	1.10305	1.94653		
08:07:59	2000	2300	2396	2589	5039	0.96584	1.10303	1.94712		
08:08:09	2000	2300	2359	2395	5047	0.96312	1.10304	1.94111		
08:08:20	2000	2500	2529	3151	5053	0.97184	1.10300	1.96037		
08:08:30	2000	2500	2598	2287	5062	0.96141	1.10299	1.93724		
08:08:40	2000	2400	2497	1996	5073	0.95592	1.10309	1.92523		
08:08:50	2000	2500	2561	2953	5077	0.96998	1.10309	1.95641		
08:09:00	2000	2500	2575	2668	5079	0.96683	1.10304	1.94933		
08:09:11	2000	2600	2682	3042	5085	0.97085	1.10301	1.95819		
08:09:21	2000	2600	2676	3110	5088	0.97148	1.10306	1.95967		
08:09:31	2000	2800	2805	3061	5091	0.97103	1.10302	1.95860		
08:09:41	2000	2800	2893	2529	5093	0.96503	1.10295	1.94519		
08:09:51	2000	2800	2893	2950	5093	0.96996	1.10297	1.95614		
08:10:01	2000	2900	2914	2795	5091	0.96831	1.10293	1.95242		
08:10:12	2000	2800	2852	2667	5087	0.96682	1.10294	1.94913		
08:10:22	2000	2700	2748	2491	5088	0.96452	1.10286	1.94389		
08:10:32	2000	2700	2702	2780	5091	0.96814	1.10285	1.95191		
08:10:42	2000	2800	2871	3548	5098	0.97495	1.10280	1.96691		
08:10:52	2000	2800	2821	2649	5113	0.96659	1.10288	1.94853		
08:11:03	2000	2800	2833	2868	5122	0.96911	1.10283	1.95401		
08:11:13	2000	2700	2755	2197	5133	0.95986	1.10287	1.93359		
08:11:23	2000	2700	2747	2445	5140	0.96386	1.10290	1.94251		
08:11:33	2000	2800	2809	3150	5142	0.97184	1.10287	1.96013		
08:11:43	2000	2500	2581	2182	5140	0.95960	1.10291	1.93308		
08:11:53	2000	2400	2483	2057	5152	0.95718	1.10287	1.92765		
08:12:04	2000	2400	2500	2970	5167	0.97015	1.10290	1.95644		
08:12:14	2000	2500	2591	2743	5179	0.96773	1.10292	1.95111		
08:12:24	2000	2500	2594	2465	5188	0.96415	1.10288	1.94311		
08:12:34	2000	2500	2512	2655	5193	0.96667	1.10294	1.94880		
08:12:44	2000	2600	2683	3210	5197	0.97235	1.10296	1.96143		
08:12:54	2000	2800	2889	3293	5202	0.97304	1.10299	1.96301		
08:13:04	2000	2800	2899	3028	5205	0.97071	1.10300	1.95787		
08:13:14	2000	2900	2978	3222	5209	0.97246	1.10298	1.96170		
08:13:24	2000	3000	3119	3309	5215	0.97317	1.10299	1.96329		
08:13:34	2000	3000	3213	3217	5221	0.97241	1.10301	1.96166		
08:13:44	2000	3000	3122	2664	5227	0.96679	1.10303	1.94922		
08:13:55	2000	3000	3091	3111	5239	0.97148	1.10301	1.95959		
08:14:05	2000	3000	3106	3118	5247	0.97155	1.10303	1.95977		
08:14:15	2000	3000	3127	3344	5255	0.97344	1.10303	1.96398		
08:14:25	2000	3000	3144	3413	5266	0.97397	1.10293	1.96497		
08:14:35	2000	3000	3157	3295	5276	0.97306	1.10295	1.96298		
08:14:46	2000	3000	3333	3861	5284	0.97696	1.10301	1.97173		
08:14:56	2000	3000	3333	3118	5295	0.97155	1.10304	1.95979		
08:15:06	2000	3000	3333	3313	5310	0.97320	1.10308	1.96353		
08:15:16	2000	3000	3333	3313	5310	0.97320	1.10308	1.96353		
08:15:26	2000	3000	3333	3313	5310	0.97320	1.10308	1.96353		
08:15:36	2000	3000	3333	3830	5337	0.97677	1.10304	1.97138		
08:15:47	2000	3000	3269	2727	5328	0.96753	1.10299	1.95080		
08:15:57	2000	3000	3240	2946	5306	0.96991	1.10302	1.95613		
08:16:07	2000	3000	3179	2946	5306	0.96991	1.10302	1.95613		
08:16:17	2000	3000	3027	2405	5289	0.96326	1.10306	1.94146		
08:16:27	2000	2800	2834	2155	5294	0.95910	1.10299	1.93210		
08:16:38	2000	2500	2577	2283	5306	0.96135	1.10297	1.93707		
08:16:48	2000	2500	2532	2459	5320	0.96406	1.10299	1.94311		
08:16:58	2000	2400	2493	2712	5335	0.96736	1.10299	1.95043		
08:17:08	2000	2400	2455	2717	5363	0.96742	1.10296	1.95050		
08:17:18	2000	2500	2581	3164	5389	0.97196	1.10298	1.96059		
08:17:28	2000	2600	2609	2321	5411	0.96196	1.10294	1.93836		
08:17:39	2000	2600	2632	2422	5429	0.96353	1.10296	1.94187		
08:17:49	2000	2600	2626	2422	5429	0.96353	1.10296	1.94187		
08:17:59	2000	2400	2462	1727	5455	0.94921	1.10297	1.91015		
08:18:09	2000	2300	2351	2051	5465	0.95707	1.10297	1.92757		
08:18:19	2000	2200	2202	2274	5472	0.96119	1.10299	1.93674		
08:18:30	2000	2100	2137	1929	5479	0.95443	1.10295	1.92168		
08:18:40	2000	2100	2117	2300	5490	0.96162	1.10292	1.93757		
08:18:50	2000	2000	2094	2288	5500	0.96142	1.10288	1.93707		
08:19:00	2000	2200	2234	2563	5510	0.96549	1.10292	1.94616		
08:19:10	2000	2300	2365	2837	5520	0.96877	1.10292	1.95342		
08:19:21	2000	2400	2454	2809	5531	0.96847	1.10292	1.95275		
08:19:31	2000	2400	2468	2014	5542	0.95631	1.10294	1.92583		
08:19:41	2000	2500	2507	2536	5548	0.96513	1.10546	1.94983		
08:19:51	2000	2500	2534	2450	5550	0.96393	1.10571	1.94761		
08:20:01	2000	2600	2688	3485	5552	0.97451	1.10554	1.97081		
08:20:11	2000	2700	2745	3180	5557	0.97209	1.10426	1.96317		
08:20:21	2000	2700	2707	2580	5567	0.96572	1.10289	1.94660		
08:20:32	2000	2700	2736	2187	5580	0.95968	1.10292	1.93327		
08:20:42	2000	2600	2644	1986	5594	0.95569	1.10289	1.92438		
08:20:52	2000	2500	2530	1764	5605	0.95026	1.10289	1.91235		
08:21:02	2000	2300	2305	2138	5614	0.95878	1.10287	1.93118		
08:21:12	2000	2100	2154	2273	5620	0.96118	1.10292	1.93660		
08:21:23	2000	2200	2201	2860	5625	0.96903	1.10283	1.95383		
08:21:33	2000	2200	2202	2191	5630	0.95975	1.10289	1.93337		
08:21:43	2000	1900	2019	761	5634	0.88844	1.10287	1.77529		
08:21:53	2000	2100	2143	2505	5637	0.96471	1.10283	1.94426		
08:22:03	2000	2100	2218	2589	5638	0.96583	1.10286	1.94681		
08:22:13	2000	2500	2545	4239	5637	0.97899	1.10286	1.97597		
08:22:24	2000	2500	2607	3231	5633	0.97253	1.10286	1.96164		
08:22:34	2000	2700	2759	3101	5627	0.97139	1.10283	1.95907		
08:22:44	2000	2900	2990	2280	5621	0.96130	1.10286	1.93675		
08:22:54	2000	2900	2985	2474	5617	0.96427	1.10292	1.94345		
08:23:04	2000	3000	3084	3181	5620	0.97210	1.10291	1.96079		
08:23:15	2000	2900	2908	3181	5620	0.97210	1.10291	1.96079		
08:24:06	2000	2700	2750	2286	5676	0.96139	1.10291	1.93705		
08:24:16	2000	2600	2614	2286	5676	0.96139	1.10291	1.93705		
08:24:26	2000	2600	2615	2286	5676	0.96139	1.10291	1.93705		
08:32:54	2000	2600	2622	2512	5909	0.96481	1.10303	1.94484		
08:33:05	2000	2400	2473	2292	5917	0.96150	1.10308	1.93758		
08:33:15	2000	2300	2325	2292	5917	0.96150	1.10308	1.93758		
08:34:26	2000	2300	2344	2400	5964	0.96320	1.10308	1.94135		
08:34:36	2000	2200	2218	1530	5984	0.94288	1.10308	1.89632		
08:34:46	2000	2100	2121	1705	5991	0.94859	1.10306	1.90893		
08:34:57	2000	2000	2074	2225	6000	0.96035	1.10303	1.93495		
08:35:07	2000	2000	2008	1897	6009	0.95366	1.10301	1.92008		
08:35:17	1900	1900	1985	2156	6018	0.95912	1.10301	1.93220		
08:35:27	1900	1900	1980	2371	6025	0.96276	1.10298	1.94020		
08:35:37	2000	2100	2123	2389	6036	0.96302	1.10455	1.94355		
08:35:47	2000	2200	2231	2348	6047	0.96239	1.10457	1.94219		
08:35:58	2000	2200	2224	2185	6056	0.95964	1.10302	1.93336		
08:36:08	2000	2300	2303	2373	6062	0.96279	1.10303	1.94036		
08:36:18	2000	2300	2367	2540	6069	0.96518	1.10309	1.94577		
08:36:28	2000	2300	2374	2409	6077	0.96333	1.10309	1.94167		
08:36:38	2000	2400	2448	2833	6084	0.96873	1.10310	1.95365		
08:36:48	2000	2400	2425	2212	6091	0.96013	1.10313	1.93465		
08:36:58	2000	2400	2463	2412	6097	0.96338	1.10311	1.94181		
08:37:08	2000	2400	2497	2578	6102	0.96570	1.10317	1.94705		
08:37:18	2000	2500	2541	2807	6106	0.96845	1.10318	1.95317		
08:37:28	2000	2500	2579	2633	6110	0.96640	1.10317	1.94861		
08:37:38	2000	2500	2545	2633	6110	0.96640	1.10317	1.94861		
08:37:48	2000	2400	2494	1906	6121	0.95388	1.10321	1.92092		
08:37:58	2000	2400	2443	2105	6126	0.95814	1.10324	1.93043		
08:38:08	2000	2300	2378	2187	6133	0.95969	1.10324	1.93385		
08:38:19	2000	2200	2262	2109	6138	0.95822	1.10322	1.93056		
08:38:29	2000	2100	2196	2239	6140	0.96060	1.10326	1.93590		
08:38:39	2000	2000	2085	1968	6141	0.95530	1.10326	1.92416		
08:38:49	2000	2100	2140	2237	6150	0.96057	1.10328	1.93587		
08:38:59	2000	2100	2190	2405	6154	0.96326	1.10327	1.94183		
08:39:10	2000	2100	2192	2195	6160	0.95983	1.10329	1.93426		
08:39:20	2000	2200	2221	2287	6164	0.96140	1.10331	1.93778		
08:39:30	2000	2100	2186	2029	6169	0.95661	1.10333	1.92718		
08:39:40	2000	2200	2203	2066	6176	0.95737	1.10337	1.92895		
08:39:50	2000	2100	2139	1857	6180	0.95268	1.10329	1.91840		
08:40:00	2000	2000	2084	2075	6184	0.95755	1.10329	1.92921		
08:40:11	2000	2000	2064	2073	6188	0.95752	1.10331	1.92917		
08:40:21	2000	2000	2030	2084	6191	0.95773	1.10333	1.92967		
08:40:31	2000	2000	2034	2051	6194	0.95707	1.10333	1.92820		
08:40:41	2000	2000	2033	2058	6192	0.95721	1.10329	1.92844		
08:40:51	2000	2000	2037	1886	6192	0.95339	1.10334	1.92007		
08:41:02	1900	1900	1968	1656	6193	0.94711	1.10335	1.90616		
08:41:12	1800	1800	1898	1655	6192	0.94706	1.10329	1.90594		
08:41:22	1900	1900	1917	2197	6188	0.95986	1.10323	1.93422		
08:41:32	1900	1900	1911	2018	6185	0.95637	1.10325	1.92652		
08:41:42	1800	1800	1816	1488	6185	0.94133	1.10324	1.89314		
08:41:53	1800	1800	1805	1818	6185	0.95171	1.10324	1.91616		
08:42:03	1800	1800	1836	1841	6184	0.95229	1.10324	1.91746		
08:42:13	1900	1900	1907	2084	6183	0.95773	1.10323	1.92949		
08:42:23	1900	1900	1939	2385	6188	0.96297	1.10327	1.94118		
08:42:33	2000	2000	2038	2613	6193	0.96615	1.10328	1.94824		
08:42:43	2000	2100	2168	2272	6197	0.96116	1.10324	1.93712		
08:42:54	2000	2200	2231	2193	6199	0.95980	1.10323	1.93408		
08:43:04	2000	2200	2290	2193	6199	0.95980	1.10323	1.93408		
09:18:06	2000	2200	2235	1757	5901	0.95006	1.10339	1.91277		
09:18:16	2000	2100	2161	1940	5908	0.95466	1.10341	1.92301		
09:18:27	2000	2000	2023	1786	5914	0.95087	1.10339	1.91456		
09:18:37	1900	1900	1969	1949	5918	0.95487	1.10338	1.92342		
09:18:47	1800	1800	1899	1769	5918	0.95039	1.10337	1.91347		
09:18:57	1800	1800	1852	1913	5920	0.95404	1.10339	1.92160		
09:19:07	1800	1800	1889	1981	5926	0.95558	1.10343	1.92507		
09:19:17	1800	1800	1852	1719	5925	0.94900	1.10338	1.91040		
09:19:28	1800	1800	1863	1852	5934	0.95257	1.10339	1.91833		
09:19:38	1800	1800	1847	1852	5934	0.95257	1.10339	1.91833		
09:19:48	1800	1800	1861	1852	5934	0.95257	1.10339	1.91833		
09:20:08	1900	1900	1912	2216	5932	0.96021	1.10342	1.93532		
09:20:19	1800	1800	1863	1692	5935	0.94820	1.10343	1.90870		
09:20:29	1800	1800	1876	1792	5938	0.95102	1.10349	1.91507		
09:20:39	1800	1800	1879	1875	5944	0.95314	1.10349	1.91976		
09:20:49	1800	1800	1899	1968	5946	0.95531	1.10350	1.92459		
09:20:59	1800	1800	1896	1834	5948	0.95211	1.10350	1.91751		
09:21:10	1800	1800	1848	1929	5949	0.95441	1.10355	1.92270		
09:21:20	1800	1800	1852	1717	5954	0.94894	1.10350	1.91047		
09:21:30	1800	1800	1823	1616	5958	0.94583	1.10351	1.90360		
09:21:40	1700	1700	1778	1607	5962	0.94552	1.10353	1.90294		
09:21:50	1700	1700	1745	1771	5964	0.95046	1.10349	1.91383		
09:22:00	1700	1700	1734	1764	5964	0.95025	1.10346	1.91331		
09:22:11	1700	1700	1724	1871	5965	0.95304	1.10350	1.91956		
09:22:21	1700	1700	1765	1963	5963	0.95519	1.10350	1.92433		
09:22:31	1800	1800	1835	2035	5956	0.95673	1.10348	1.92771		
09:22:41	1900	1900	1960	2357	5952	0.96254	1.10352	1.94066		
09:22:51	2000	2000	2060	2371	5948	0.96275	1.10351	1.94111		
09:23:01	2000	2100	2170	2425	5946	0.96357	1.10353	1.94297		
09:23:12	2000	2200	2229	2223	5943	0.96032	1.10354	1.93578		
09:23:22	2000	2200	2299	2383	5937	0.96294	1.10354	1.94158		
09:23:32	2000	2300	2360	2404	5930	0.96326	1.10359	1.94239		
09:23:42	2000	2300	2344	2258	5930	0.96092	1.10362	1.93725		
09:23:52	2000	2200	2271	1936	5934	0.95457	1.10358	1.92310		
09:24:02	2000	2100	2190	1936	5934	0.95457	1.10358	1.92310		
09:24:13	2000	2100	2102	1695	5946	0.94828	1.10362	1.90922		
09:24:23	2000	2000	2049	2069	5952	0.95743	1.10376	1.92975		
09:24:33	1900	1900	1940	1748	5957	0.94981	1.10376	1.91286		
09:24:43	1800	1800	1854	1740	5960	0.94958	1.10375	1.91233		
09:24:53	1800	1800	1875	2063	5961	0.95731	1.10374	1.92946		
09:25:04	1800	1800	1898	2078	5959	0.95761	1.10378	1.93018		
09:25:14	1900	1900	1980	2187	5959	0.95968	1.10375	1.93473		
09:25:24	1900	1900	2000	2187	5959	0.95968	1.10375	1.93473		
09:25:34	2000	2100	2129	2521	5974	0.96492	1.10375	1.94636		
09:25:44	2000	2200	2226	2324	5980	0.96202	1.10379	1.93999		
09:25:55	2000	2300	2378	2976	5979	0.97021	1.10380	1.95817		
09:26:05	2000	2500	2581	3296	5964	0.97307	1.10380	1.96451		
09:26:15	2000	2500	2538	1929	5960	0.95442	1.10382	1.92318		
09:26:25	2000	2600	2641	2803	5959	0.96841	1.10390	1.95435		
09:26:35	2000	2600	2622	2409	5956	0.96333	1.10397	1.94321		
09:26:45	2000	2500	2585	2098	5950	0.95801	1.10400	1.93147		
09:26:56	2000	2300	2377	1730	5948	0.94932	1.10405	1.91226		
09:27:06	2000	2100	2156	1971	5951	0.95537	1.10405	1.92568		
09:27:16	2000	2100	2168	2001	5954	0.95602	1.10398	1.92701		
09:27:26	2000	2000	2034	1997	5954	0.95593	1.10403	1.92690		
09:27:36	1900	1900	1953	1921	5958	0.95422	1.10401	1.92308		
09:27:46	1900	1900	1980	2260	5958	0.96096	1.10400	1.93801		
09:27:56	2000	2000	2070	2272	5954	0.96116	1.10400	1.93844		
09:28:06	2000	2100	2181	2639	5953	0.96648	1.10395	1.95016		
09:28:16	2000	2200	2280	2596	5955	0.96593	1.10396	1.94896		
09:28:26	2000	2300	2327	2279	5964	0.96127	1.10389	1.93851		
09:28:36	2000	2300	2397	2341	5970	0.96228	1.10387	1.94071		
09:28:46	2000	2400	2411	2343	5977	0.96232	1.10389	1.94083		
09:28:56	2000	2400	2423	2343	5977	0.96232	1.10389	1.94083		
09:29:06	2000	2300	2373	2336	5985	0.96220	1.10385	1.94049		
09:29:16	2000	2300	2329	2336	5985	0.96220	1.10385	1.94049		
09:29:27	2000	2300	2339	2336	5985	0.96220	1.10385	1.94049		
10:18:34	2000	2400	2472	3138	5428	0.97173	1.11431	1.98022		
10:18:44	2000	2600	2604	3138	5428	0.97173	1.11431	1.98022		
10:18:54	2000	2700	2737	3138	5428	0.97173	1.11431	1.98022		
22:59:42	2000	3000	3333	9955	2	0.99100	1.11996	2.52273		
22:59:52	2000	3000	3333	9955	2	0.99100	1.12001	2.52531		
23:00:02	2000	3000	3333	9955	2	0.99100	1.12008	2.52433		
23:00:12	2000	3000	3333	9955	2	0.99100	1.12010	2.52358		
23:00:23	2000	3000	3333	9955	2	0.99100	1.12013	2.52377		
23:00:33	2000	3000	3333	9955	2	0.99100	1.12017	2.52288		
23:00:43	2000	3000	3333	9955	2	0.99100	1.12026	2.52825		
23:00:53	2000	3000	3333	9955	2	0.99100	1.12033	2.52689		
23:01:03	2000	3000	3333	9955	2	0.99100	1.12032	2.52780		
23:01:13	2000	3000	3333	9955	2	0.99100	1.12037	2.52464		
23:01:24	2000	3000	3333	9955	2	0.99100	1.12038	2.52512		
23:01:34	2000	3000	3333	9955	2	0.99100	1.12048	2.52655		
23:01:44	2000	3000	3333	9955	2	0.99100	1.12048	2.52486		
23:01:54	2000	3000	3333	9955	2	0.99100	1.12054	2.52136		
23:02:04	2000	3000	3333	9955	2	0.99100	1.12053	2.52357		
23:02:14	2000	3000	3333	9955	2	0.99100	1.12053	2.52412		
23:02:24	2000	3000	3333	9955	2	0.99100	1.12061	2.52132		
23:02:34	2000	3000	3333	9955	2	0.99100	1.12064	2.52182		
23:02:44	2000	3000	3333	9955	2	0.99100	1.12065	2.52392		
23:02:55	2000	3000	3333	9955	2	0.99100	1.12069	2.52594		
23:03:05	2000	3000	3333	9955	2	0.99100	1.12075	2.52405		
23:03:15	2000	3000	3333	9955	2	0.99100	1.12078	2.52935		
23:03:25	2000	3000	3333	9955	2	0.99100	1.12081	2.52273		
23:03:35	2000	3000	3333	9955	2	0.99100	1.12085	2.52355		
23:03:45	2000	3000	3333	9955	2	0.99100	1.12087	2.52437		
23:03:56	2000	3000	3333	9955	2	0.99100	1.12087	2.52678		
23:04:06	2000	3000	3333	9955	2	0.99100	1.12090	2.52756		
23:04:16	2000	3000	3333	9955	2	0.99100	1.12088	2.52461		
23:04:26	2000	3000	3333	9955	2	0.99100	1.12092	2.52527		
23:04:36	2000	3000	3333	9955	2	0.99100	1.12099	2.52539		
23:04:47	2000	3000	3333	9955	2	0.99100	1.12097	2.52904		
23:04:57	2000	3000	3333	9955	2	0.99100	1.12099	2.53389		
23:05:07	2000	3000	3333	9955	2	0.99100	1.12105	2.53176		
23:05:17	2000	3000	3333	9955	2	0.99100	1.12106	2.52364		
23:05:27	2000	3000	3333	9955	2	0.99100	1.12107	2.52453		
23:05:38	2000	3000	3333	9955	2	0.99100	1.12109	2.52227		
23:05:48	2000	3000	3333	9955	2	0.99100	1.12108	2.52454		
23:05:58	2000	3000	3333	9955	2	0.99100	1.12108	2.51918		
23:06:08	2000	3000	3333	9955	2	0.99100	1.12112	2.52547		
23:06:18	2000	3000	3333	9955	2	0.99100	1.12116	2.52913		
23:06:28	2000	3000	3333	9955	2	0.99100	1.12116	2.52399		
23:06:39	2000	3000	3333	9955	2	0.99100	1.12119	2.52142		
23:06:49	2000	3000	3333	9955	2	0.99100	1.12113	2.52645		
23:06:59	2000	3000	3333	9955	2	0.99100	1.12116	2.53968		
23:07:09	2000	3000	3333	9955	2	0.99100	1.12122	2.53368		
23:07:19	2000	3000	3333	9955	2	0.99100	1.12118	2.53039		
23:07:30	2000	3000	3333	9955	2	0.99100	1.12117	2.53249		
23:07:40	2000	3000	3333	9955	2	0.99100	1.12122	2.53086		
23:07:50	2000	3000	3333	9955	2	0.99100	1.12124	2.52851		
23:08:00	2000	3000	3333	9955	2	0.99100	1.12127	2.52407		
23:08:10	2000	3000	3333	9955	2	0.99100	1.12124	2.52419		
23:08:21	2000	3000	3333	9955	2	0.99100	1.12118	2.52912		
23:08:31	2000	3000	3333	9955	2	0.99100	1.12120	2.53777		
23:08:41	2000	3000	3333	9955	2	0.99100	1.12120	2.52825		
23:08:51	2000	3000	3333	9955	2	0.99100	1.12121	2.53133		
23:09:01	2000	3000	3333	9955	2	0.99100	1.12127	2.53319		
23:09:11	2000	3000	3333	9955	2	0.99100	1.12120	2.53299		
23:09:22	2000	3000	3333	9955	2	0.99100	1.12124	2.52039		
23:09:32	2000	3000	3333	9955	2	0.99100	1.12119	2.52473		
23:09:42	2000	3000	3333	9955	2	0.99100	1.12126	2.52534		
23:09:52	2000	3000	3333	9955	2	0.99100	1.12126	2.53073		
23:10:02	2000	3000	3333	9955	2	0.99100	1.12127	2.52527		
23:10:12	2000	3000	3333	9955	2	0.99100	1.12127	2.53196		
23:10:23	2000	3000	3333	9955	2	0.99100	1.12126	2.52940		
23:10:33	2000	3000	3333	9955	2	0.99100	1.12128	2.53533		
23:10:43	2000	3000	3333	9955	2	0.99100	1.12123	2.53450		
23:10:53	2000	3000	3333	9955	2	0.99100	1.12124	2.53432		
23:11:03	2000	3000	3333	9955	2	0.99100	1.12124	2.52420		
23:11:14	2000	3000	3333	9955	2	0.99100	1.12124	2.52620		
23:11:24	2000	3000	3333	9955	2	0.99100	1.12124	2.52746		
23:11:34	2000	3000	3333	9955	2	0.99100	1.12122	2.52557		
23:11:44	2000	3000	3333	9955	2	0.99100	1.12121	2.52860		
23:11:54	2000	3000	3333	9955	2	0.99100	1.12118	2.53551		
23:12:04	2000	3000	3333	9955	2	0.99100	1.12122	2.53617		
23:12:15	2000	3000	3333	9955	2	0.99100	1.12119	2.52980		
23:12:25	2000	3000	3333	9955	2	0.99100	1.12117	2.53572		
23:12:35	2000	3000	3333	9955	2	0.99100	1.12114	2.53071		
23:12:45	2000	3000	3333	9955	2	0.99100	1.12116	2.53082		
23:12:55	2000	3000	3333	9955	2	0.99100	1.12113	2.52346		
23:13:05	2000	3000	3333	9955	2	0.99100	1.12111	2.52689		
23:13:15	2000	3000	3333	9955	2	0.99100	1.12107	2.53033		
23:13:25	2000	3000	3333	9955	2	0.99100	1.12112	2.52557		
23:13:35	2000	3000	3333	9955	2	0.99100	1.12103	2.53082		
23:13:45	2000	3000	3333	9955	2	0.99100	1.12098	2.52672		
23:13:56	2000	3000	3333	9955	2	0.99100	1.12099	2.53427		
23:14:06	2000	3000	3333	9955	2	0.99100	1.12099	2.53782		
23:14:16	2000	3000	3333	9955	2	0.99100	1.12096	2.53093		
23:14:26	2000	3000	3333	9955	2	0.99100	1.12095	2.53913		
23:14:36	2000	3000	3333	9955	2	0.99100	1.12097	2.52611		
23:14:46	2000	3000	3333	9955	2	0.99100	1.12094	2.52904		
23:14:56	2000	3000	3333	9955	2	0.99100	1.12089	2.52711		
23:15:06	2000	3000	3333	9955	2	0.99100	1.12090	2.52643		
23:15:16	2000	3000	3333	9955	2	0.99100	1.12089	2.53387		
23:15:26	2000	3000	3333	9955	2	0.99100	1.12088	2.53203		
23:15:36	2000	3000	3333	9955	2	0.99100	1.12089	2.52490		
23:15:46	2000	3000	3333	9955	2	0.99100	1.12087	2.53538		
23:15:56	2000	3000	3333	9955	2	0.99100	1.12080	2.53543		
23:16:06	2000	3000	3333	9955	2	0.99100	1.12081	2.53450		
23:16:16	2000	3000	3333	9955	2	0.99100	1.12076	2.53721		
23:16:26	2000	3000	3333	9955	2	0.99100	1.12077	2.52462		
23:16:36	2000	3000	3333	9955	2	0.99100	1.12076	2.52775		
23:16:46	2000	3000	3333	9955	2	0.99100	1.12075	2.53982		
23:16:57	2000	3000	3333	9955	2	0.99100	1.12073	2.52407		
23:17:07	2000	3000	3333	9955	2	0.99100	1.12067	2.53600		
23:17:17	2000	3000	3333	9955	2	0.99100	1.12067	2.53384		
23:17:27	2000	3000	3333	9955	2	0.99100	1.12063	2.53904		
23:17:37	2000	3000	3333	9955	2	0.99100	1.12062	2.54814		
23:17:48	2000	3000	3333	9955	2	0.99100	1.12061	2.53935		
23:17:58	2000	3000	3333	9955	2	0.99100	1.12056	2.54154		
23:18:08	2000	3000	3333	9955	2	0.99100	1.12058	2.53205		
23:18:18	2000	3000	3333	9955	2	0.99100	1.12062	2.53626		
23:18:28	2000	3000	3333	9955	2	0.99100	1.12056	2.53367		
23:18:38	2000	3000	3333	9955	2	0.99100	1.12057	2.52381		
23:18:49	2000	3000	3333	9955	2	0.99100	1.12057	2.53092		
23:18:59	2000	3000	3333	9955	2	0.99100	1.12050	2.52698		
23:19:09	2000	3000	3333	9955	2	0.99100	1.12054	2.53167		
23:19:19	2000	3000	3333	9955	2	0.99100	1.12051	2.52940		
23:19:29	2000	3000	3333	9955	2	0.99100	1.12050	2.52649		
23:19:40	2000	3000	3333	9955	2	0.99100	1.12041	2.53057		
23:19:50	2000	3000	3333	9955	2	0.99100	1.12044	2.53058		
23:20:00	2000	3000	3333	9955	2	0.99100	1.12047	2.53828		
23:20:10	2000	3000	3333	9955	2	0.99100	1.12044	2.52953		
23:20:20	2000	3000	3333	9955	2	0.99100	1.12039	2.53024		
23:20:31	2000	3000	3333	9955	2	0.99100	1.12043	2.53459		
23:20:41	2000	3000	3333	9955	2	0.99100	1.12043	2.53095		
23:20:51	2000	3000	3333	9955	2	0.99100	1.12042	2.53684		
23:21:01	2000	3000	3333	9955	2	0.99100	1.12040	2.53524		
23:21:11	2000	3000	3333	9955	2	0.99100	1.12037	2.53142		
23:21:21	2000	3000	3333	9955	2	0.99100	1.12030	2.53291		
23:21:32	2000	3000	3333	9955	2	0.99100	1.12030	2.53474		
23:21:42	2000	3000	3333	9955	2	0.99100	1.12025	2.53599		
23:21:52	2000	3000	3333	9955	2	0.99100	1.12026	2.53284		
23:22:02	2000	3000	3333	9955	2	0.99100	1.12024	2.53597		
23:22:12	2000	3000	3333	9955	2	0.99100	1.12020	2.53654		
23:22:23	2000	3000	3333	9955	2	0.99100	1.12022	2.52842		
23:22:33	2000	3000	3333	9955	2	0.99100	1.12024	2.53417		
23:22:43	2000	3000	3333	9955	2	0.99100	1.12016	2.54365		
23:22:53	2000	3000	3333	9955	2	0.99100	1.12014	2.53657		
23:23:03	2000	3000	3333	9955	2	0.99100	1.12015	2.53018		
23:23:14	2000	3000	3333	9955	2	0.99100	1.12013	2.52931		
23:23:24	2000	3000	3333	9955	2	0.99100	1.12017	2.53320		
23:23:34	2000	3000	3333	9955	2	0.99100	1.12020	2.53175		
23:23:44	2000	3000	3333	9955	2	0.99100	1.12015	2.52697		
23:23:54	2000	3000	3333	9955	2	0.99100	1.12018	2.52385		
23:24:04	2000	3000	3333	9955	2	0.99100	1.12018	2.51961		
23:24:14	2000	3000	3333	9955	2	0.99100	1.12017	2.52101		
23:24:25	2000	3000	3333	9955	2	0.99100	1.12019	2.52698		
23:24:35	2000	3000	3333	9955	2	0.99100	1.12016	2.53469		
23:24:45	2000	3000	3333	9955	2	0.99100	1.12012	2.52799		
23:24:55	2000	3000	3333	9955	2	0.99100	1.12014	2.52897		
23:25:05	2000	3000	3333	9955	2	0.99100	1.12019	2.53396		
23:25:16	2000	3000	3333	9955	2	0.99100	1.12011	2.52935		
23:25:26	2000	3000	3333	9955	2	0.99100	1.12006	2.52924		
23:25:36	2000	3000	3333	9955	2	0.99100	1.12008	2.52868		
23:25:46	2000	3000	3333	9955	2	0.99100	1.12005	2.52384		
23:25:56	2000	3000	3333	9955	2	0.99100	1.12003	2.52719		
23:26:07	2000	3000	3333	9955	2	0.99100	1.12007	2.52122		
23:26:17	2000	3000	3333	9955	2	0.99100	1.12007	2.52719		
23:26:27	2000	3000	3333	9955	2	0.99100	1.12007	2.51885		
23:26:37	2000	3000	3333	9955	2	0.99100	1.12004	2.52746		
23:26:47	2000	3000	3333	9955	2	0.99100	1.12000	2.52944		
23:26:57	2000	3000	3333	9955	2	0.99100	1.12003	2.53168		
23:27:08	2000	3000	3333	9955	2	0.99100	1.11997	2.52638		
23:27:18	2000	3000	3333	9955	2	0.99100	1.11997	2.51962		
23:27:28	2000	3000	3333	9955	2	0.99100	1.11996	2.52428		
23:27:38	2000	3000	3333	9955	2	0.99100	1.11998	2.52701		
23:27:48	2000	3000	3333	9955	2	0.99100	1.12003	2.52736		
23:27:58	2000	3000	3333	9955	2	0.99100	1.12002	2.51955		
23:28:08	2000	3000	3333	9955	2	0.99100	1.11998	2.51039		
23:28:19	2000	3000	3333	9955	2	0.99100	1.11997	2.51963		
23:28:29	2000	3000	3333	9955	2	0.99100	1.12003	2.51961		
23:28:39	2000	3000	3333	9955	2	0.99100	1.11999	2.51723		
23:28:49	2000	3000	3333	9955	2	0.99100	1.12005	2.51786		
23:28:59	2000	3000	3333	9955	2	0.99100	1.12004	2.51465		
23:29:09	2000	3000	3333	9955	2	0.99100	1.12002	2.51052		
23:29:20	2000	3000	3333	9955	2	0.99100	1.12003	2.50927		
23:29:30	2000	3000	3333	9955	2	0.99100	1.12000	2.51965		
23:29:40	2000	3000	3333	9955	2	0.99100	1.12002	2.51021		
23:29:50	2000	3000	3333	9955	2	0.99100	1.12003	2.51252		
23:30:00	2000	3000	3333	9955	2	0.99100	1.12000	2.51443		
23:30:11	2000	3000	3333	9955	2	0.99100	1.11997	2.51592		
23:30:21	2000	3000	3333	9955	2	0.99100	1.12001	2.51870		
23:30:31	2000	3000	3333	9955	2	0.99100	1.12000	2.52055		
23:30:41	2000	3000	3333	9955	2	0.99100	1.11999	2.51759		
23:30:51	2000	3000	3333	9955	2	0.99100	1.11997	2.51212		
23:31:02	2000	3000	3333	9955	2	0.99100	1.12002	2.51074		
23:31:12	2000	3000	3333	9955	2	0.99100	1.12003	2.50890		
23:31:22	2000	3000	3333	9955	2	0.99100	1.12006	2.51047		
23:31:32	2000	3000	3333	9955	2	0.99100	1.12003	2.50970		
23:31:42	2000	3000	3333	9955	2	0.99100	1.12004	2.51447		
23:31:52	2000	3000	3333	9955	2	0.99100	1.12004	2.50845		
23:32:03	2000	3000	3333	9955	2	0.99100	1.12002	2.51202		
23:32:13	2000	3000	3333	9955	2	0.99100	1.11997	2.51880		
23:32:23	2000	3000	3333	9955	2	0.99100	1.11998	2.52617		
23:32:33	2000	3000	3333	9955	2	0.99100	1.11996	2.51820		
23:32:43	2000	3000	3333	9955	2	0.99100	1.12000	2.51335		
23:32:54	2000	3000	3333	9955	2	0.99100	1.12000	2.51097		
23:33:04	2000	3000	3333	9955	2	0.99100	1.11998	2.51345		
23:33:14	2000	3000	3333	9955	2	0.99100	1.12005	2.50620		
23:33:24	2000	3000	3333	9955	2	0.99100	1.12002	2.50980		
23:33:34	2000	3000	3333	9955	2	0.99100	1.12001	2.50510		
23:33:44	2000	3000	3333	9955	2	0.99100	1.12007	2.50591		
23:33:55	2000	3000	3333	9955	2	0.99100	1.11998	2.50651		
23:34:05	2000	3000	3333	9955	2	0.99100	1.11996	2.50578		
23:34:15	2000	3000	3333	9955	2	0.99100	1.12001	2.50507		
23:34:25	2000	3000	3333	9955	2	0.99100	1.12001	2.50972		
23:34:35	2000	3000	3333	9955	2	0.99100	1.11998	2.50886		
23:34:46	2000	3000	3333	9955	2	0.99100	1.12003	2.50505		
23:34:56	2000	3000	3333	9955	2	0.99100	1.12000	2.50734		
23:35:06	2000	3000	3333	9955	2	0.99100	1.12000	2.51326		
23:35:16	2000	3000	3333	9955	2	0.99100	1.12002	2.50772		
23:35:26	2000	3000	3333	9955	2	0.99100	1.12001	2.50711		
23:35:36	2000	3000	3333	9955	2	0.99100	1.12005	2.51162		
23:35:46	2000	3000	3333	9955	2	0.99100	1.12002	2.51224		
23:35:57	2000	3000	3333	9955	2	0.99100	1.12002	2.50942		
23:36:07	2000	3000	3333	9955	2	0.99100	1.11999	2.51039		
23:36:17	2000	3000	3333	9955	2	0.99100	1.12001	2.50840		
23:36:27	2000	3000	3333	9955	2	0.99100	1.12003	2.50668		
23:36:37	2000	3000	3333	9955	2	0.99100	1.12003	2.50398		
23:36:48	2000	3000	3333	9955	2	0.99100	1.12002	2.50561		
23:36:58	2000	3000	3333	9955	2	0.99100	1.12007	2.50564		
23:37:08	2000	3000	3333	9955	2	0.99100	1.12002	2.50603		
23:37:18	2000	3000	3333	9955	2	0.99100	1.12003	2.50804		
23:37:28	2000	3000	3333	9955	2	0.99100	1.12002	2.50703		
23:37:38	2000	3000	3333	9955	2	0.99100	1.12008	2.50818		
23:37:49	2000	3000	3333	9955	2	0.99100	1.12003	2.50416		
23:37:59	2000	3000	3333	9955	2	0.99100	1.12005	2.50288		
23:38:09	2000	3000	3333	9955	2	0.99100	1.12007	2.50094		
23:38:19	2000	3000	3333	9955	2	0.99100	1.12005	2.50391		
23:38:29	2000	3000	3333	9955	2	0.99100	1.12009	2.50722		
23:38:39	2000	3000	3333	9955	2	0.99100	1.12008	2.49946		
23:38:49	2000	3000	3333	9955	2	0.99100	1.12008	2.49946		
23:38:59	2000	3000	3333	9955	2	0.99100	1.12008	2.50417		
23:39:09	2000	3000	3333	9955	2	0.99100	1.12006	2.50021		
23:39:19	2000	3000	3333	9955	2	0.99100	1.12006	2.50374		
23:39:29	2000	3000	3333	9955	2	0.99100	1.12008	2.50427		
23:39:40	2000	3000	3333	9955	2	0.99100	1.12008	2.50504		
23:39:50	2000	3000	3333	9955	2	0.99100	1.12002	2.50067		
23:40:00	2000	3000	3333	9955	2	0.99100	1.12005	2.48704		
23:40:10	2000	3000	3333	9955	2	0.99100	1.12004	2.44010		
23:40:20	2000	3000	3333	9955	2	0.99100	1.12008	2.43804		
23:40:30	2000	3000	3333	9955	2	0.99100	1.12006	2.43658		
23:40:41	2000	3000	3333	9955	2	0.99100	1.12005	2.44178		
23:40:51	2000	3000	3333	9955	2	0.99100	1.12008	2.43928		
23:41:01	2000	3000	3333	9955	2	0.99100	1.12010	2.44405		
23:41:11	2000	3000	3333	9955	2	0.99100	1.12008	2.44337		
23:41:21	2000	3000	3333	9955	2	0.99100	1.12010	2.44690		
23:41:32	2000	3000	3333	9955	2	0.99100	1.12012	2.43317		
23:41:42	2000	3000	3333	9955	2	0.99100	1.12007	2.44030		
23:41:52	2000	3000	3333	9955	2	0.99100	1.12007	2.44071		
23:42:02	2000	3000	3333	9955	2	0.99100	1.12008	2.43965		
23:42:12	2000	3000	3333	9955	2	0.99100	1.12012	2.44175		
23:42:22	2000	3000	3333	9955	2	0.99100	1.12010	2.44531		
23:42:33	2000	3000	3333	9955	2	0.99100	1.12009	2.44695		
23:42:43	2000	3000	3333	9955	2	0.99100	1.12005	2.45780		
23:42:53	2000	3000	3333	9955	2	0.99100	1.12006	2.45777		
23:43:03	2000	3000	3333	9955	2	0.99100	1.12007	2.45720		
23:43:13	2000	3000	3333	9955	2	0.99100	1.12011	2.46175		
23:43:24	2000	3000	3333	9955	2	0.99100	1.12012	2.46160		
23:43:34	2000	3000	3333	9955	2	0.99100	1.12013	2.46749		
23:43:44	2000	3000	3333	9955	2	0.99100	1.12009	2.49214		
23:43:54	2000	3000	3333	9955	2	0.99100	1.12007	2.52631		
23:44:04	2000	3000	3333	9955	3	0.99100	1.12007	2.53418		
23:44:14	2000	3000	3333	9955	3	0.99100	1.12011	2.54374		
23:44:25	2000	3000	3333	9955	3	0.99100	1.12005	2.55121		
23:44:35	2000	3000	3333	9955	3	0.99100	1.12010	2.55232		
23:44:45	2000	3000	3333	9955	3	0.99100	1.12007	2.55055		
23:44:55	2000	3000	3333	9955	3	0.99100	1.12005	2.55014		
23:45:05	2000	3000	3333	9955	3	0.99100	1.12008	2.55389		
23:45:16	2000	3000	3333	9955	3	0.99100	1.12004	2.55040		
23:45:26	2000	3000	3333	9955	3	0.99100	1.12002	2.54896		
23:45:36	2000	3000	3333	9955	3	0.99100	1.12005	2.55192		
23:45:46	2000	3000	3333	9955	3	0.99100	1.12007	2.55242		
23:45:56	2000	3000	3333	9955	3	0.99100	1.12004	2.56013		
23:46:07	2000	3000	3333	9955	3	0.99100	1.12008	2.55539		
23:46:17	2000	3000	3333	9955	3	0.99100	1.12008	2.55694		
23:46:27	2000	3000	3333	9955	3	0.99100	1.12006	2.55819		
23:46:37	2000	3000	3333	9955	3	0.99100	1.12004	2.55551		
23:46:47	2000	3000	3333	9955	3	0.99100	1.12004	2.55643		
23:46:57	2000	3000	3333	9955	3	0.99100	1.12003	2.55646		
23:47:08	2000	3000	3333	9955	3	0.99100	1.12007	2.55736		
23:47:18	2000	3000	3333	9955	4	0.99100	1.12005	2.55989		
23:47:28	2000	3000	3333	9955	4	0.99100	1.12004	2.55365		
23:47:38	2000	3000	3333	9955	4	0.99100	1.12006	2.55506		
23:47:48	2000	3000	3333	9955	4	0.99100	1.12003	2.55223		
23:47:58	2000	3000	3333	9955	4	0.99100	1.12004	2.54912		
23:48:09	2000	3000	3333	9955	5	0.99100	1.12006	2.55523		
23:48:19	2000	3000	3333	9955	5	0.99100	1.12008	2.55096		
23:48:29	2000	3000	3333	9955	5	0.99100	1.12006	2.55382		
23:48:39	2000	3000	3333	9955	6	0.99100	1.12008	2.54876		
23:48:49	2000	3000	3333	9955	6	0.99100	1.12010	2.55057		
23:49:00	2000	3000	3333	9955	6	0.99100	1.12008	2.55434		
23:49:10	2000	3000	3333	9955	7	0.99100	1.12008	2.55174		
23:49:20	2000	3000	3333	9955	7	0.99100	1.12008	2.55174		
