

			DELHI AIRPORT : 30 m Base line


Time	RVR	 MOR	RVR	MOR	BLM	Trf	 Ref(v)	PD(v)
	(limited)	(limited)	(actual)	(actual)

01:23:13	2000	3000	3333	9955	434	0.99100	1.11454	2.61470		
01:23:23	2000	3000	3333	9955	434	0.99100	1.11454	2.61470		
01:23:33	2000	3000	3333	9955	434	0.99100	1.11454	2.61470		
06:36:19	2000	3000	3333	9955	5060	0.99100	1.11902	2.38114		
06:36:30	2000	3000	3333	9955	5060	0.99100	1.11902	2.38114		
09:34:51	2000	3000	3333	9955	3047	0.99100	1.12045	2.10815		
09:35:01	2000	3000	3333	9955	3049	0.99100	1.12050	2.11652		
09:35:11	2000	3000	3333	9955	3050	0.99100	1.12052	2.10959		
09:35:21	2000	3000	3333	9955	3050	0.99100	1.12052	2.10959		
09:35:31	2000	3000	3333	9955	3050	0.99100	1.12052	2.10959		
09:46:22	2000	3000	3333	9955	3062	0.99100	1.12113	2.04187		
09:46:33	2000	3000	3333	9955	3062	0.99100	1.12115	2.06092		
09:46:43	2000	3000	3333	9955	3062	0.99100	1.12118	2.06510		
09:46:53	2000	3000	3333	9955	3063	0.99100	1.12114	2.06366		
09:47:03	2000	3000	3333	9955	3063	0.99100	1.12114	2.05252		
09:47:13	2000	3000	3333	9955	3063	0.99100	1.12115	2.07282		
09:47:23	2000	3000	3333	9955	3064	0.99100	1.12115	2.07208		
09:47:34	2000	3000	3333	9955	3064	0.99100	1.12115	2.07208		
09:47:44	2000	3000	3333	9955	3064	0.99100	1.12115	2.07208		
