

			DELHI AIRPORT : 30 m Base line


Time	RVR	 MOR	RVR	MOR	BLM	Trf	 Ref(v)	PD(v)
	(limited)	(limited)	(actual)	(actual)



			DELHI AIRPORT : 30 m Base line


Time	RVR	 MOR	RVR	MOR	BLM	Trf	 Ref(v)	PD(v)
	(limited)	(limited)	(actual)	(actual)

08:46:44	2000	3000	1659	9955	6882	0.99100	1.11447	2.19388		
08:46:55	2000	3000	3318	9955	6859	0.99100	1.11450	2.18909		
08:47:05	2000	3000	3333	9955	6830	0.99100	1.11477	2.18891		
08:47:15	2000	3000	3333	9955	6808	0.99100	1.11490	2.19447		
08:47:25	2000	3000	3333	9955	6795	0.99100	1.11500	2.19297		
08:47:35	2000	3000	3333	9955	6777	0.99100	1.11505	2.18783		
08:47:45	2000	3000	3333	9955	6761	0.99100	1.11512	2.18756		
08:47:56	2000	3000	3333	9955	6751	0.99100	1.11521	2.19529		
08:48:06	2000	3000	3333	9955	6737	0.99100	1.11527	2.19180		
08:48:16	2000	3000	3333	9955	6728	0.99100	1.11532	2.19814		
08:48:26	2000	3000	3333	9955	6719	0.99100	1.11535	2.19461		
08:48:36	2000	3000	3333	9955	6716	0.99100	1.11543	2.19551		
08:48:47	2000	3000	3333	9955	6710	0.99100	1.11549	2.19703		
08:48:57	2000	3000	3333	9955	6709	0.99100	1.11557	2.19346		
08:49:07	2000	3000	3333	9955	6714	0.99100	1.11556	2.19026		
08:49:17	2000	3000	3333	9955	6716	0.99100	1.11564	2.19420		
08:49:27	2000	3000	3333	9955	6714	0.99100	1.11568	2.18971		
08:49:37	2000	3000	3333	9955	6724	0.99100	1.11572	2.17770		
08:49:47	2000	3000	3333	9955	6738	0.99100	1.11576	2.17918		
08:49:58	2000	3000	3333	9955	6752	0.99100	1.11583	2.18034		
08:50:08	2000	3000	3333	9955	6770	0.99100	1.11590	2.18081		
08:50:18	2000	3000	3333	9955	6807	0.99100	1.11601	2.18580		
08:50:28	2000	3000	3333	9955	6807	0.99100	1.11601	2.18580		
08:50:38	2000	3000	3333	9955	6807	0.99100	1.11601	2.18580		
11:55:04	2000	3000	3333	9955	160	0.99100	1.11862	2.52517		
11:55:15	2000	3000	3333	9955	160	0.99100	1.11862	2.52517		
