

			DELHI AIRPORT : 30 m Base line


Time	RVR	 MOR	RVR	MOR	BLM	Trf	 Ref(v)	PD(v)
	(limited)	(limited)	(actual)	(actual)

05:41:17	2000	3000	3333	9955	5680	0.99100	1.12744	2.15511		
05:41:27	2000	3000	3333	9955	5680	0.99100	1.12744	2.15511		
05:48:25	2000	3000	3333	9955	4114	0.99100	1.12667	2.14080		
05:48:35	2000	3000	3333	9955	4114	0.99100	1.12667	2.14080		
05:48:45	2000	3000	3333	9955	4114	0.99100	1.12667	2.14080		
05:50:37	2000	3000	3333	9955	4025	0.99100	1.12664	2.17129		
05:50:47	2000	3000	3333	9955	4025	0.99100	1.12664	2.17129		
05:50:57	2000	3000	3333	9955	4025	0.99100	1.12664	2.17129		
05:52:29	2000	3000	3333	9955	3979	0.99100	1.12614	2.11888		
05:52:39	2000	3000	3333	9955	3979	0.99100	1.12614	2.11888		
