

			DELHI AIRPORT : 30 m Base line


Time	RVR	 MOR	RVR	MOR	BLM	Trf	 Ref(v)	PD(v)
	(limited)	(limited)	(actual)	(actual)

04:10:06	2000	3000	1659	9955	4621	0.99100	1.12241	2.24004		
04:10:16	2000	3000	3318	9955	4830	0.99100	1.12245	2.23865		
04:10:26	2000	3000	3333	9955	5043	0.99100	1.12241	2.24088		
04:10:36	2000	3000	3333	9955	5245	0.99100	1.12247	2.24147		
04:10:46	2000	3000	3333	9955	5383	0.99100	1.12250	2.24077		
04:10:56	2000	3000	3333	9955	5480	0.99100	1.12249	2.24369		
04:11:07	2000	3000	3333	9955	5543	0.99100	1.12250	2.24213		
04:11:17	2000	3000	3333	9955	5581	0.99100	1.12249	2.24452		
04:11:27	2000	3000	3333	9955	5610	0.99100	1.12245	2.23837		
04:11:37	2000	3000	3333	9955	5646	0.99100	1.12248	2.24886		
04:11:47	2000	3000	3333	9955	5717	0.99100	1.12252	2.24800		
04:11:58	2000	3000	3333	9955	5823	0.99100	1.12248	2.24731		
04:12:08	2000	3000	3333	9955	5969	0.99100	1.12251	2.24812		
04:12:18	2000	3000	3333	9955	6142	0.99100	1.12248	2.25528		
04:12:28	2000	3000	3333	9955	6317	0.99100	1.12247	2.26140		
04:12:38	2000	3000	3333	9955	6465	0.99100	1.12245	2.26585		
04:12:48	2000	3000	3333	9955	6582	0.99100	1.12241	2.27250		
04:12:59	2000	3000	3333	9955	6656	0.99100	1.12242	2.27957		
04:13:09	2000	3000	3333	9955	6692	0.99100	1.12247	2.27581		
04:13:19	2000	3000	3333	9955	6697	0.99100	1.12242	2.27355		
04:13:29	2000	3000	3333	9955	6675	0.99100	1.12247	2.28241		
04:13:39	2000	3000	3333	9955	6641	0.99100	1.12248	2.28419		
04:13:50	2000	3000	3333	9955	6601	0.99100	1.12248	2.27985		
04:14:00	2000	3000	3333	9955	6555	0.99100	1.12247	2.28303		
04:14:10	2000	3000	3333	9955	6497	0.99100	1.12245	2.28460		
04:14:20	2000	3000	3333	9955	6432	0.99100	1.12243	2.28139		
04:14:30	2000	3000	3333	9955	6386	0.99100	1.12237	2.28097		
04:14:40	2000	3000	3333	9955	6367	0.99100	1.12236	2.27394		
04:14:51	2000	3000	3333	9955	6361	0.99100	1.12236	2.27292		
04:15:01	2000	3000	3333	9955	6375	0.99100	1.12232	2.26973		
04:15:11	2000	3000	3333	9955	6415	0.99100	1.12233	2.26598		
04:15:21	2000	3000	3333	9955	6542	0.99100	1.12234	2.25853		
04:15:31	2000	3000	3333	9955	6602	0.99100	1.12230	2.25343		
04:15:42	2000	3000	3333	9955	6653	0.99100	1.12227	2.25083		
04:15:52	2000	3000	3333	9955	6682	0.99100	1.12227	2.25022		
04:16:02	2000	3000	3333	9955	6690	0.99100	1.12226	2.24843		
04:16:12	2000	3000	3333	9955	6673	0.99100	1.12229	2.25000		
04:16:22	2000	3000	3333	9955	6634	0.99100	1.12230	2.25281		
04:16:33	2000	3000	3333	9955	6579	0.99100	1.12233	2.24187		
04:16:43	2000	3000	3333	9955	6526	0.99100	1.12232	2.24210		
04:16:53	2000	3000	3333	9955	6490	0.99100	1.12232	2.23620		
04:17:03	2000	3000	3333	9955	6463	0.99100	1.12235	2.23846		
04:17:13	2000	3000	3333	9955	6431	0.99100	1.12238	2.23358		
04:17:23	2000	3000	3333	9955	6417	0.99100	1.12234	2.22981		
04:17:34	2000	3000	3333	9955	6406	0.99100	1.12233	2.22634		
04:17:44	2000	3000	3333	9955	6382	0.99100	1.12232	2.22696		
04:17:54	2000	3000	3333	9955	6329	0.99100	1.12229	2.22098		
04:18:04	2000	3000	3333	9955	6247	0.99100	1.12233	2.21710		
04:18:14	2000	3000	3333	9955	6141	0.99100	1.12231	2.21490		
04:18:25	2000	3000	3333	9955	6011	0.99100	1.12232	2.21191		
04:18:35	2000	3000	3333	9955	5862	0.99100	1.12229	2.21037		
04:18:45	2000	3000	3333	9955	5705	0.99100	1.12231	2.21042		
04:18:55	2000	3000	3333	9955	5550	0.99100	1.12232	2.20893		
04:19:05	2000	3000	3333	9955	5421	0.99100	1.12231	2.21262		
04:19:16	2000	3000	3333	9955	5323	0.99100	1.12236	2.20956		
04:19:26	2000	3000	3333	9955	5245	0.99100	1.12238	2.20445		
04:19:36	2000	3000	3333	9955	5178	0.99100	1.12234	2.20574		
04:19:46	2000	3000	3333	9955	5110	0.99100	1.12235	2.20358		
04:19:56	2000	3000	3333	9955	5032	0.99100	1.12236	2.20299		
04:20:06	2000	3000	3333	9955	4950	0.99100	1.12237	2.20332		
04:20:17	2000	3000	3333	9955	4865	0.99100	1.12239	2.20576		
04:20:27	2000	3000	3333	9955	4793	0.99100	1.12236	2.20433		
04:20:37	2000	3000	3333	9955	4735	0.99100	1.12239	2.20445		
04:20:47	2000	3000	3333	9955	4698	0.99100	1.12235	2.20361		
04:20:57	2000	3000	3333	9955	4681	0.99100	1.12241	2.20352		
04:21:07	2000	3000	3333	9955	4676	0.99100	1.12239	2.20636		
04:21:17	2000	3000	3333	9955	4652	0.99100	1.12238	2.20629		
04:21:28	2000	3000	3333	9955	4593	0.99100	1.12241	2.20758		
04:21:38	2000	3000	3333	9955	4515	0.99100	1.12245	2.21957		
04:21:48	2000	3000	3333	9955	4453	0.99100	1.12245	2.21707		
04:21:58	2000	3000	3333	9955	4418	0.99100	1.12243	2.22207		
04:22:08	2000	3000	3333	9955	4404	0.99100	1.12246	2.22125		
04:22:18	2000	3000	3333	9955	4387	0.99100	1.12248	2.22166		
04:22:29	2000	3000	3333	9955	4385	0.99100	1.12248	2.21336		
04:22:39	2000	3000	3333	9955	4405	0.99100	1.12245	2.21772		
04:22:49	2000	3000	3333	9955	4449	0.99100	1.12240	2.22244		
04:22:59	2000	3000	3333	9955	4538	0.99100	1.12243	2.23236		
04:23:09	2000	3000	3333	9955	4652	0.99100	1.12243	2.24341		
04:23:20	2000	3000	3333	9955	4773	0.99100	1.12239	2.24531		
04:23:30	2000	3000	3333	9955	4925	0.99100	1.12241	2.25707		
04:23:40	2000	3000	3333	9955	5137	0.99100	1.12237	2.26426		
04:23:50	2000	3000	3333	9955	5380	0.99100	1.12233	2.27519		
04:24:00	2000	3000	3333	9955	5630	0.99100	1.12234	2.28294		
04:24:10	2000	3000	3333	9955	5867	0.99100	1.12236	2.28337		
04:24:21	2000	3000	3333	9955	6076	0.99100	1.12229	2.29244		
04:24:31	2000	3000	3333	9955	6252	0.99100	1.12230	2.29349		
04:24:41	2000	3000	3333	9955	6399	0.99100	1.12227	2.30049		
04:24:51	2000	3000	3333	9955	6520	0.99100	1.12226	2.30492		
04:25:01	2000	3000	3333	9955	6618	0.99100	1.12222	2.29765		
04:25:12	2000	3000	3333	9955	6686	0.99100	1.12226	2.32575		
04:25:22	2000	3000	3333	9955	6692	0.99100	1.12222	2.30574		
04:25:32	2000	3000	3333	9955	6684	0.99100	1.12219	2.29837		
04:25:42	2000	3000	3333	9955	6646	0.99100	1.12220	2.30983		
04:25:52	2000	3000	3333	9955	6590	0.99100	1.12214	2.31628		
04:26:03	2000	3000	3333	9955	6516	0.99100	1.12216	2.31437		
04:26:13	2000	3000	3333	9955	6431	0.99100	1.12213	2.31518		
04:26:23	2000	3000	3333	9955	6339	0.99100	1.12211	2.31308		
04:26:33	2000	3000	3333	9955	6152	0.99100	1.12214	2.32056		
04:26:43	2000	3000	3333	9955	6062	0.99100	1.12211	2.31939		
04:26:53	2000	3000	3333	9955	5985	0.99100	1.12208	2.32524		
04:27:04	2000	3000	3333	9955	5925	0.99100	1.12211	2.32275		
04:27:14	2000	3000	3333	9955	5855	0.99100	1.12207	2.31502		
04:27:24	2000	3000	3333	9955	5772	0.99100	1.12207	2.30568		
04:27:34	2000	3000	3333	9955	5670	0.99100	1.12209	2.30036		
04:27:44	2000	3000	3333	9955	5595	0.99100	1.12207	2.30189		
04:27:55	2000	3000	3333	9955	5533	0.99100	1.12205	2.29337		
04:28:05	2000	3000	3333	9955	5467	0.99100	1.12207	2.29197		
04:28:15	2000	3000	3333	9955	5434	0.99100	1.12210	2.28369		
04:28:25	2000	3000	3333	9955	5398	0.99100	1.12212	2.27883		
04:28:35	2000	3000	3333	9955	5402	0.99100	1.12210	2.29457		
04:28:46	2000	3000	3333	9955	5429	0.99100	1.12208	2.29267		
04:28:56	2000	3000	3333	9955	5444	0.99100	1.12203	2.30005		
04:29:06	2000	3000	3333	9955	5464	0.99100	1.12205	2.30191		
04:29:16	2000	3000	3333	9955	5480	0.99100	1.12202	2.30650		
04:29:26	2000	3000	3333	9955	5476	0.99100	1.12199	2.31605		
04:29:36	2000	3000	3333	9955	5400	0.99100	1.12191	2.31375		
04:29:47	2000	3000	3333	9955	5321	0.99100	1.12194	2.30932		
04:29:57	2000	3000	3333	9955	5251	0.99100	1.12194	2.31057		
04:30:07	2000	3000	3333	9955	5226	0.99100	1.12190	2.30621		
04:30:17	2000	3000	3333	9955	5215	0.99100	1.12192	2.30079		
04:30:27	2000	3000	3333	9955	5194	0.99100	1.12195	2.29568		
04:30:38	2000	3000	3333	9955	5165	0.99100	1.12196	2.29296		
04:30:48	2000	3000	3333	9955	5144	0.99100	1.12189	2.28039		
04:30:58	2000	3000	3333	9955	5123	0.99100	1.12190	2.28176		
04:31:08	2000	3000	3333	9955	5141	0.99100	1.12189	2.28059		
04:31:18	2000	3000	3333	9955	5187	0.99100	1.12195	2.29132		
04:31:29	2000	3000	3333	9955	5227	0.99100	1.12191	2.29732		
04:31:39	2000	3000	3333	9955	5258	0.99100	1.12194	2.30136		
04:31:49	2000	3000	3333	9955	5280	0.99100	1.12192	2.31506		
04:31:59	2000	3000	3333	9955	5284	0.99100	1.12192	2.32647		
04:32:09	2000	3000	3333	9955	5282	0.99100	1.12190	2.32679		
04:32:19	2000	3000	3333	9955	5275	0.99100	1.12187	2.33221		
04:32:29	2000	3000	3333	9955	5268	0.99100	1.12181	2.32295		
04:32:39	2000	3000	3333	9955	5220	0.99100	1.12178	2.33179		
04:32:49	2000	3000	3333	9955	5090	0.99100	1.12176	2.31052		
04:32:59	2000	3000	3333	9955	4944	0.99100	1.12175	2.30834		
04:33:09	2000	3000	3333	9955	4792	0.99100	1.12174	2.29999		
04:33:20	2000	3000	3333	9955	4643	0.99100	1.12170	2.29240		
04:33:30	2000	3000	3333	9955	4508	0.99100	1.12167	2.28831		
04:33:40	2000	3000	3333	9955	4390	0.99100	1.12165	2.28583		
04:33:50	2000	3000	3333	9955	4306	0.99100	1.12164	2.27920		
04:34:00	2000	3000	3333	9955	4257	0.99100	1.12168	2.27182		
04:34:11	2000	3000	3333	9955	4243	0.99100	1.12168	2.27157		
04:34:21	2000	3000	3333	9955	4263	0.99100	1.12167	2.27136		
04:34:31	2000	3000	3333	9955	4306	0.99100	1.12167	2.27988		
04:34:41	2000	3000	3333	9955	4339	0.99100	1.12165	2.27998		
04:34:51	2000	3000	3333	9955	4353	0.99100	1.12165	2.28659		
04:35:02	2000	3000	3333	9955	4335	0.99100	1.12159	2.28885		
04:35:12	2000	3000	3333	9955	4272	0.99100	1.12154	2.27798		
04:35:22	2000	3000	3333	9955	4188	0.99100	1.12153	2.27760		
04:35:32	2000	3000	3333	9955	4106	0.99100	1.12150	2.28026		
04:35:42	2000	3000	3333	9955	4025	0.99100	1.12153	2.26554		
04:35:52	2000	3000	3333	9955	3946	0.99100	1.12146	2.26193		
04:36:03	2000	3000	3333	9955	3876	0.99100	1.12144	2.25864		
04:36:13	2000	3000	3333	9955	3817	0.99100	1.12140	2.25698		
04:36:23	2000	3000	3333	9955	3770	0.99100	1.12137	2.25190		
04:36:33	2000	3000	3333	9955	3729	0.99100	1.12136	2.27047		
04:36:43	2000	3000	3333	9955	3695	0.99100	1.12138	2.26778		
04:36:54	2000	3000	3333	9955	3672	0.99100	1.12146	2.26636		
04:37:04	2000	3000	3333	9955	3662	0.99100	1.12143	2.25996		
04:37:14	2000	3000	3333	9955	3668	0.99100	1.12140	2.25658		
04:37:24	2000	3000	3333	9955	3690	0.99100	1.12141	2.25578		
04:37:34	2000	3000	3333	9955	3729	0.99100	1.12139	2.25654		
04:37:45	2000	3000	3333	9955	3784	0.99100	1.12135	2.25708		
04:37:55	2000	3000	3333	9955	3852	0.99100	1.12133	2.24758		
04:38:05	2000	3000	3333	9955	4026	0.99100	1.12130	2.24918		
04:38:15	2000	3000	3333	9955	4132	0.99100	1.12131	2.24861		
04:38:25	2000	3000	3333	9955	4246	0.99100	1.12137	2.24770		
04:38:35	2000	3000	3333	9955	4364	0.99100	1.12135	2.24737		
04:38:46	2000	3000	3333	9955	4486	0.99100	1.12134	2.24433		
04:38:56	2000	3000	3333	9955	4608	0.99100	1.12136	2.24522		
04:39:06	2000	3000	3333	9955	4724	0.99100	1.12141	2.24627		
04:39:16	2000	3000	3333	9955	4833	0.99100	1.12145	2.25116		
04:39:26	2000	3000	3333	9955	4931	0.99100	1.12145	2.24209		
04:39:37	2000	3000	3333	9955	5014	0.99100	1.12142	2.24311		
04:39:47	2000	3000	3333	9955	5085	0.99100	1.12149	2.24344		
04:39:57	2000	3000	3333	9955	5147	0.99100	1.12152	2.23862		
04:40:07	2000	3000	3333	9955	5200	0.99100	1.12153	2.24519		
04:40:17	2000	3000	3333	9955	5235	0.99100	1.12152	2.24355		
04:40:28	2000	3000	3333	9955	5254	0.99100	1.12153	2.24683		
04:40:38	2000	3000	3333	9955	5258	0.99100	1.12155	2.24554		
04:40:48	2000	3000	3333	9955	5239	0.99100	1.12155	2.24415		
04:40:58	2000	3000	3333	9955	5209	0.99100	1.12158	2.24624		
04:41:08	2000	3000	3333	9955	5179	0.99100	1.12153	2.24745		
04:41:18	2000	3000	3333	9955	5147	0.99100	1.12153	2.24810		
04:41:29	2000	3000	3333	9955	5110	0.99100	1.12153	2.24433		
04:41:39	2000	3000	3333	9955	5062	0.99100	1.12161	2.24637		
04:41:49	2000	3000	3333	9955	5015	0.99100	1.12156	2.24462		
04:41:59	2000	3000	3333	9955	4975	0.99100	1.12158	2.24293		
04:42:09	2000	3000	3333	9955	4940	0.99100	1.12161	2.23991		
04:42:20	2000	3000	3333	9955	4906	0.99100	1.12160	2.23877		
04:42:30	2000	3000	3333	9955	4875	0.99100	1.12161	2.23749		
04:42:40	2000	3000	3333	9955	4851	0.99100	1.12160	2.23757		
04:42:50	2000	3000	3333	9955	4828	0.99100	1.12157	2.24059		
04:43:00	2000	3000	3333	9955	4792	0.99100	1.12159	2.23662		
04:43:10	2000	3000	3333	9955	4743	0.99100	1.12158	2.23630		
04:43:21	2000	3000	3333	9955	4685	0.99100	1.12157	2.23514		
04:43:31	2000	3000	3333	9955	4626	0.99100	1.12158	2.23745		
04:43:41	2000	3000	3333	9955	4569	0.99100	1.12156	2.23612		
04:43:51	2000	3000	3333	9955	4524	0.99100	1.12156	2.23860		
04:44:01	2000	3000	3333	9955	4493	0.99100	1.12159	2.23263		
04:44:11	2000	3000	3333	9955	4476	0.99100	1.12154	2.23086		
04:44:21	2000	3000	3333	9955	4477	0.99100	1.12154	2.23194		
04:44:31	2000	3000	3333	9955	4494	0.99100	1.12157	2.22941		
04:44:41	2000	3000	3333	9955	4520	0.99100	1.12157	2.22561		
04:44:51	2000	3000	3333	9955	4553	0.99100	1.12159	2.23280		
04:45:01	2000	3000	3333	9955	4587	0.99100	1.12155	2.22677		
04:45:11	2000	3000	3333	9955	4623	0.99100	1.12151	2.23709		
04:45:22	2000	3000	3333	9955	4663	0.99100	1.12156	2.23736		
04:45:32	2000	3000	3333	9955	4708	0.99100	1.12151	2.23613		
04:45:42	2000	3000	3333	9955	4759	0.99100	1.12154	2.23541		
04:45:52	2000	3000	3333	9955	4818	0.99100	1.12150	2.23730		
04:46:02	2000	3000	3333	9955	4883	0.99100	1.12151	2.23590		
04:46:13	2000	3000	3333	9955	4960	0.99100	1.12151	2.23837		
04:46:23	2000	3000	3333	9955	5025	0.99100	1.12154	2.24839		
04:46:33	2000	3000	3333	9955	5087	0.99100	1.12153	2.24554		
04:46:43	2000	3000	3333	9955	5160	0.99100	1.12157	2.24592		
04:46:53	2000	3000	3333	9955	5247	0.99100	1.12156	2.24725		
04:47:03	2000	3000	3333	9955	5347	0.99100	1.12160	2.24361		
04:47:14	2000	3000	3333	9955	5470	0.99100	1.12160	2.24720		
04:47:24	2000	3000	3333	9955	5664	0.99100	1.12159	2.24360		
04:47:34	2000	3000	3333	9955	5811	0.99100	1.12161	2.25284		
04:47:44	2000	3000	3333	9955	5909	0.99100	1.12157	2.25308		
04:47:54	2000	3000	3333	9955	5987	0.99100	1.12162	2.25635		
04:48:05	2000	3000	3333	9955	6082	0.99100	1.12164	2.25344		
04:48:15	2000	3000	3333	9955	6162	0.99100	1.12166	2.25168		
04:48:25	2000	3000	3333	9955	6198	0.99100	1.12170	2.25495		
04:48:35	2000	3000	3333	9955	6178	0.99100	1.12169	2.24949		
04:48:45	2000	3000	3333	9955	6141	0.99100	1.12168	2.24867		
04:48:55	2000	3000	3333	9955	6121	0.99100	1.12168	2.23865		
04:49:06	2000	3000	3333	9955	6106	0.99100	1.12168	2.23417		
04:49:16	2000	3000	3333	9955	6087	0.99100	1.12169	2.23331		
04:49:26	2000	3000	3333	9955	6041	0.99100	1.12167	2.22676		
04:49:36	2000	3000	3333	9955	5965	0.99100	1.12164	2.22392		
04:49:46	2000	3000	3333	9955	5865	0.99100	1.12163	2.22522		
04:49:57	2000	3000	3333	9955	5746	0.99100	1.12167	2.22153		
04:50:07	2000	3000	3333	9955	5431	0.99100	1.12161	2.21617		
04:50:17	2000	3000	3333	9955	5233	0.99100	1.12163	2.21175		
04:50:27	2000	3000	3333	9955	5021	0.99100	1.12164	2.20921		
04:50:37	2000	3000	3333	9955	4801	0.99100	1.12166	2.21146		
04:50:48	2000	3000	3333	9955	4583	0.99100	1.12164	2.20835		
04:50:58	2000	3000	3333	9955	4363	0.99100	1.12166	2.21124		
04:51:08	2000	3000	3333	9955	4130	0.99100	1.12164	2.20987		
04:51:18	2000	3000	3333	9955	3891	0.99100	1.12162	2.21011		
04:51:28	2000	3000	3333	9955	3659	0.99100	1.12162	2.21173		
04:51:38	2000	3000	3333	9955	3412	0.99100	1.12164	2.20942		
04:51:49	2000	3000	3333	9955	3210	0.99100	1.12163	2.20799		
04:51:59	2000	3000	3333	9955	3058	0.99100	1.12162	2.20932		
04:52:09	2000	3000	3333	9955	2937	0.99100	1.12162	2.20251		
04:52:19	2000	3000	3333	9955	2840	0.99100	1.12163	2.21691		
04:52:29	2000	3000	3333	9955	2758	0.99100	1.12164	2.19931		
04:52:40	2000	3000	3333	9955	2690	0.99100	1.12165	2.21605		
04:52:50	2000	3000	3333	9955	2629	0.99100	1.12160	2.20810		
04:53:00	2000	3000	3333	9955	2569	0.99100	1.12160	2.20917		
04:53:10	2000	3000	3333	9955	2511	0.99100	1.12158	2.20669		
04:53:20	2000	3000	3333	9955	2457	0.99100	1.12154	2.20770		
04:53:31	2000	3000	3333	9955	2408	0.99100	1.12152	2.21005		
04:53:41	2000	3000	3333	9955	2362	0.99100	1.12151	2.20948		
04:53:51	2000	3000	3333	9955	2316	0.99100	1.12150	2.20664		
04:54:01	2000	3000	3333	9955	2316	0.99100	1.12150	2.20664		
04:54:11	2000	3000	3333	9955	2228	0.99100	1.12146	2.20710		
04:54:21	2000	3000	3333	9955	2182	0.99100	1.12146	2.20460		
04:54:32	2000	3000	3333	9955	2139	0.99100	1.12145	2.20361		
04:54:42	2000	3000	3333	9955	2100	0.99100	1.12145	2.20317		
04:54:52	2000	3000	3333	9955	2064	0.99100	1.12144	2.20485		
04:55:02	2000	3000	3333	9955	2034	0.99100	1.12143	2.20524		
04:55:12	2000	3000	3333	9955	2009	0.99100	1.12148	2.20798		
04:55:23	2000	3000	3333	9955	1990	0.99100	1.12153	2.20761		
04:55:33	2000	3000	3333	9955	1975	0.99100	1.12151	2.20688		
04:55:43	2000	3000	3333	9955	1965	0.99100	1.12154	2.20671		
04:55:53	2000	3000	3333	9955	1959	0.99100	1.12153	2.20908		
04:56:03	2000	3000	3333	9955	1960	0.99100	1.12156	2.20968		
04:56:13	2000	3000	3333	9955	1965	0.99100	1.12156	2.21424		
04:56:23	2000	3000	3333	9955	1974	0.99100	1.12158	2.21164		
04:56:33	2000	3000	3333	9955	1985	0.99100	1.12159	2.21797		
04:56:43	2000	3000	3333	9955	2000	0.99100	1.12156	2.21624		
04:56:53	2000	3000	3333	9955	2016	0.99100	1.12161	2.17920		
04:57:03	2000	3000	3333	9955	2035	0.99100	1.12156	2.18598		
04:57:13	2000	3000	3333	9955	2053	0.99100	1.12157	2.20545		
04:57:23	2000	3000	3333	9955	2071	0.99100	1.12160	2.20142		
04:57:34	2000	3000	3333	9955	2089	0.99100	1.12153	2.21309		
04:57:44	2000	3000	3333	9955	2108	0.99100	1.12157	2.20821		
04:57:54	2000	3000	3333	9955	2127	0.99100	1.12153	2.20995		
04:58:04	2000	3000	3333	9955	2145	0.99100	1.12151	2.20611		
04:58:14	2000	3000	3333	9955	2164	0.99100	1.12154	2.21055		
04:58:24	2000	3000	3333	9955	2186	0.99100	1.12147	2.21853		
04:58:35	2000	3000	3333	9955	2212	0.99100	1.12143	2.22963		
04:58:45	2000	3000	3333	9955	2247	0.99100	1.12145	2.22554		
04:58:55	2000	3000	3333	9955	2290	0.99100	1.12138	2.23854		
04:59:05	2000	3000	3333	9955	2341	0.99100	1.12137	2.23577		
04:59:15	2000	3000	3333	9955	2403	0.99100	1.12136	2.23920		
04:59:26	2000	3000	3333	9955	2483	0.99100	1.12136	2.23669		
04:59:36	2000	3000	3333	9955	2575	0.99100	1.12134	2.23970		
04:59:46	2000	3000	3333	9955	2670	0.99100	1.12135	2.23692		
04:59:56	2000	3000	3333	9955	2760	0.99100	1.12134	2.24790		
05:00:06	2000	3000	3333	9955	2843	0.99100	1.12130	2.25122		
05:00:16	2000	3000	3333	9955	2906	0.99100	1.12129	2.27010		
05:00:27	2000	3000	3333	9955	2942	0.99100	1.12126	2.27056		
05:00:37	2000	3000	3333	9955	2950	0.99100	1.12120	2.26095		
05:00:47	2000	3000	3333	9955	2950	0.99100	1.12123	2.27110		
05:00:57	2000	3000	3333	9955	2950	0.99100	1.12119	2.26876		
05:01:07	2000	3000	3333	9955	2958	0.99100	1.12113	2.27072		
05:01:18	2000	3000	3333	9955	2964	0.99100	1.12109	2.26483		
05:01:28	2000	3000	3333	9955	2977	0.99100	1.12108	2.27267		
05:01:38	2000	3000	3333	9955	2995	0.99100	1.12108	2.27767		
05:01:48	2000	3000	3333	9955	3002	0.99100	1.12104	2.27857		
05:01:58	2000	3000	3333	9955	3022	0.99100	1.12104	2.29200		
05:02:09	2000	3000	3333	9955	3043	0.99100	1.12095	2.28563		
05:02:19	2000	3000	3333	9955	3076	0.99100	1.12100	2.27322		
05:02:29	2000	3000	3333	9955	3091	0.99100	1.12100	2.28376		
05:02:39	2000	3000	3333	9955	3101	0.99100	1.12099	2.27762		
05:02:49	2000	3000	3333	9955	3108	0.99100	1.12097	2.28997		
05:02:59	2000	3000	3333	9955	3114	0.99100	1.12097	2.29075		
05:03:10	2000	3000	3333	9955	3118	0.99100	1.12095	2.28318		
05:03:20	2000	3000	3333	9955	3125	0.99100	1.12089	2.28818		
05:03:30	2000	3000	3333	9955	3140	0.99100	1.12088	2.29594		
05:03:40	2000	3000	3333	9955	3159	0.99100	1.12087	2.28460		
05:03:50	2000	3000	3333	9955	3179	0.99100	1.12086	2.28412		
05:04:01	2000	3000	3333	9955	3196	0.99100	1.12083	2.26580		
05:04:11	2000	3000	3333	9955	3208	0.99100	1.12080	2.27378		
05:04:21	2000	3000	3333	9955	3221	0.99100	1.12082	2.28404		
05:04:31	2000	3000	3333	9955	3238	0.99100	1.12084	2.27261		
05:04:41	2000	3000	3333	9955	3262	0.99100	1.12082	2.28615		
05:04:52	2000	3000	3333	9955	3294	0.99100	1.12078	2.29689		
05:05:02	2000	3000	3333	9955	3313	0.99100	1.12080	2.29403		
05:05:12	2000	3000	3333	9955	3321	0.99100	1.12078	2.30617		
05:05:22	2000	3000	3333	9955	3343	0.99100	1.12075	2.31505		
05:05:32	2000	3000	3333	9955	3374	0.99100	1.12073	2.35383		
05:05:42	2000	3000	3333	9955	3403	0.99100	1.12067	2.31885		
05:05:53	2000	3000	3333	9955	3439	0.99100	1.12065	2.32357		
05:06:03	2000	3000	3333	9955	3476	0.99100	1.12064	2.32677		
05:06:13	2000	3000	3333	9955	3513	0.99100	1.12063	2.32171		
05:06:23	2000	3000	3333	9955	3549	0.99100	1.12055	2.31418		
05:06:33	2000	3000	3333	9955	3585	0.99100	1.12055	2.31492		
05:06:44	2000	3000	3333	9955	3625	0.99100	1.12054	2.34005		
05:06:54	2000	3000	3333	9955	3669	0.99100	1.12053	2.33407		
05:07:04	2000	3000	3333	9955	3722	0.99100	1.12051	2.32631		
05:07:14	2000	3000	3333	9955	3773	0.99100	1.12050	2.32010		
05:07:24	2000	3000	3333	9955	3826	0.99100	1.12046	2.31471		
05:07:34	2000	3000	3333	9955	3890	0.99100	1.12042	2.31736		
05:07:44	2000	3000	3333	9955	3955	0.99100	1.12044	2.32227		
05:07:55	2000	3000	3333	9955	4011	0.99100	1.12041	2.31534		
05:08:05	2000	3000	3333	9955	4063	0.99100	1.12039	2.30681		
05:08:15	2000	3000	3333	9955	4114	0.99100	1.12042	2.30837		
05:08:25	2000	3000	3333	9955	4164	0.99100	1.12041	2.30375		
05:08:35	2000	3000	3333	9955	4208	0.99100	1.12034	2.30720		
05:08:45	2000	3000	3333	9955	4248	0.99100	1.12039	2.31095		
05:08:55	2000	3000	3333	9955	4290	0.99100	1.12040	2.31596		
05:09:05	2000	3000	3333	9955	4322	0.99100	1.12043	2.31465		
05:09:15	2000	3000	3333	9955	4349	0.99100	1.12041	2.33054		
05:09:25	2000	3000	3333	9955	4374	0.99100	1.12042	2.31329		
05:09:36	2000	3000	3333	9955	4397	0.99100	1.12037	2.31592		
05:09:46	2000	3000	3333	9955	4429	0.99100	1.12036	2.32307		
05:09:56	2000	3000	3333	9955	4472	0.99100	1.12038	2.32823		
05:10:06	2000	3000	3333	9955	4504	0.99100	1.12037	2.33003		
05:10:16	2000	3000	3333	9955	4534	0.99100	1.12035	2.31367		
05:10:27	2000	3000	3333	9955	4577	0.99100	1.12034	2.31914		
05:10:37	2000	3000	3333	9955	4607	0.99100	1.12036	2.31137		
05:10:47	2000	3000	3333	9955	4653	0.99100	1.12037	2.31624		
05:10:57	2000	3000	3333	9955	4697	0.99100	1.12032	2.31685		
05:11:07	2000	3000	3333	9955	4740	0.99100	1.12029	2.32381		
05:11:17	2000	3000	3333	9955	4784	0.99100	1.12034	2.37562		
05:11:28	2000	3000	3333	9955	4814	0.99100	1.12031	2.34248		
05:11:38	2000	3000	3333	9955	4853	0.99100	1.12030	2.34485		
05:11:48	2000	3000	3333	9955	4900	0.99100	1.12029	2.34663		
05:11:58	2000	3000	3333	9955	4950	0.99100	1.12028	2.35554		
05:12:08	2000	3000	3333	9955	4993	0.99100	1.12023	2.36062		
05:12:19	2000	3000	3333	9955	5053	0.99100	1.12024	2.34838		
05:12:29	2000	3000	3333	9955	5143	0.99100	1.12022	2.35568		
05:12:39	2000	3000	3333	9955	5249	0.99100	1.12020	2.36370		
05:12:49	2000	3000	3333	9955	5377	0.99100	1.12022	2.35290		
05:12:59	2000	3000	3333	9955	5508	0.99100	1.12015	2.36312		
05:13:09	2000	3000	3333	9955	5635	0.99100	1.12017	2.35892		
05:13:20	2000	3000	3333	9955	5757	0.99100	1.12013	2.37378		
05:13:30	2000	3000	3333	9955	5871	0.99100	1.12011	2.34835		
05:13:40	2000	3000	3333	9955	5984	0.99100	1.12010	2.34887		
05:13:50	2000	3000	3333	9955	6099	0.99100	1.12009	2.34565		
05:14:00	2000	3000	3333	9955	6319	0.99100	1.12007	2.36034		
05:14:11	2000	3000	3333	9955	6418	0.99100	1.12007	2.35054		
05:14:21	2000	3000	3333	9955	6522	0.99100	1.12010	2.34465		
05:14:31	2000	3000	3333	9955	6617	0.99100	1.12008	2.34028		
05:14:41	2000	3000	3333	9955	6701	0.99100	1.12012	2.34690		
05:14:51	2000	3000	3333	9955	6761	0.99100	1.12013	2.35503		
05:15:02	2000	3000	3333	9955	6813	0.99100	1.12012	2.36240		
05:15:12	2000	3000	3333	9955	6849	0.99100	1.12014	2.35731		
05:15:22	2000	3000	3333	9955	6862	0.99100	1.12019	2.36905		
05:15:32	2000	3000	3333	9955	6862	0.99100	1.12019	2.36905		
05:15:42	2000	3000	3333	9955	6873	0.99100	1.12025	2.34863		
05:15:52	2000	3000	3333	9955	6916	0.99100	1.12024	2.34866		
05:16:03	2000	3000	3333	9955	6968	0.99100	1.12022	2.35428		
05:16:13	2000	3000	3333	9955	7028	0.99100	1.12023	2.34631		
05:16:23	2000	3000	3333	9955	7109	0.99100	1.12030	2.34341		
05:16:33	2000	3000	3333	9955	7190	0.99100	1.12029	2.35877		
05:16:43	2000	3000	3333	9955	7245	0.99100	1.12026	2.36037		
05:16:54	2000	3000	3333	9955	7270	0.99100	1.12026	2.35687		
05:17:04	2000	3000	3333	9955	7271	0.99100	1.12034	2.35595		
05:17:14	2000	3000	3333	9955	7300	0.99100	1.12029	2.35734		
05:17:24	2000	3000	3333	9955	7380	0.99100	1.12031	2.36261		
05:17:34	2000	3000	3333	9955	7473	0.99100	1.12031	2.34312		
05:17:45	2000	3000	3333	9955	7525	0.99100	1.12035	2.34617		
05:17:55	2000	3000	3333	9955	7591	0.99100	1.12031	2.34952		
05:18:05	2000	3000	3333	9955	7621	0.99100	1.12033	2.36094		
05:18:15	2000	3000	3333	9955	7669	0.99100	1.12029	2.34538		
05:18:25	2000	3000	3333	9955	7689	0.99100	1.12032	2.33283		
05:18:35	2000	3000	3333	9955	7732	0.99100	1.12029	2.34426		
05:18:46	2000	3000	3333	9955	7779	0.99100	1.12031	2.33663		
05:18:56	2000	3000	3333	9955	7807	0.99100	1.12031	2.33675		
05:19:06	2000	3000	3333	9955	7820	0.99100	1.12034	2.34574		
05:19:16	2000	3000	3333	9955	7822	0.99100	1.12028	2.34443		
05:19:26	2000	3000	3333	9955	7825	0.99100	1.12025	2.34164		
05:19:36	2000	3000	3333	9955	7824	0.99100	1.12022	2.34273		
05:19:46	2000	3000	3333	9955	7820	0.99100	1.12021	2.35414		
05:19:57	2000	3000	3333	9955	7810	0.99100	1.12020	2.35441		
05:20:07	2000	3000	3333	9955	7791	0.99100	1.12018	2.36178		
05:20:17	2000	3000	3333	9955	7766	0.99100	1.12020	2.35404		
05:20:27	2000	3000	3333	9955	7746	0.99100	1.12022	2.34061		
05:20:37	2000	3000	3333	9955	7739	0.99100	1.12021	2.36040		
05:20:47	2000	3000	3333	9955	7754	0.99100	1.12016	2.35832		
05:20:57	2000	3000	3333	9955	7757	0.99100	1.12019	2.35239		
05:21:08	2000	3000	3333	9955	7756	0.99100	1.12016	2.36144		
05:21:18	2000	3000	3333	9955	7737	0.99100	1.12017	2.35037		
05:21:28	2000	3000	3333	9955	7622	0.99100	1.12014	2.34527		
05:21:38	2000	3000	3333	9955	7524	0.99100	1.12016	2.30463		
05:21:48	2000	3000	3333	9955	7446	0.99100	1.12014	2.30792		
05:21:59	2000	3000	3333	9955	7382	0.99100	1.12017	2.32277		
05:22:09	2000	3000	3333	9955	7370	0.99100	1.12013	2.35313		
05:22:19	2000	3000	3333	9955	7355	0.99100	1.12014	2.34784		
05:22:29	2000	3000	3333	9955	7366	0.99100	1.12017	2.35149		
05:22:39	2000	3000	3333	9955	7377	0.99100	1.12019	2.34929		
05:22:50	2000	3000	3333	9955	7371	0.99100	1.12020	2.36100		
05:23:00	2000	3000	3333	9955	7343	0.99100	1.12014	2.36963		
05:23:10	2000	3000	3333	9955	7286	0.99100	1.12016	2.37305		
05:23:20	2000	3000	3333	9955	7227	0.99100	1.12018	2.36006		
05:23:30	2000	3000	3333	9955	7169	0.99100	1.12016	2.37054		
05:23:40	2000	3000	3333	9955	7102	0.99100	1.12012	2.36125		
05:23:51	2000	3000	3333	9955	6985	0.99100	1.12014	2.34607		
05:24:01	2000	3000	3333	9955	6907	0.99100	1.12017	2.34429		
05:24:11	2000	3000	3333	9955	6839	0.99100	1.12020	2.31876		
05:24:21	2000	3000	3333	9955	6808	0.99100	1.12018	2.32603		
05:24:31	2000	3000	3333	9955	6821	0.99100	1.12018	2.32006		
05:24:42	2000	3000	3333	9955	6890	0.99100	1.12018	2.32804		
05:24:52	2000	3000	3333	9955	6916	0.99100	1.12013	2.32904		
05:25:02	2000	3000	3333	9955	6930	0.99100	1.12017	2.33529		
05:25:12	2000	3000	3333	9955	6939	0.99100	1.12020	2.33968		
05:25:22	2000	3000	3333	9955	6957	0.99100	1.12020	2.34020		
05:25:32	2000	3000	3333	9955	6954	0.99100	1.12021	2.32333		
05:25:43	2000	3000	3333	9955	6934	0.99100	1.12020	2.32414		
05:25:53	2000	3000	3333	9955	6912	0.99100	1.12022	2.36001		
05:26:03	2000	3000	3333	9955	6889	0.99100	1.12025	2.32865		
05:26:13	2000	3000	3333	9955	6863	0.99100	1.12024	2.31913		
05:26:23	2000	3000	3333	9955	6851	0.99100	1.12017	2.32480		
05:26:34	2000	3000	3333	9955	6832	0.99100	1.12012	2.32113		
05:26:44	2000	3000	3333	9955	6811	0.99100	1.12013	2.32953		
05:26:54	2000	3000	3333	9955	6842	0.99100	1.12013	2.33352		
05:27:04	2000	3000	3333	9955	6885	0.99100	1.12021	2.32595		
05:27:14	2000	3000	3333	9955	6939	0.99100	1.12016	2.31108		
05:27:25	2000	3000	3333	9955	6987	0.99100	1.12017	2.32732		
05:27:35	2000	3000	3333	9955	7025	0.99100	1.12018	2.31687		
05:27:45	2000	3000	3333	9955	7056	0.99100	1.12017	2.33276		
05:27:55	2000	3000	3333	9955	7097	0.99100	1.12020	2.31792		
05:28:05	2000	3000	3333	9955	7140	0.99100	1.12019	2.32139		
05:28:15	2000	3000	3333	9955	7183	0.99100	1.12016	2.32345		
05:28:26	2000	3000	3333	9955	7213	0.99100	1.12017	2.31717		
05:28:36	2000	3000	3333	9955	7229	0.99100	1.12023	2.32420		
05:28:46	2000	3000	3333	9955	7221	0.99100	1.12024	2.32568		
05:28:56	2000	3000	3333	9955	7192	0.99100	1.12019	2.32042		
05:29:06	2000	3000	3333	9955	7132	0.99100	1.12024	2.32122		
05:29:17	2000	3000	3333	9955	7038	0.99100	1.12024	2.31928		
05:29:27	2000	3000	3333	9955	6941	0.99100	1.12021	2.32887		
05:29:37	2000	3000	3333	9955	6837	0.99100	1.12022	2.31881		
05:29:47	2000	3000	3333	9955	6736	0.99100	1.12020	2.33336		
05:29:57	2000	3000	3333	9955	6648	0.99100	1.12024	2.32196		
05:30:08	2000	3000	3333	9955	6578	0.99100	1.12022	2.31499		
05:30:18	2000	3000	3333	9955	6514	0.99100	1.12022	2.32411		
05:30:28	2000	3000	3333	9955	6472	0.99100	1.12024	2.32188		
05:30:38	2000	3000	3333	9955	6438	0.99100	1.12025	2.30702		
05:30:48	2000	3000	3333	9955	6418	0.99100	1.12023	2.32639		
05:30:58	2000	3000	3333	9955	6418	0.99100	1.12023	2.32639		
05:31:08	2000	3000	3333	9955	6351	0.99100	1.12022	2.30797		
05:31:18	2000	3000	3333	9955	6303	0.99100	1.12026	2.31686		
05:31:29	2000	3000	3333	9955	6254	0.99100	1.12022	2.31327		
05:31:39	2000	3000	3333	9955	6204	0.99100	1.12024	2.31322		
05:31:49	2000	3000	3333	9955	6148	0.99100	1.12023	2.31702		
05:31:59	2000	3000	3333	9955	6078	0.99100	1.12024	2.30870		
05:32:09	2000	3000	3333	9955	6009	0.99100	1.12023	2.31660		
05:32:19	2000	3000	3333	9955	5946	0.99100	1.12025	2.31810		
05:32:30	2000	3000	3333	9955	5892	0.99100	1.12021	2.31100		
05:32:40	2000	3000	3333	9955	5856	0.99100	1.12025	2.32914		
05:32:50	2000	3000	3333	9955	5832	0.99100	1.12020	2.32117		
05:33:00	2000	3000	3333	9955	5805	0.99100	1.12017	2.32054		
05:33:10	2000	3000	3333	9955	5779	0.99100	1.12020	2.30689		
05:33:21	2000	3000	3333	9955	5761	0.99100	1.12019	2.30380		
05:33:31	2000	3000	3333	9955	5752	0.99100	1.12021	2.31317		
05:33:41	2000	3000	3333	9955	5742	0.99100	1.12018	2.32434		
05:33:51	2000	3000	3333	9955	5730	0.99100	1.12023	2.31107		
05:34:01	2000	3000	3333	9955	5731	0.99100	1.12025	2.31126		
05:34:12	2000	3000	3333	9955	5743	0.99100	1.12025	2.31085		
05:34:22	2000	3000	3333	9955	5758	0.99100	1.12027	2.31724		
05:34:32	2000	3000	3333	9955	5777	0.99100	1.12030	2.32447		
05:34:42	2000	3000	3333	9955	5800	0.99100	1.12029	2.33138		
05:34:52	2000	3000	3333	9955	5829	0.99100	1.12032	2.32316		
05:35:02	2000	3000	3333	9955	5877	0.99100	1.12032	2.33502		
05:35:13	2000	3000	3333	9955	5938	0.99100	1.12033	2.30130		
05:35:23	2000	3000	3333	9955	6000	0.99100	1.12031	2.31988		
05:35:33	2000	3000	3333	9955	6055	0.99100	1.12034	2.32386		
05:35:43	2000	3000	3333	9955	6094	0.99100	1.12036	2.32031		
05:35:53	2000	3000	3333	9955	6131	0.99100	1.12036	2.34599		
05:36:04	2000	3000	3333	9955	6163	0.99100	1.12034	2.34582		
05:36:14	2000	3000	3333	9955	6199	0.99100	1.12033	2.32763		
05:36:24	2000	3000	3333	9955	6247	0.99100	1.12031	2.32801		
05:36:34	2000	3000	3333	9955	6371	0.99100	1.12027	2.32883		
05:36:44	2000	3000	3333	9955	6448	0.99100	1.12026	2.33510		
05:36:54	2000	3000	3333	9955	6509	0.99100	1.12023	2.32244		
05:37:05	2000	3000	3333	9955	6560	0.99100	1.12030	2.32437		
05:37:15	2000	3000	3333	9955	6610	0.99100	1.12034	2.31856		
05:37:25	2000	3000	3333	9955	6654	0.99100	1.12031	2.32267		
05:37:35	2000	3000	3333	9955	6673	0.99100	1.12034	2.31381		
05:37:45	2000	3000	3333	9955	6674	0.99100	1.12035	2.31234		
05:37:56	2000	3000	3333	9955	6649	0.99100	1.12035	2.29423		
05:38:06	2000	3000	3333	9955	6607	0.99100	1.12039	2.29626		
05:38:16	2000	3000	3333	9955	6566	0.99100	1.12039	2.29699		
05:38:26	2000	3000	3333	9955	6524	0.99100	1.12037	2.29685		
05:38:36	2000	3000	3333	9955	6478	0.99100	1.12039	2.29541		
05:38:47	2000	3000	3333	9955	6398	0.99100	1.12039	2.29472		
05:38:57	2000	3000	3333	9955	6325	0.99100	1.12038	2.27722		
05:39:07	2000	3000	3333	9955	6277	0.99100	1.12037	2.27976		
05:39:17	2000	3000	3333	9955	6305	0.99100	1.12044	2.28436		
05:39:27	2000	3000	3333	9955	6358	0.99100	1.12039	2.28918		
05:39:37	2000	3000	3333	9955	6472	0.99100	1.12048	2.29559		
05:39:48	2000	3000	3333	9955	6603	0.99100	1.12045	2.29277		
05:39:58	2000	3000	3333	9955	6723	0.99100	1.12050	2.29277		
05:40:08	2000	3000	3333	9955	6835	0.99100	1.12047	2.29734		
05:40:18	2000	3000	3333	9955	6918	0.99100	1.12050	2.28933		
05:40:28	2000	3000	3333	9955	6987	0.99100	1.12052	2.30044		
05:40:39	2000	3000	3333	9955	7024	0.99100	1.12053	2.28595		
05:40:49	2000	3000	3333	9955	7017	0.99100	1.12049	2.29499		
05:40:59	2000	3000	3333	9955	6977	0.99100	1.12044	2.30157		
05:41:09	2000	3000	3333	9955	6916	0.99100	1.12043	2.29921		
05:41:19	2000	3000	3333	9955	6872	0.99100	1.12040	2.28899		
05:41:30	2000	3000	3333	9955	6801	0.99100	1.12041	2.26944		
05:41:40	2000	3000	3333	9955	6700	0.99100	1.12044	2.26340		
05:41:50	2000	3000	3333	9955	6546	0.99100	1.12044	2.26417		
05:42:00	2000	3000	3333	9955	6383	0.99100	1.12039	2.28009		
05:42:10	2000	3000	3333	9955	6209	0.99100	1.12037	2.26576		
05:42:20	2000	3000	3333	9955	6040	0.99100	1.12038	2.26232		
05:42:30	2000	3000	3333	9955	5875	0.99100	1.12031	2.26859		
05:42:40	2000	3000	3333	9955	5709	0.99100	1.12033	2.25249		
05:42:50	2000	3000	3333	9955	5532	0.99100	1.12036	2.25889		
05:43:01	2000	3000	3333	9955	5375	0.99100	1.12036	2.25359		
05:43:11	2000	3000	3333	9955	5261	0.99100	1.12039	2.25461		
05:43:21	2000	3000	3333	9955	5196	0.99100	1.12038	2.26087		
05:43:31	2000	3000	3333	9955	5168	0.99100	1.12042	2.26201		
05:43:41	2000	3000	3333	9955	5171	0.99100	1.12045	2.26910		
05:43:51	2000	3000	3333	9955	5219	0.99100	1.12045	2.25884		
05:44:02	2000	3000	3333	9955	5285	0.99100	1.12048	2.27672		
05:44:12	2000	3000	3333	9955	5384	0.99100	1.12047	2.26214		
05:44:22	2000	3000	3333	9955	5533	0.99100	1.12046	2.26723		
05:44:32	2000	3000	3333	9955	5631	0.99100	1.12045	2.26243		
05:44:42	2000	3000	3333	9955	5623	0.99100	1.12040	2.25942		
05:44:53	2000	3000	3333	9955	5618	0.99100	1.12036	2.24502		
05:45:03	2000	3000	3333	9955	5629	0.99100	1.12034	2.23904		
05:45:13	2000	3000	3333	9955	5634	0.99100	1.12035	2.23266		
05:45:23	2000	3000	3333	9955	5625	0.99100	1.12029	2.25554		
05:45:33	2000	3000	3333	9955	5589	0.99100	1.12033	2.24065		
05:45:44	2000	3000	3333	9955	5531	0.99100	1.12030	2.16395		
05:45:54	2000	3000	3333	9955	5531	0.99100	1.12030	2.16395		
05:46:04	2000	3000	3333	9955	5393	0.99100	1.12036	2.22378		
05:46:14	2000	3000	3333	9955	5318	0.99100	1.12035	2.22734		
05:46:24	2000	3000	3333	9955	5232	0.99100	1.12036	2.22840		
05:46:34	2000	3000	3333	9955	5152	0.99100	1.12034	2.22448		
05:46:45	2000	3000	3333	9955	5065	0.99100	1.12032	2.22742		
05:46:55	2000	3000	3333	9955	4975	0.99100	1.12031	2.22664		
05:47:05	2000	3000	3333	9955	4891	0.99100	1.12035	2.24971		
05:47:15	2000	3000	3333	9955	4804	0.99100	1.12037	2.26133		
05:47:25	2000	3000	3333	9955	4718	0.99100	1.12040	2.26289		
05:47:36	2000	3000	3333	9955	4639	0.99100	1.12040	2.25266		
05:47:46	2000	3000	3333	9955	4564	0.99100	1.12045	2.27473		
05:47:56	2000	3000	3333	9955	4425	0.99100	1.12044	2.22273		
05:48:06	2000	3000	3333	9955	4359	0.99100	1.12044	2.22858		
05:48:16	2000	3000	3333	9955	4301	0.99100	1.12039	2.23072		
05:48:27	2000	3000	3333	9955	4266	0.99100	1.12031	2.22016		
05:48:37	2000	3000	3333	9955	4243	0.99100	1.12029	2.23797		
05:48:47	2000	3000	3333	9955	4254	0.99100	1.12025	2.22049		
05:48:57	2000	3000	3333	9955	4292	0.99100	1.12022	2.21671		
05:49:07	2000	3000	3333	9955	4365	0.99100	1.12017	2.21304		
05:49:17	2000	3000	3333	9955	4473	0.99100	1.12017	2.21532		
05:49:28	2000	3000	3333	9955	4571	0.99100	1.12018	2.21633		
05:49:38	2000	3000	3333	9955	4689	0.99100	1.12021	2.22662		
05:49:48	2000	3000	3333	9955	4767	0.99100	1.12024	2.21461		
05:49:58	2000	3000	3333	9955	4912	0.99100	1.12024	2.21274		
05:50:08	2000	3000	3333	9955	5047	0.99100	1.12021	2.25050		
05:50:19	2000	3000	3333	9955	5085	0.99100	1.12016	2.24604		
05:50:29	2000	3000	3333	9955	5167	0.99100	1.12016	2.23199		
05:50:39	2000	3000	3333	9955	5273	0.99100	1.12015	2.23704		
05:50:49	2000	3000	3333	9955	5400	0.99100	1.12014	2.24253		
05:50:59	2000	3000	3333	9955	5522	0.99100	1.12006	2.23885		
05:51:09	2000	3000	3333	9955	5616	0.99100	1.12007	2.26810		
05:51:20	2000	3000	3333	9955	5671	0.99100	1.12004	2.24045		
05:51:30	2000	3000	3333	9955	5708	0.99100	1.12004	2.23697		
05:51:40	2000	3000	3333	9955	5728	0.99100	1.12005	2.23394		
05:51:50	2000	3000	3333	9955	5731	0.99100	1.12008	2.23335		
05:52:00	2000	3000	3333	9955	5724	0.99100	1.12006	2.24184		
05:52:11	2000	3000	3333	9955	5715	0.99100	1.12002	2.25869		
05:52:21	2000	3000	3333	9955	5706	0.99100	1.11999	2.24777		
05:52:31	2000	3000	3333	9955	5695	0.99100	1.11999	2.23848		
05:52:41	2000	3000	3333	9955	5665	0.99100	1.11997	2.23966		
05:52:51	2000	3000	3333	9955	5617	0.99100	1.11993	2.25682		
05:53:02	2000	3000	3333	9955	5582	0.99100	1.11994	2.22953		
05:53:12	2000	3000	3333	9955	5607	0.99100	1.11997	2.25633		
05:53:22	2000	3000	3333	9955	5666	0.99100	1.11997	2.25599		
05:53:32	2000	3000	3333	9955	5801	0.99100	1.11994	2.26418		
05:53:42	2000	3000	3333	9955	5934	0.99100	1.11996	2.26838		
05:53:52	2000	3000	3333	9955	6068	0.99100	1.11993	2.26537		
05:54:02	2000	3000	3333	9955	6181	0.99100	1.11993	2.26626		
05:54:12	2000	3000	3333	9955	6259	0.99100	1.11992	2.27202		
05:54:22	2000	3000	3333	9955	6308	0.99100	1.11994	2.31936		
05:54:33	2000	3000	3333	9955	6358	0.99100	1.11991	2.28584		
05:54:43	2000	3000	3333	9955	6415	0.99100	1.11991	2.29350		
05:54:53	2000	3000	3333	9955	6481	0.99100	1.11987	2.30874		
05:55:03	2000	3000	3333	9955	6558	0.99100	1.11985	2.30951		
05:55:13	2000	3000	3333	9955	6687	0.99100	1.11986	2.34634		
05:55:24	2000	3000	3333	9955	6850	0.99100	1.11984	2.33694		
05:55:34	2000	3000	3333	9955	7016	0.99100	1.11984	2.32539		
05:55:44	2000	3000	3333	9955	7182	0.99100	1.11982	2.33538		
05:55:54	2000	3000	3333	9955	7317	0.99100	1.11991	2.34673		
05:56:04	2000	3000	3333	9955	7412	0.99100	1.11997	2.34274		
05:56:14	2000	3000	3333	9955	7452	0.99100	1.11992	2.29533		
05:56:25	2000	3000	3333	9955	7451	0.99100	1.11989	2.29867		
05:56:35	2000	3000	3333	9955	7401	0.99100	1.11983	2.32081		
05:56:45	2000	3000	3333	9955	7310	0.99100	1.11983	2.32168		
05:56:55	2000	3000	3333	9955	7213	0.99100	1.11976	2.28785		
05:57:05	2000	3000	3333	9955	7081	0.99100	1.11974	2.34673		
05:57:16	2000	3000	3333	9955	6944	0.99100	1.11978	2.35963		
05:57:26	2000	3000	3333	9955	6821	0.99100	1.11972	2.32534		
05:57:36	2000	3000	3333	9955	6719	0.99100	1.11967	2.33155		
05:57:46	2000	3000	3333	9955	6656	0.99100	1.11968	2.35066		
05:57:56	2000	3000	3333	9955	6634	0.99100	1.11963	2.30107		
05:58:07	2000	3000	3333	9955	6651	0.99100	1.11972	2.33977		
05:58:17	2000	3000	3333	9955	6656	0.99100	1.11972	2.31345		
05:58:27	2000	3000	3333	9955	6656	0.99100	1.11972	2.31345		
05:58:37	2000	3000	3333	9955	6649	0.99100	1.11965	2.33944		
05:58:47	2000	3000	3333	9955	6649	0.99100	1.11959	2.34671		
05:58:57	2000	3000	3333	9955	6644	0.99100	1.11952	2.33404		
05:59:08	2000	3000	3333	9955	6619	0.99100	1.11954	2.31712		
05:59:18	2000	3000	3333	9955	6591	0.99100	1.11954	2.31128		
05:59:28	2000	3000	3333	9955	6557	0.99100	1.11951	2.34703		
05:59:38	2000	3000	3333	9955	6528	0.99100	1.11955	2.36522		
05:59:48	2000	3000	3333	9955	6501	0.99100	1.11958	2.34128		
05:59:59	2000	3000	3333	9955	6495	0.99100	1.11967	2.36217		
06:00:09	2000	3000	3333	9955	6501	0.99100	1.11975	2.38293		
06:00:19	2000	3000	3333	9955	6510	0.99100	1.11979	2.40716		
06:00:29	2000	3000	3333	9955	6529	0.99100	1.11981	2.36611		
06:00:39	2000	3000	3333	9955	6558	0.99100	1.11984	2.34550		
06:00:50	2000	3000	3333	9955	6619	0.99100	1.11979	2.35911		
06:01:00	2000	3000	3333	9955	6701	0.99100	1.11981	2.31770		
06:01:10	2000	3000	3333	9955	6791	0.99100	1.11976	2.37309		
06:01:20	2000	3000	3333	9955	6877	0.99100	1.11973	2.34424		
06:01:30	2000	3000	3333	9955	6963	0.99100	1.11965	2.33103		
06:01:40	2000	3000	3333	9955	7023	0.99100	1.11960	2.31645		
06:01:51	2000	3000	3333	9955	7067	0.99100	1.11962	2.30970		
06:02:01	2000	3000	3333	9955	7127	0.99100	1.11957	2.33098		
06:02:11	2000	3000	3333	9955	7194	0.99100	1.11951	2.32249		
06:02:21	2000	3000	3333	9955	7222	0.99100	1.11946	2.34485		
06:02:31	2000	3000	3333	9955	7220	0.99100	1.11945	2.34010		
06:02:42	2000	3000	3333	9955	7180	0.99100	1.11945	2.31573		
06:02:52	2000	3000	3333	9955	7101	0.99100	1.11943	2.30982		
06:03:02	2000	3000	3333	9955	7010	0.99100	1.11940	2.32339		
06:03:12	2000	3000	3333	9955	6921	0.99100	1.11939	2.32188		
06:03:22	2000	3000	3333	9955	6779	0.99100	1.11932	2.34116		
06:03:32	2000	3000	3333	9955	6574	0.99100	1.11935	2.35928		
06:03:43	2000	3000	3333	9955	6322	0.99100	1.11938	2.31064		
06:03:53	2000	3000	3333	9955	6006	0.99100	1.11938	2.33447		
06:04:03	2000	3000	3333	9955	5680	0.99100	1.11939	2.33636		
06:04:13	2000	3000	3333	9955	5333	0.99100	1.11938	2.36717		
06:04:23	2000	3000	3333	9955	4995	0.99100	1.11940	2.35224		
06:04:33	2000	3000	3333	9955	4690	0.99100	1.11939	2.34442		
06:04:43	2000	3000	3333	9955	4447	0.99100	1.11952	2.36190		
06:04:53	2000	3000	3333	9955	4199	0.99100	1.11949	2.30147		
06:05:03	2000	3000	3333	9955	3984	0.99100	1.11943	2.30746		
06:05:13	2000	3000	3333	9955	3866	0.99100	1.11938	2.33458		
06:05:23	2000	3000	3333	9955	3822	0.99100	1.11939	2.34459		
06:05:34	2000	3000	3333	9955	3805	0.99100	1.11945	2.35394		
06:05:44	2000	3000	3333	9955	3852	0.99100	1.11943	2.33370		
06:05:54	2000	3000	3333	9955	3929	0.99100	1.11939	2.29797		
06:06:04	2000	3000	3333	9955	3958	0.99100	1.11938	2.27625		
06:06:14	2000	3000	3333	9955	4002	0.99100	1.11946	2.28212		
06:06:24	2000	3000	3333	9955	4098	0.99100	1.11944	2.30848		
06:06:34	2000	3000	3333	9955	4246	0.99100	1.11942	2.28257		
06:06:44	2000	3000	3333	9955	4430	0.99100	1.11937	2.28050		
06:06:54	2000	3000	3333	9955	4621	0.99100	1.11937	2.26301		
06:07:04	2000	3000	3333	9955	4819	0.99100	1.11936	2.26274		
06:07:14	2000	3000	3333	9955	5015	0.99100	1.11930	2.28135		
06:07:24	2000	3000	3333	9955	5240	0.99100	1.11930	2.29090		
06:07:34	2000	3000	3333	9955	5480	0.99100	1.11930	2.26784		
06:07:44	2000	3000	3333	9955	5715	0.99100	1.11937	2.30805		
06:07:54	2000	3000	3333	9955	5901	0.99100	1.11930	2.27333		
06:08:04	2000	3000	3333	9955	6053	0.99100	1.11931	2.26781		
06:08:14	2000	3000	3333	9955	6191	0.99100	1.11933	2.26346		
06:08:25	2000	3000	3333	9955	6313	0.99100	1.11926	2.25529		
06:08:35	2000	3000	3333	9955	6427	0.99100	1.11926	2.25366		
06:08:45	2000	3000	3333	9955	6505	0.99100	1.11924	2.26675		
06:08:55	2000	3000	3333	9955	6570	0.99100	1.11921	2.28005		
06:09:05	2000	3000	3333	9955	6653	0.99100	1.11924	2.31870		
06:09:15	2000	3000	3333	9955	6726	0.99100	1.11931	2.30382		
06:09:26	2000	3000	3333	9955	6780	0.99100	1.11925	2.29918		
06:09:36	2000	3000	3333	9955	6837	0.99100	1.11922	2.26717		
06:09:46	2000	3000	3333	9955	6881	0.99100	1.11927	2.27785		
06:09:56	2000	3000	3333	9955	6903	0.99100	1.11924	2.29646		
06:10:06	2000	3000	3333	9955	6933	0.99100	1.11926	2.29561		
06:10:17	2000	3000	3333	9955	6941	0.99100	1.11929	2.29157		
06:10:27	2000	3000	3333	9955	6949	0.99100	1.11927	2.29230		
06:10:37	2000	3000	3333	9955	6949	0.99100	1.11927	2.29230		
