

			DELHI AIRPORT : 30 m Base line


Time	RVR	 MOR	RVR	MOR	BLM	Trf	 Ref(v)	PD(v)
	(limited)	(limited)	(actual)	(actual)

00:00:17	2000	3000	3333	9955	2	0.99100	1.10516	3.60756		
00:00:28	2000	3000	3333	9955	2	0.99100	1.10505	3.60518		
00:00:38	2000	3000	3333	9955	2	0.99100	1.10494	3.60521		
00:00:48	2000	3000	3333	9955	2	0.99100	1.10471	3.60174		
00:00:58	2000	3000	3333	9955	2	0.99100	1.10481	3.60019		
00:01:08	2000	3000	3333	9955	2	0.99100	1.10472	3.59934		
00:01:18	2000	3000	3333	9955	2	0.99100	1.10451	3.59732		
00:01:28	2000	3000	3333	9955	2	0.99100	1.10417	3.60061		
00:01:38	2000	3000	3333	9955	2	0.99100	1.10485	3.60454		
00:01:48	2000	3000	3333	9955	2	0.99100	1.10448	3.60455		
00:01:58	2000	3000	3333	9955	2	0.99100	1.10409	3.59949		
00:02:08	2000	3000	3333	9955	2	0.99100	1.10435	3.60794		
00:02:18	2000	3000	3333	9955	2	0.99100	1.10425	3.60611		
00:02:28	2000	3000	3333	9955	2	0.99100	1.10455	3.60494		
00:02:39	2000	3000	3333	9955	2	0.99100	1.10420	3.60163		
00:02:49	2000	3000	3333	9955	2	0.99100	1.10486	3.60126		
00:02:59	2000	3000	3333	9955	2	0.99100	1.10484	3.60687		
00:03:09	2000	3000	3333	9955	2	0.99100	1.10464	3.60899		
00:03:19	2000	3000	3333	9955	2	0.99100	1.10439	3.60893		
00:03:29	2000	3000	3333	9955	2	0.99100	1.10437	3.60458		
00:03:39	2000	3000	3333	9955	2	0.99100	1.10470	3.60646		
00:03:49	2000	3000	3333	9955	2	0.99100	1.10492	3.60825		
00:03:59	2000	3000	3333	9955	2	0.99100	1.10494	3.61142		
00:04:09	2000	3000	3333	9955	2	0.99100	1.10477	3.61081		
00:04:19	2000	3000	3333	9955	2	0.99100	1.10453	3.61008		
00:04:29	2000	3000	3333	9955	2	0.99100	1.10451	3.61172		
00:04:39	2000	3000	3333	9955	2	0.99100	1.10446	3.61326		
00:04:50	2000	3000	3333	9955	2	0.99100	1.10445	3.61014		
00:05:00	2000	3000	3333	9955	2	0.99100	1.10399	3.60801		
00:05:10	2000	3000	3333	9955	2	0.99100	1.10416	3.61054		
00:05:20	2000	3000	3333	9955	2	0.99100	1.10444	3.62010		
00:05:30	2000	3000	3333	9955	2	0.99100	1.10406	3.61761		
00:05:40	2000	3000	3333	9955	2	0.99100	1.10413	3.61544		
00:05:50	2000	3000	3333	9955	2	0.99100	1.10416	3.61003		
00:06:00	2000	3000	3333	9955	2	0.99100	1.10411	3.61167		
00:06:10	2000	3000	3333	9955	2	0.99100	1.10386	3.61075		
00:06:20	2000	3000	3333	9955	2	0.99100	1.10412	3.61431		
00:06:30	2000	3000	3333	9955	2	0.99100	1.10399	3.61438		
00:06:40	2000	3000	3333	9955	2	0.99100	1.10355	3.61098		
00:06:50	2000	3000	3333	9955	2	0.99100	1.10384	3.61137		
00:07:01	2000	3000	3333	9955	2	0.99100	1.10372	3.61448		
00:07:11	2000	3000	3333	9955	2	0.99100	1.10332	3.61656		
00:07:21	2000	3000	3333	9955	2	0.99100	1.10327	3.61663		
00:07:31	2000	3000	3333	9955	2	0.99100	1.10348	3.61505		
00:07:41	2000	3000	3333	9955	2	0.99100	1.10350	3.61185		
00:07:51	2000	3000	3333	9955	2	0.99100	1.10441	3.61072		
00:08:01	2000	3000	3333	9955	2	0.99100	1.10410	3.60486		
00:08:11	2000	3000	3333	9955	2	0.99100	1.10395	3.59883		
00:08:21	2000	3000	3333	9955	2	0.99100	1.10401	3.60472		
00:08:31	2000	3000	3333	9955	2	0.99100	1.10421	3.61219		
00:08:41	2000	3000	3333	9955	2	0.99100	1.10426	3.60978		
00:08:51	2000	3000	3333	9955	2	0.99100	1.10447	3.61860		
00:09:01	2000	3000	3333	9955	2	0.99100	1.10446	3.62047		
00:09:12	2000	3000	3333	9955	2	0.99100	1.10426	3.61761		
00:09:22	2000	3000	3333	9955	2	0.99100	1.10441	3.61880		
00:09:32	2000	3000	3333	9955	2	0.99100	1.10420	3.62038		
00:09:42	2000	3000	3333	9955	2	0.99100	1.10409	3.61506		
00:09:52	2000	3000	3333	9955	2	0.99100	1.10428	3.61566		
00:10:02	2000	3000	3333	9955	2	0.99100	1.10455	3.62457		
00:10:12	2000	3000	3333	9955	2	0.99100	1.10440	3.62121		
00:10:22	2000	3000	3333	9955	2	0.99100	1.10416	3.61794		
00:10:32	2000	3000	3333	9955	2	0.99100	1.10421	3.61859		
00:10:42	2000	3000	3333	9955	2	0.99100	1.10434	3.61743		
00:10:52	2000	3000	3333	9955	2	0.99100	1.10422	3.61896		
00:11:02	2000	3000	3333	9955	2	0.99100	1.10452	3.61963		
00:11:12	2000	3000	3333	9955	2	0.99100	1.10403	3.61785		
00:11:23	2000	3000	3333	9955	2	0.99100	1.10440	3.62973		
00:11:33	2000	3000	3333	9955	2	0.99100	1.10473	3.63530		
00:11:43	2000	3000	3333	9955	2	0.99100	1.10454	3.63064		
00:11:53	2000	3000	3333	9955	2	0.99100	1.10477	3.63888		
00:12:03	2000	3000	3333	9955	2	0.99100	1.10453	3.63398		
00:12:13	2000	3000	3333	9955	2	0.99100	1.10426	3.63371		
00:12:23	2000	3000	3333	9955	2	0.99100	1.10449	3.63339		
00:12:33	2000	3000	3333	9955	2	0.99100	1.10410	3.63270		
00:12:43	2000	3000	3333	9955	2	0.99100	1.10429	3.63056		
00:12:53	2000	3000	3333	9955	2	0.99100	1.10398	3.62737		
00:13:03	2000	3000	3333	9955	2	0.99100	1.10351	3.62686		
00:13:13	2000	3000	3333	9955	2	0.99100	1.10331	3.63135		
00:13:23	2000	3000	3333	9955	2	0.99100	1.10329	3.62902		
00:13:33	2000	3000	3333	9955	2	0.99100	1.10322	3.63247		
00:13:44	2000	3000	3333	9955	2	0.99100	1.10319	3.63199		
00:13:54	2000	3000	3333	9955	2	0.99100	1.10335	3.62755		
00:14:04	2000	3000	3333	9955	2	0.99100	1.10367	3.62653		
00:14:14	2000	3000	3333	9955	2	0.99100	1.10296	3.62191		
00:14:24	2000	3000	3333	9955	2	0.99100	1.10290	3.62337		
00:14:34	2000	3000	3333	9955	2	0.99100	1.10305	3.61980		
00:14:44	2000	3000	3333	9955	2	0.99100	1.10387	3.62235		
00:14:54	2000	3000	3333	9955	2	0.99100	1.10453	3.62450		
00:15:04	2000	3000	3333	9955	2	0.99100	1.10443	3.62402		
00:15:14	2000	3000	3333	9955	2	0.99100	1.10430	3.62454		
00:15:24	2000	3000	3333	9955	2	0.99100	1.10447	3.63253		
00:15:34	2000	3000	3333	9955	2	0.99100	1.10446	3.62878		
00:15:44	2000	3000	3333	9955	2	0.99100	1.10419	3.63355		
00:15:55	2000	3000	3333	9955	2	0.99100	1.10419	3.63678		
00:16:05	2000	3000	3333	9955	2	0.99100	1.10396	3.63243		
00:16:15	2000	3000	3333	9955	2	0.99100	1.10361	3.63277		
00:16:25	2000	3000	3333	9955	2	0.99100	1.10325	3.64015		
00:16:35	2000	3000	3333	9955	2	0.99100	1.10345	3.64146		
00:16:45	2000	3000	3333	9955	2	0.99100	1.10340	3.63785		
00:16:55	2000	3000	3333	9955	2	0.99100	1.10370	3.63922		
00:17:05	2000	3000	3333	9955	2	0.99100	1.10366	3.63663		
00:17:15	2000	3000	3333	9955	2	0.99100	1.10352	3.63608		
00:17:25	2000	3000	3333	9955	2	0.99100	1.10391	3.63844		
00:17:35	2000	3000	3333	9955	2	0.99100	1.10367	3.63512		
00:17:45	2000	3000	3333	9955	2	0.99100	1.10309	3.63365		
00:17:55	2000	3000	3333	9955	2	0.99100	1.10314	3.62998		
00:18:06	2000	3000	3333	9955	2	0.99100	1.10316	3.63015		
00:18:16	2000	3000	3333	9955	2	0.99100	1.10316	3.62855		
00:18:26	2000	3000	3333	9955	2	0.99100	1.10278	3.63022		
00:18:36	2000	3000	3333	9955	2	0.99100	1.10289	3.63147		
00:18:46	2000	3000	3333	9955	2	0.99100	1.10285	3.62702		
00:18:56	2000	3000	3333	9955	2	0.99100	1.10276	3.62389		
00:19:06	2000	3000	3333	9955	2	0.99100	1.10284	3.62560		
00:19:16	2000	3000	3333	9955	2	0.99100	1.10273	3.62452		
00:19:26	2000	3000	3333	9955	2	0.99100	1.10279	3.62231		
00:19:36	2000	3000	3333	9955	2	0.99100	1.10243	3.61773		
00:19:46	2000	3000	3333	9955	2	0.99100	1.10276	3.61893		
00:19:56	2000	3000	3333	9955	2	0.99100	1.10258	3.61782		
00:20:07	2000	3000	3333	9955	2	0.99100	1.10262	3.61774		
00:20:17	2000	3000	3333	9955	2	0.99100	1.10248	3.61617		
00:20:27	2000	3000	3333	9955	2	0.99100	1.10271	3.61678		
00:20:37	2000	3000	3333	9955	2	0.99100	1.10239	3.61519		
00:20:47	2000	3000	3333	9955	2	0.99100	1.10274	3.61788		
00:20:58	2000	3000	3333	9955	2	0.99100	1.10264	3.62117		
00:21:08	2000	3000	3333	9955	2	0.99100	1.10301	3.62524		
00:21:18	2000	3000	3333	9955	2	0.99100	1.10356	3.62698		
00:21:28	2000	3000	3333	9955	2	0.99100	1.10333	3.62646		
00:21:38	2000	3000	3333	9955	2	0.99100	1.10363	3.63189		
00:21:48	2000	3000	3333	9955	2	0.99100	1.10343	3.62897		
00:21:59	2000	3000	3333	9955	2	0.99100	1.10375	3.62941		
00:22:09	2000	3000	3333	9955	2	0.99100	1.10376	3.62677		
00:22:19	2000	3000	3333	9955	2	0.99100	1.10357	3.62743		
00:22:29	2000	3000	3333	9955	2	0.99100	1.10363	3.63421		
00:22:39	2000	3000	3333	9955	2	0.99100	1.10350	3.63597		
00:22:50	2000	3000	3333	9955	2	0.99100	1.10362	3.63716		
00:23:00	2000	3000	3333	9955	2	0.99100	1.10386	3.63665		
00:23:10	2000	3000	3333	9955	2	0.99100	1.10388	3.63467		
00:23:20	2000	3000	3333	9955	2	0.99100	1.10387	3.63607		
00:23:30	2000	3000	3333	9955	2	0.99100	1.10396	3.63713		
00:23:41	2000	3000	3333	9955	2	0.99100	1.10415	3.63648		
00:23:51	2000	3000	3333	9955	2	0.99100	1.10388	3.63619		
00:24:01	2000	3000	3333	9955	2	0.99100	1.10395	3.63346		
00:24:11	2000	3000	3333	9955	2	0.99100	1.10373	3.63231		
00:24:21	2000	3000	3333	9955	2	0.99100	1.10386	3.63089		
00:24:32	2000	3000	3333	9955	2	0.99100	1.10363	3.62910		
00:24:42	2000	3000	3333	9955	2	0.99100	1.10412	3.62502		
00:24:52	2000	3000	3333	9955	2	0.99100	1.10410	3.62912		
00:25:02	2000	3000	3333	9955	2	0.99100	1.10398	3.62637		
00:25:12	2000	3000	3333	9955	3	0.99100	1.10409	3.62549		
00:25:23	2000	3000	3333	9955	4	0.99100	1.10391	3.63197		
00:25:33	2000	3000	3333	9955	5	0.99100	1.10373	3.63245		
00:25:43	2000	3000	3333	9955	5	0.99100	1.10376	3.62944		
00:25:53	2000	3000	3333	9955	6	0.99100	1.10366	3.61953		
00:26:03	2000	3000	3333	9955	6	0.99100	1.10405	3.62756		
00:26:13	2000	3000	3333	9955	7	0.99100	1.10401	3.62859		
00:26:24	2000	3000	3333	9955	8	0.99100	1.10385	3.62869		
00:26:34	2000	3000	3333	9955	9	0.99100	1.10404	3.62837		
00:26:44	2000	3000	3333	9955	10	0.99100	1.10398	3.62568		
00:26:54	2000	3000	3333	9955	12	0.99100	1.10411	3.62886		
00:27:04	2000	3000	3333	9955	12	0.99100	1.10406	3.62845		
00:27:15	2000	3000	3333	9955	13	0.99100	1.10399	3.62546		
00:27:25	2000	3000	3333	9955	14	0.99100	1.10419	3.62539		
00:27:35	2000	3000	3333	9955	15	0.99100	1.10420	3.62456		
00:27:45	2000	3000	3333	9955	16	0.99100	1.10433	3.62195		
00:27:55	2000	3000	3333	9955	17	0.99100	1.10449	3.62767		
00:28:06	2000	3000	3333	9955	18	0.99100	1.10425	3.62398		
00:28:16	2000	3000	3333	9955	19	0.99100	1.10461	3.62595		
00:28:26	2000	3000	3333	9955	20	0.99100	1.10466	3.62647		
00:28:36	2000	3000	3333	9955	21	0.99100	1.10456	3.62494		
00:28:46	2000	3000	3333	9955	22	0.99100	1.10461	3.62301		
00:28:57	2000	3000	3333	9955	23	0.99100	1.10454	3.62254		
00:29:07	2000	3000	3333	9955	24	0.99100	1.10450	3.62732		
00:29:17	2000	3000	3333	9955	25	0.99100	1.10444	3.62685		
00:29:27	2000	3000	3333	9955	26	0.99100	1.10436	3.62843		
00:29:37	2000	3000	3333	9955	29	0.99100	1.10473	3.62901		
00:29:47	2000	3000	3333	9955	29	0.99100	1.10483	3.62845		
00:29:57	2000	3000	3333	9955	31	0.99100	1.10474	3.62720		
00:30:07	2000	3000	3333	9955	31	0.99100	1.10427	3.62599		
00:30:17	2000	3000	3333	9955	32	0.99100	1.10480	3.62865		
00:30:27	2000	3000	3333	9955	33	0.99100	1.10419	3.62730		
00:30:37	2000	3000	3333	9955	34	0.99100	1.10413	3.62683		
00:30:47	2000	3000	3333	9955	35	0.99100	1.10432	3.62586		
00:30:58	2000	3000	3333	9955	36	0.99100	1.10444	3.62690		
00:31:08	2000	3000	3333	9955	36	0.99100	1.10486	3.63098		
