

			DELHI AIRPORT : 30 m Base line


Time	RVR	 MOR	RVR	MOR	BLM	Trf	 Ref(v)	PD(v)
	(limited)	(limited)	(actual)	(actual)

00:00:10	2000	1500	3333	1552	2	0.94365	1.02625	3.97229		
00:00:20	2000	1500	3333	1538	2	0.94317	1.02633	3.97039		
00:00:30	2000	1500	3333	1523	2	0.94260	1.02645	3.96819		
00:00:40	2000	1500	3333	1530	2	0.94286	1.02619	3.96839		
00:00:50	2000	1500	3333	1511	2	0.94218	1.02623	3.96538		
00:01:00	2000	1500	3333	1493	2	0.94151	1.02629	3.96249		
00:01:10	2000	1500	3333	1551	2	0.94362	1.02619	3.97193		
00:01:20	2000	1500	3333	1532	2	0.94294	1.02616	3.96865		
00:01:30	2000	1500	3333	1581	2	0.94468	1.02612	3.97654		
00:01:40	2000	1500	3333	1574	2	0.94443	1.02608	3.97524		
00:01:50	2000	1500	3333	1557	2	0.94384	1.02604	3.97234		
00:02:00	2000	1500	3333	1558	2	0.94386	1.02564	3.97091		
00:02:10	2000	1500	3333	1551	2	0.94363	1.02607	3.97152		
00:02:20	2000	1500	3333	1539	2	0.94321	1.02602	3.96937		
00:02:30	2000	1500	3333	1538	2	0.94317	1.02611	3.96952		
00:02:40	2000	1500	3333	1498	2	0.94169	1.02612	3.96271		
00:02:50	2000	1500	3333	1488	2	0.94130	1.02652	3.96242		
00:03:00	2000	1500	3333	1489	2	0.94135	1.02658	3.96289		
00:03:10	2000	1500	3333	1489	2	0.94136	1.02673	3.96351		
00:03:20	2000	1500	3333	1489	2	0.94133	1.02643	3.96223		
00:03:30	2000	1400	3333	1502	2	0.94185	1.02658	3.96519		
00:03:40	2000	1400	3333	1521	2	0.94253	1.02668	3.96875		
00:03:50	2000	1400	3333	1497	2	0.94166	1.02677	3.96508		
00:04:00	2000	1400	3333	1543	2	0.94333	1.02668	3.97245		
00:04:10	2000	1500	3333	1575	2	0.94445	1.02640	3.97656		
00:04:20	2000	1500	3333	1573	2	0.94440	1.02631	3.97599		
00:04:30	2000	1500	3333	1551	2	0.94361	1.02667	3.97374		
00:04:40	2000	1500	3333	1532	2	0.94296	1.02699	3.97194		
00:04:50	2000	1500	3333	1485	2	0.94120	1.02697	3.96371		
00:05:00	2000	1500	3333	1496	2	0.94160	1.02720	3.96645		
00:05:10	2000	1500	3333	1509	2	0.94210	1.02715	3.96857		
00:05:20	2000	1500	3333	1506	2	0.94199	1.02729	3.96861		
00:05:30	2000	1500	3333	1492	2	0.94147	1.02691	3.96470		
00:05:40	2000	1500	3333	1523	2	0.94260	1.02717	3.97098		
00:05:50	2000	1500	3333	1465	2	0.94042	1.02719	3.96092		
00:06:00	2000	1400	3333	1445	2	0.93961	1.02704	3.95657		
00:06:10	2000	1400	3333	1415	2	0.93840	1.02695	3.95060		
00:06:20	2000	1400	3333	1391	2	0.93734	1.02735	3.94724		
00:06:30	2000	1400	3333	1495	2	0.94158	1.02739	3.96708		
00:06:40	2000	1400	3333	1464	2	0.94039	1.02743	3.96173		
00:06:50	2000	1400	3333	1438	2	0.93934	1.02697	3.95506		
00:07:00	2000	1400	3333	1408	2	0.93810	1.02696	3.94925		
00:07:10	2000	1400	3333	1438	2	0.93933	1.02740	3.95669		
00:07:20	2000	1400	3333	1386	2	0.93712	1.02739	3.94637		
00:07:30	2000	1400	3333	1397	2	0.93763	1.02761	3.94957		
00:07:40	2000	1400	3333	1436	2	0.93923	1.02764	3.95713		
00:07:50	2000	1400	3333	1459	2	0.94018	1.02741	3.96066		
00:08:00	2000	1400	3333	1409	2	0.93812	1.02687	3.94901		
00:08:10	2000	1400	3333	1377	2	0.93674	1.02724	3.94404		
00:08:20	2000	1400	3333	1373	2	0.93655	1.02732	3.94344		
00:08:30	2000	1400	3333	1407	2	0.93804	1.02699	3.94911		
00:08:40	2000	1400	3333	1409	2	0.93814	1.02703	3.94972		
00:08:50	2000	1400	3333	1366	2	0.93624	1.02705	3.94098		
00:09:00	2000	1300	3333	1352	2	0.93560	1.02734	3.93913		
00:09:10	2000	1300	3333	1333	2	0.93470	1.02756	3.93577		
00:09:20	2000	1300	3333	1348	2	0.93543	1.02768	3.93961		
00:09:30	2000	1300	3333	1362	2	0.93608	1.02739	3.94152		
00:09:40	2000	1300	3333	1377	2	0.93671	1.02741	3.94455		
00:09:50	2000	1300	3333	1409	2	0.93811	1.02728	3.95056		
00:10:00	2000	1300	3333	1394	2	0.93747	1.02723	3.94738		
00:10:10	2000	1300	3333	1354	2	0.93568	1.02733	3.93947		
00:10:20	2000	1300	3333	1358	2	0.93586	1.02747	3.94084		
00:10:30	2000	1300	3333	1351	2	0.93553	1.02745	3.93922		
00:10:40	2000	1300	3333	1361	2	0.93600	1.02778	3.94266		
00:10:50	2000	1300	3333	1357	2	0.93583	1.02765	3.94136		
00:11:00	2000	1300	3333	1364	2	0.93616	1.02752	3.94242		
00:11:10	2000	1300	3333	1364	2	0.93617	1.02718	3.94113		
00:11:20	2000	1300	3333	1353	2	0.93564	1.02741	3.93955		
00:11:30	2000	1300	3333	1371	2	0.93648	1.02763	3.94434		
00:11:40	2000	1300	3333	1371	2	0.93646	1.02751	3.94377		
00:11:50	2000	1300	3333	1371	2	0.93646	1.02751	3.94377		
00:12:00	2000	1300	3333	1383	2	0.93699	1.02750	3.94619		
00:12:10	2000	1300	3333	1391	2	0.93736	1.02764	3.94844		
00:12:20	2000	1300	3333	1429	2	0.93895	1.02749	3.95524		
00:12:30	2000	1300	3333	1406	2	0.93800	1.02750	3.95087		
00:12:40	2000	1300	3333	1439	2	0.93936	1.02781	3.95837		
00:12:50	2000	1400	3333	1433	2	0.93913	1.02775	3.95711		
00:13:00	2000	1400	3333	1447	2	0.93968	1.02746	3.95853		
00:13:10	2000	1400	3333	1447	2	0.93968	1.02770	3.95945		
00:13:20	2000	1400	3333	1449	2	0.93977	1.02740	3.95872		
00:13:30	2000	1400	3333	1455	2	0.94001	1.02758	3.96052		
00:13:40	2000	1400	3333	1469	2	0.94058	1.02750	3.96285		
00:13:50	2000	1400	3333	1460	2	0.94020	1.02765	3.96169		
00:14:00	2000	1400	3333	1455	2	0.94000	1.02777	3.96122		
00:14:10	2000	1400	3333	1474	2	0.94076	1.02750	3.96369		
00:14:20	2000	1400	3333	1486	2	0.94124	1.02703	3.96413		
00:14:30	2000	1400	3333	1481	2	0.94104	1.02718	3.96378		
00:14:40	2000	1400	3333	1492	2	0.94147	1.02645	3.96294		
00:14:50	2000	1400	3333	1487	2	0.94128	1.02713	3.96469		
00:15:00	2000	1400	3333	1493	2	0.94149	1.02697	3.96504		
00:15:10	2000	1400	3333	1509	2	0.94208	1.02696	3.96776		
00:15:20	2000	1400	3333	1513	2	0.94224	1.02720	3.96941		
00:15:30	2000	1400	3333	1512	2	0.94222	1.02713	3.96905		
00:15:40	2000	1500	3333	1492	2	0.94146	1.02705	3.96522		
00:15:50	2000	1400	3333	1479	2	0.94097	1.02703	3.96286		
00:16:00	2000	1500	3333	1503	2	0.94186	1.02684	3.96627		
00:16:10	2000	1400	3333	1478	2	0.94094	1.02689	3.96218		
00:16:20	2000	1400	3333	1452	2	0.93990	1.02669	3.95658		
00:16:30	2000	1400	3333	1473	2	0.94074	1.02719	3.96241		
00:16:40	2000	1400	3333	1473	2	0.94074	1.02719	3.96241		
00:16:50	2000	1400	3333	1391	2	0.93737	1.02719	3.94675		
00:17:00	2000	1400	3333	1401	2	0.93776	1.02730	3.94900		
00:17:10	2000	1400	3333	1382	2	0.93693	1.02706	3.94423		
00:17:20	2000	1400	3333	1384	2	0.93703	1.02713	3.94495		
00:17:30	2000	1400	3333	1391	2	0.93737	1.02724	3.94694		
00:17:40	2000	1300	3333	1392	2	0.93738	1.02724	3.94701		
00:17:50	2000	1300	3333	1382	2	0.93695	1.02711	3.94449		
00:18:00	2000	1300	3333	1382	2	0.93695	1.02711	3.94449		
00:18:10	2000	1300	3333	1385	2	0.93710	1.02704	3.94492		
00:18:20	2000	1300	3333	1392	2	0.93740	1.02704	3.94632		
00:18:30	2000	1300	3333	1345	2	0.93529	1.02714	3.93689		
00:18:40	2000	1300	3333	1369	2	0.93638	1.02699	3.94140		
00:18:50	2000	1300	3333	1351	2	0.93554	1.02676	3.93660		
00:19:00	2000	1300	3333	1341	2	0.93507	1.02652	3.93351		
00:19:10	2000	1300	3333	1323	2	0.93423	1.02659	3.92988		
00:19:20	2000	1300	3333	1321	2	0.93413	1.02668	3.92978		
00:19:30	2000	1300	3333	1302	2	0.93322	1.02695	3.92657		
00:19:40	2000	1300	3333	1300	2	0.93313	1.02692	3.92602		
00:19:50	2000	1300	3333	1302	2	0.93319	1.02720	3.92737		
00:20:00	2000	1300	3333	1279	2	0.93204	1.02743	3.92291		
00:20:10	2000	1200	3333	1273	2	0.93174	1.02732	3.92111		
00:20:20	2000	1200	3333	1265	2	0.93133	1.02733	3.91924		
00:20:30	2000	1200	3333	1265	2	0.93131	1.02722	3.91874		
00:20:40	2000	1200	3333	1260	2	0.93105	1.02710	3.91707		
00:20:50	2000	1200	3333	1255	2	0.93080	1.02705	3.91573		
00:21:00	2000	1200	3333	1261	2	0.93112	1.02684	3.91639		
00:21:10	2000	1200	3332	1261	2	0.93112	1.02684	3.91639		
00:21:20	2000	1200	3332	1261	2	0.93109	1.02688	3.91643		
00:21:30	2000	1200	3325	1250	2	0.93051	1.02725	3.91511		
00:21:40	2000	1200	3321	1250	2	0.93055	1.02733	3.91560		
00:21:50	2000	1200	3313	1230	2	0.92946	1.02719	3.91002		
00:22:00	2000	1200	3302	1229	2	0.92940	1.02710	3.90942		
00:22:10	2000	1200	3287	1219	2	0.92882	1.02715	3.90690		
00:22:20	2000	1200	3274	1224	2	0.92909	1.02704	3.90773		
00:22:30	2000	1200	3274	1222	2	0.92902	1.02703	3.90738		
00:22:40	2000	1200	3255	1224	2	0.92911	1.02684	3.90705		
00:22:50	2000	1200	3255	1210	2	0.92831	1.02704	3.90411		
00:23:00	2000	1200	3247	1224	2	0.92911	1.02707	3.90793		
00:23:10	2000	1200	3247	1223	2	0.92907	1.02680	3.90671		
00:23:20	2000	1200	3249	1229	2	0.92941	1.02655	3.90736		
00:23:30	2000	1200	3249	1216	2	0.92868	1.02697	3.90556		
00:23:40	2000	1200	3247	1225	2	0.92917	1.02686	3.90743		
00:23:50	2000	1200	3247	1229	2	0.92940	1.02696	3.90889		
00:24:00	2000	1200	3254	1227	2	0.92928	1.02713	3.90896		
00:24:10	2000	1200	3257	1228	2	0.92934	1.02714	3.90929		
00:24:20	2000	1200	3258	1231	2	0.92951	1.02739	3.91102		
00:24:30	2000	1200	3258	1229	2	0.92939	1.02749	3.91086		
00:24:40	2000	1200	3257	1211	2	0.92835	1.02742	3.90575		
00:24:50	2000	1200	3248	1205	2	0.92804	1.02742	3.90430		
00:25:00	2000	1200	3248	1203	2	0.92790	1.02758	3.90427		
00:25:10	2000	1200	3234	1213	2	0.92848	1.02758	3.90698		
00:25:20	2000	1200	3224	1203	2	0.92792	1.02746	3.90392		
00:25:30	2000	1200	3214	1200	2	0.92774	1.02714	3.90187		
00:25:40	2000	1200	3212	1205	2	0.92805	1.02733	3.90400		
00:25:50	2000	1200	3212	1208	2	0.92818	1.02752	3.90532		
00:26:00	2000	1200	3213	1198	2	0.92762	1.02767	3.90330		
00:26:10	2000	1200	3207	1201	2	0.92782	1.02729	3.90280		
00:26:20	2000	1200	3206	1201	2	0.92778	1.02756	3.90363		
00:26:30	2000	1150	3204	1192	2	0.92730	1.02734	3.90057		
00:26:40	2000	1150	3204	1190	2	0.92718	1.02729	3.89984		
00:26:50	2000	1150	3197	1203	2	0.92791	1.02696	3.90194		
00:27:00	2000	1150	3197	1197	2	0.92759	1.02685	3.90007		
00:27:10	2000	1150	3196	1200	2	0.92772	1.02653	3.89944		
00:27:20	2000	1150	3198	1208	2	0.92818	1.02678	3.90251		
00:27:30	2000	1150	3198	1209	2	0.92828	1.02642	3.90161		
00:27:40	2000	1200	3208	1202	2	0.92784	1.02672	3.90072		
00:27:50	2000	1200	3208	1198	2	0.92765	1.02726	3.90189		
00:28:00	2000	1200	3204	1189	2	0.92708	1.02711	3.89867		
00:28:10	2000	1200	3213	1225	2	0.92915	1.02725	3.90882		
00:28:20	2000	1200	3218	1222	2	0.92901	1.02697	3.90709		
00:28:30	2000	1200	3218	1227	2	0.92925	1.02722	3.90918		
00:28:40	2000	1200	3234	1229	2	0.92941	1.02754	3.91113		
00:28:50	2000	1200	3242	1220	2	0.92888	1.02728	3.90766		
00:29:00	2000	1200	3253	1221	2	0.92892	1.02739	3.90829		
00:29:10	2000	1200	3249	1213	2	0.92851	1.02752	3.90689		
00:29:20	2000	1200	3249	1208	2	0.92820	1.02742	3.90503		
00:29:30	2000	1200	3237	1207	2	0.92813	1.02743	3.90476		
00:29:40	2000	1200	3232	1217	2	0.92874	1.02727	3.90697		
00:29:50	2000	1200	3232	1221	2	0.92895	1.02722	3.90777		
00:30:00	2000	1200	3235	1228	2	0.92930	1.02730	3.90972		
00:30:10	2000	1200	3230	1199	2	0.92768	1.02731	3.90222		
00:30:20	2000	1200	3230	1209	2	0.92829	1.02735	3.90520		
00:30:30	2000	1200	3231	1211	2	0.92837	1.02729	3.90534		
00:30:40	2000	1200	3228	1206	2	0.92811	1.02650	3.90115		
00:30:50	2000	1200	3224	1209	2	0.92828	1.02711	3.90425		
00:31:00	2000	1200	3224	1220	2	0.92887	1.02710	3.90693		
00:31:10	2000	1200	3233	1230	2	0.92945	1.02755	3.91137		
00:31:20	2000	1200	3233	1226	2	0.92923	1.02757	3.91039		
00:31:30	2000	1200	3244	1227	2	0.92928	1.02746	3.91023		
00:31:40	2000	1200	3253	1231	2	0.92952	1.02778	3.91256		
00:31:50	2000	1200	3253	1233	2	0.92958	1.02764	3.91232		
00:32:00	2000	1200	3261	1235	2	0.92971	1.02797	3.91416		
00:32:10	2000	1200	3265	1226	2	0.92922	1.02807	3.91224		
00:32:20	2000	1200	3257	1203	2	0.92791	1.02790	3.90552		
00:32:30	2000	1200	3257	1229	2	0.92937	1.02732	3.91011		
00:32:40	2000	1200	3260	1237	2	0.92985	1.02734	3.91240		
00:32:50	2000	1200	3260	1234	2	0.92965	1.02761	3.91252		
00:33:00	2000	1200	3257	1226	2	0.92920	1.02766	3.91063		
00:33:10	2000	1200	3260	1237	2	0.92980	1.02769	3.91352		
00:33:20	2000	1200	3260	1237	2	0.92983	1.02783	3.91416		
00:33:30	2000	1200	3274	1232	2	0.92956	1.02768	3.91235		
00:33:40	2000	1200	3268	1221	2	0.92894	1.02727	3.90792		
00:33:50	2000	1200	3265	1226	2	0.92923	1.02727	3.90927		
00:34:00	2000	1200	3269	1238	2	0.92986	1.02725	3.91210		
00:34:10	2000	1200	3264	1221	2	0.92892	1.02732	3.90800		
00:34:20	2000	1200	3256	1216	2	0.92868	1.02725	3.90663		
00:34:30	2000	1200	3254	1225	2	0.92915	1.02769	3.91051		
00:34:40	2000	1200	3247	1203	2	0.92791	1.02752	3.90407		
00:34:50	2000	1200	3247	1226	2	0.92925	1.02766	3.91082		
00:35:00	2000	1200	3244	1229	2	0.92939	1.02779	3.91200		
00:35:10	2000	1200	3244	1194	2	0.92737	1.02753	3.90160		
00:35:20	2000	1200	3241	1234	2	0.92965	1.02744	3.91188		
00:35:30	2000	1200	3241	1244	2	0.93021	1.02766	3.91528		
00:35:40	2000	1200	3248	1245	2	0.93027	1.02759	3.91530		
00:35:50	2000	1200	3269	1243	2	0.93014	1.02769	3.91511		
00:36:00	2000	1200	3269	1249	2	0.93046	1.02759	3.91619		
00:36:10	2000	1200	3299	1261	2	0.93111	1.02713	3.91745		
00:36:20	2000	1200	3299	1275	2	0.93184	1.02759	3.92259		
00:36:30	2000	1200	3323	1270	2	0.93160	1.02747	3.92104		
00:36:40	2000	1200	3333	1280	2	0.93209	1.02727	3.92253		
00:36:50	2000	1200	3333	1289	2	0.93257	1.02740	3.92526		
00:37:00	2000	1200	3333	1296	2	0.93291	1.02724	3.92624		
00:37:10	2000	1200	3333	1293	2	0.93276	1.02703	3.92472		
00:37:20	2000	1200	3333	1286	2	0.93242	1.02692	3.92276		
00:37:30	2000	1200	3333	1271	2	0.93166	1.02692	3.91923		
00:37:40	2000	1200	3333	1256	2	0.93085	1.02716	3.91638		
00:37:50	2000	1200	3333	1267	2	0.93146	1.02731	3.91975		
00:38:00	2000	1200	3333	1275	2	0.93183	1.02727	3.92132		
00:38:10	2000	1200	3333	1295	2	0.93285	1.02748	3.92688		
00:38:20	2000	1200	3333	1309	2	0.93355	1.02649	3.92636		
00:38:30	2000	1200	3333	1282	2	0.93221	1.02704	3.92221		
00:38:40	2000	1200	3333	1278	2	0.93202	1.02655	3.91945		
00:38:50	2000	1200	3333	1298	2	0.93303	1.02697	3.92575		
00:39:00	2000	1200	3333	1291	2	0.93264	1.02687	3.92358		
00:39:10	2000	1200	3333	1290	2	0.93262	1.02705	3.92417		
00:39:20	2000	1200	3333	1305	2	0.93335	1.02722	3.92822		
00:39:30	2000	1200	3333	1311	2	0.93365	1.02756	3.93088		
00:39:40	2000	1200	3333	1308	2	0.93352	1.02714	3.92868		
00:39:50	2000	1200	3333	1312	2	0.93371	1.02723	3.92994		
00:40:00	2000	1300	3333	1331	2	0.93460	1.02708	3.93346		
00:40:10	2000	1300	3333	1300	2	0.93310	1.02710	3.92658		
00:40:20	2000	1300	3333	1312	2	0.93369	1.02724	3.92987		
00:40:30	2000	1300	3333	1304	2	0.93330	1.02753	3.92918		
00:40:40	2000	1300	3333	1311	2	0.93366	1.02762	3.93118		
00:40:50	2000	1300	3333	1297	2	0.93295	1.02766	3.92805		
00:41:00	2000	1300	3333	1309	2	0.93358	1.02759	3.93068		
00:41:10	2000	1300	3333	1300	2	0.93311	1.02767	3.92882		
00:41:20	2000	1300	3333	1305	2	0.93335	1.02768	3.92996		
00:41:30	2000	1300	3333	1308	2	0.93352	1.02780	3.93122		
00:41:40	2000	1300	3333	1328	2	0.93446	1.02789	3.93594		
00:41:50	2000	1300	3333	1332	2	0.93468	1.02787	3.93687		
00:42:00	2000	1300	3333	1325	2	0.93433	1.02789	3.93531		
00:42:10	2000	1300	3333	1315	2	0.93385	1.02761	3.93204		
00:42:20	2000	1300	3333	1304	2	0.93332	1.02778	3.93020		
00:42:30	2000	1300	3333	1308	2	0.93348	1.02796	3.93166		
00:42:40	2000	1300	3333	1298	2	0.93302	1.02798	3.92957		
00:42:50	2000	1300	3333	1272	2	0.93167	1.02793	3.92311		
00:43:00	2000	1200	3333	1260	2	0.93108	1.02773	3.91963		
00:43:10	2000	1200	3333	1277	2	0.93196	1.02778	3.92389		
00:43:20	2000	1200	3333	1259	2	0.93100	1.02796	3.92011		
00:43:30	2000	1200	3333	1256	2	0.93085	1.02747	3.91756		
00:43:40	2000	1200	3333	1246	2	0.93033	1.02761	3.91569		
00:43:50	2000	1200	3320	1236	2	0.92975	1.02758	3.91286		
00:44:00	2000	1200	3320	1260	2	0.93104	1.02774	3.91946		
00:44:10	2000	1200	3328	1300	2	0.93312	1.02770	3.92899		
00:44:20	2000	1200	3333	1300	2	0.93312	1.02770	3.92899		
00:44:30	2000	1200	3333	1308	2	0.93349	1.02771	3.93073		
00:44:40	2000	1200	3333	1319	2	0.93404	1.02740	3.93210		
00:44:50	2000	1300	3333	1321	2	0.93412	1.02775	3.93379		
00:45:00	2000	1300	3333	1292	2	0.93270	1.02782	3.92748		
00:45:10	2000	1200	3333	1251	2	0.93056	1.02675	3.91345		
00:45:20	2000	1200	3333	1258	2	0.93098	1.02667	3.91511		
00:45:30	2000	1200	3333	1258	2	0.93095	1.02723	3.91712		
00:45:40	2000	1200	3333	1237	2	0.92981	1.02756	3.91306		
00:45:50	2000	1200	3317	1230	2	0.92945	1.02746	3.91102		
00:46:00	2000	1200	3293	1225	2	0.92914	1.02739	3.90932		
00:46:10	2000	1200	3293	1217	2	0.92873	1.02737	3.90734		
00:46:20	2000	1200	3265	1212	2	0.92842	1.02716	3.90508		
00:46:30	2000	1200	3245	1202	2	0.92784	1.02746	3.90352		
00:46:40	2000	1200	3223	1175	2	0.92625	1.02755	3.89648		
00:46:50	2000	1200	3213	1201	2	0.92778	1.02746	3.90327		
00:47:00	2000	1200	3213	1199	2	0.92770	1.02741	3.90269		
00:47:10	2000	1200	3197	1197	2	0.92757	1.02736	3.90190		
00:47:20	2000	1150	3190	1192	2	0.92728	1.02714	3.89973		
00:47:30	2000	1150	3186	1193	2	0.92734	1.02720	3.90021		
00:47:40	2000	1150	3193	1193	2	0.92735	1.02755	3.90158		
00:47:50	2000	1150	3191	1194	2	0.92740	1.02774	3.90254		
00:48:00	2000	1150	3194	1209	2	0.92824	1.02775	3.90648		
00:48:10	2000	1150	3192	1192	2	0.92730	1.02789	3.90264		
00:48:20	2000	1150	3192	1191	2	0.92720	1.02777	3.90173		
00:48:30	2000	1150	3193	1195	2	0.92748	1.02775	3.90296		
00:48:40	2000	1150	3187	1177	2	0.92641	1.02799	3.89889		
00:48:51	2000	1150	3187	1189	2	0.92713	1.02791	3.90192		
00:49:01	2000	1150	3178	1187	2	0.92698	1.02807	3.90183		
00:49:11	2000	1150	3178	1186	2	0.92692	1.02821	3.90211		
00:49:21	2000	1150	3174	1186	2	0.92689	1.02779	3.90039		
00:49:31	2000	1150	3174	1178	2	0.92646	1.02807	3.89944		
00:49:41	2000	1150	3165	1171	2	0.92604	1.02758	3.89561		
00:49:51	2000	1150	3156	1165	2	0.92564	1.02760	3.89383		
00:50:01	2000	1150	3151	1171	2	0.92605	1.02727	3.89448		
00:50:11	2000	1150	3144	1167	2	0.92578	1.02772	3.89495		
00:50:21	2000	1150	3142	1179	2	0.92650	1.02762	3.89792		
00:50:31	2000	1150	3141	1175	2	0.92628	1.02748	3.89634		
00:50:41	2000	1150	3136	1158	2	0.92525	1.02781	3.89281		
00:50:51	2000	1150	3138	1171	2	0.92601	1.02774	3.89610		
00:52:08	2000	1150	3136	1166	2	0.92574	1.02786	3.89531		
00:52:18	2000	1150	3139	1176	2	0.92631	1.02793	3.89820		
00:52:28	2000	1150	3139	1178	2	0.92643	1.02798	3.89896		
00:52:38	2000	1150	3134	1160	2	0.92533	1.02768	3.89270		
00:52:48	2000	1150	3134	1168	2	0.92583	1.02777	3.89538		
00:52:58	2000	1150	3141	1181	2	0.92663	1.02772	3.89891		
00:53:08	2000	1150	3146	1181	2	0.92663	1.02772	3.89891		
00:53:18	2000	1150	3149	1184	2	0.92681	1.02758	3.89921		
00:53:28	2000	1150	3160	1208	2	0.92822	1.02781	3.90661		
00:53:38	2000	1150	3160	1211	2	0.92839	1.02736	3.90571		
00:53:48	2000	1150	3178	1213	2	0.92850	1.02728	3.90591		
00:53:58	2000	1150	3202	1203	2	0.92790	1.02749	3.90393		
00:54:08	2000	1200	3206	1194	2	0.92737	1.02760	3.90190		
00:54:18	2000	1200	3211	1197	2	0.92758	1.02765	3.90304		
00:54:28	2000	1200	3211	1211	2	0.92836	1.02791	3.90765		
00:54:38	2000	1200	3212	1200	2	0.92777	1.02798	3.90517		
00:54:48	2000	1200	3209	1215	2	0.92859	1.02743	3.90690		
00:54:58	2000	1200	3209	1199	2	0.92771	1.02742	3.90278		
00:55:08	2000	1200	3206	1189	2	0.92707	1.02755	3.90031		
00:55:18	2000	1200	3206	1191	2	0.92723	1.02724	3.89986		
00:55:28	2000	1150	3204	1209	2	0.92827	1.02722	3.90463		
00:55:38	2000	1150	3200	1191	2	0.92723	1.02747	3.90073		
00:55:48	2000	1150	3194	1199	2	0.92767	1.02722	3.90183		
00:55:58	2000	1150	3197	1205	2	0.92805	1.02717	3.90341		
00:56:08	2000	1150	3199	1196	2	0.92751	1.02752	3.90223		
00:56:18	2000	1150	3201	1196	2	0.92751	1.02752	3.90223		
00:56:28	2000	1150	3201	1207	2	0.92816	1.02755	3.90537		
00:56:38	2000	1200	3208	1214	2	0.92856	1.02733	3.90636		
00:56:48	2000	1200	3212	1209	2	0.92829	1.02726	3.90485		
00:56:58	2000	1200	3214	1209	2	0.92829	1.02726	3.90485		
00:57:08	2000	1200	3217	1205	2	0.92803	1.02709	3.90300		
00:57:18	2000	1200	3237	1252	2	0.93065	1.02754	3.91691		
00:57:28	2000	1200	3237	1272	2	0.93167	1.02770	3.92224		
00:57:38	2000	1200	3279	1271	2	0.93164	1.02773	3.92220		
00:57:48	2000	1200	3310	1298	2	0.93300	1.02753	3.92777		
00:57:58	2000	1200	3333	1300	2	0.93312	1.02778	3.92928		
00:58:08	2000	1200	3333	1311	2	0.93364	1.02771	3.93143		
00:58:18	2000	1200	3333	1325	2	0.93435	1.02773	3.93479		
00:58:28	2000	1200	3333	1295	2	0.93285	1.02757	3.92721		
00:58:38	2000	1200	3333	1296	2	0.93290	1.02743	3.92692		
00:58:48	2000	1300	3333	1310	2	0.93361	1.02754	3.93066		
00:58:58	2000	1300	3333	1316	2	0.93390	1.02756	3.93206		
00:59:08	2000	1300	3333	1308	2	0.93352	1.02766	3.93068		
00:59:18	2000	1300	3333	1292	2	0.93270	1.02769	3.92700		
00:59:28	2000	1300	3333	1307	2	0.93347	1.02736	3.92930		
00:59:38	2000	1300	3333	1288	2	0.93249	1.02777	3.92631		
00:59:48	2000	1300	3333	1301	2	0.93316	1.02775	3.92936		
00:59:58	2000	1300	3333	1300	2	0.93310	1.02792	3.92972		
01:00:08	2000	1200	3333	1292	3	0.93271	1.02778	3.92737		
01:00:18	2000	1200	3333	1284	3	0.93230	1.02746	3.92423		
01:00:28	2000	1200	3328	1286	3	0.93240	1.02768	3.92554		
01:00:38	2000	1200	3328	1267	4	0.93142	1.02777	3.92133		
01:00:48	2000	1200	3286	1270	4	0.93158	1.02785	3.92241		
01:00:58	2000	1200	3198	1277	5	0.93193	1.02787	3.92408		
01:01:08	2000	1200	3165	1288	5	0.93253	1.02784	3.92679		
01:01:18	2000	1200	3165	1278	5	0.93202	1.02770	3.92385		
01:01:28	2000	1200	3135	1276	5	0.93190	1.02747	3.92245		
01:01:38	2000	1200	3092	1270	6	0.93157	1.02739	3.92061		
01:01:48	2000	1200	3075	1271	6	0.93163	1.02764	3.92184		
01:01:58	2000	1200	3056	1266	6	0.93136	1.02791	3.92160		
01:02:08	2000	1200	3035	1274	7	0.93180	1.02794	3.92378		
01:02:18	2000	1200	3020	1283	7	0.93226	1.02790	3.92573		
01:02:28	2000	1200	3020	1286	8	0.93243	1.02747	3.92487		
01:02:38	2000	1200	3004	1273	9	0.93175	1.02745	3.92165		
01:02:48	2000	1200	2964	1264	9	0.93125	1.02774	3.92045		
01:02:58	2000	1200	2964	1269	9	0.93151	1.02802	3.92271		
01:03:08	2000	1200	2948	1259	10	0.93102	1.02794	3.92011		
01:03:18	2000	1200	2925	1255	10	0.93080	1.02762	3.91791		
01:03:28	2000	1200	2875	1256	11	0.93085	1.02795	3.91938		
01:03:38	2000	1200	2875	1253	11	0.93069	1.02728	3.91606		
01:03:48	2000	1200	2858	1253	11	0.93069	1.02725	3.91599		
01:03:58	2000	1200	2827	1252	12	0.93066	1.02728	3.91592		
01:04:08	2000	1200	2817	1264	13	0.93126	1.02736	3.91902		
01:04:18	2000	1200	2817	1225	13	0.92919	1.02746	3.90978		
01:04:28	2000	1200	2798	1207	14	0.92812	1.02677	3.90222		
01:04:38	2000	1200	2772	1203	14	0.92794	1.02734	3.90353		
01:04:48	2000	1200	2723	1212	14	0.92845	1.02745	3.90631		
01:04:58	2000	1200	2700	1210	15	0.92829	1.02707	3.90415		
01:05:08	2000	1200	2700	1207	15	0.92813	1.02698	3.90307		
01:05:18	2000	1200	2660	1202	16	0.92787	1.02721	3.90274		
01:05:28	2000	1200	2660	1194	16	0.92739	1.02730	3.90083		
01:05:38	2000	1200	2642	1211	17	0.92836	1.02745	3.90589		
01:05:48	2000	1200	2642	1205	17	0.92804	1.02749	3.90456		
01:05:58	2000	1200	2621	1204	18	0.92798	1.02722	3.90328		
01:06:08	2000	1200	2609	1194	19	0.92741	1.02757	3.90193		
01:06:18	2000	1150	2598	1188	18	0.92704	1.02777	3.90097		
01:06:28	2000	1150	2592	1189	19	0.92709	1.02821	3.90290		
01:06:38	2000	1150	2582	1193	19	0.92733	1.02781	3.90247		
01:06:48	2000	1150	2570	1187	20	0.92700	1.02773	3.90066		
01:06:58	2000	1150	2570	1192	20	0.92729	1.02800	3.90303		
01:07:08	2000	1150	2550	1180	22	0.92657	1.02785	3.89909		
01:07:18	2000	1150	2542	1188	22	0.92702	1.02726	3.89897		
01:07:28	2000	1150	2535	1195	22	0.92743	1.02764	3.90231		
01:07:38	2000	1150	2530	1206	23	0.92808	1.02754	3.90494		
01:07:48	2000	1150	2530	1208	24	0.92819	1.02721	3.90419		
01:07:58	2000	1150	2527	1190	25	0.92718	1.02786	3.90198		
01:08:08	2000	1150	2517	1199	26	0.92769	1.02764	3.90351		
01:08:18	2000	1150	2510	1204	27	0.92797	1.02766	3.90488		
01:08:28	2000	1200	2506	1210	27	0.92834	1.02754	3.90616		
01:08:38	2000	1200	2499	1217	28	0.92874	1.02784	3.90916		
01:08:48	2000	1200	2491	1212	29	0.92846	1.02755	3.90673		
01:08:58	2000	1200	2486	1201	29	0.92780	1.02744	3.90328		
01:09:08	2000	1200	2482	1207	30	0.92813	1.02658	3.90154		
01:09:18	2000	1200	2479	1216	30	0.92863	1.02690	3.90508		
01:09:28	2000	1200	2473	1210	31	0.92834	1.02736	3.90549		
01:09:38	2000	1200	2469	1225	32	0.92914	1.02752	3.90979		
01:09:48	2000	1200	2469	1225	33	0.92917	1.02739	3.90944		
01:09:58	2000	1200	2464	1215	34	0.92861	1.02720	3.90612		
01:10:08	2000	1200	2464	1228	34	0.92934	1.02671	3.90763		
01:10:18	2000	1200	2464	1227	35	0.92925	1.02694	3.90812		
01:10:28	2000	1200	2460	1230	35	0.92943	1.02739	3.91066		
01:10:38	2000	1200	2454	1230	36	0.92942	1.02771	3.91182		
01:10:48	2000	1200	2452	1244	38	0.93022	1.02748	3.91467		
01:10:58	2000	1200	2455	1242	38	0.93011	1.02692	3.91200		
01:11:08	2000	1200	2452	1240	39	0.92997	1.02670	3.91055		
01:11:18	2000	1200	2430	1160	40	0.92535	1.02675	3.88927		
01:11:28	2000	1200	2430	1160	40	0.92535	1.02675	3.88927		
01:11:38	2000	1200	2401	1228	41	0.92933	1.02587	3.90440		
01:11:48	2000	1200	2398	1249	42	0.93049	1.02606	3.91051		
01:11:58	2000	1200	2398	1268	42	0.93147	1.02652	3.91682		
01:12:08	2000	1200	2401	1271	44	0.93163	1.02663	3.91797		
01:12:18	2000	1200	2421	1260	44	0.93104	1.02670	3.91551		
01:12:28	2000	1200	2440	1264	46	0.93127	1.02624	3.91481		
01:12:38	2000	1200	2439	1250	47	0.93054	1.02659	3.91276		
01:12:48	2000	1200	2432	1240	47	0.92997	1.02635	3.90921		
01:12:58	2000	1200	2419	1236	47	0.92978	1.02659	3.90924		
01:13:08	2000	1200	2405	1230	48	0.92946	1.02664	3.90795		
01:13:18	2000	1200	2393	1237	51	0.92980	1.02658	3.90930		
01:13:28	2000	1200	2379	1230	52	0.92942	1.02631	3.90649		
01:13:38	2000	1200	2375	1261	53	0.93110	1.02648	3.91493		
01:13:48	2000	1200	2379	1278	53	0.93198	1.02670	3.91985		
01:13:58	2000	1200	2373	1238	54	0.92989	1.02641	3.90907		
01:14:08	2000	1200	2369	1246	57	0.93033	1.02665	3.91200		
01:14:18	2000	1200	2375	1286	58	0.93241	1.02667	3.92176		
01:14:28	2000	1200	2378	1272	60	0.93168	1.02650	3.91770		
01:14:38	2000	1200	2373	1270	61	0.93158	1.02647	3.91714		
01:14:48	2000	1200	2364	1272	63	0.93171	1.02674	3.91877		
01:14:58	2000	1200	2363	1267	65	0.93144	1.02666	3.91721		
01:15:08	2000	1200	2362	1264	63	0.93125	1.02664	3.91626		
01:15:18	2000	1200	2349	1253	65	0.93070	1.02679	3.91425		
01:15:28	2000	1200	2349	1255	66	0.93078	1.02675	3.91449		
01:15:38	2000	1200	2338	1270	66	0.93157	1.02686	3.91855		
01:15:48	2000	1200	2332	1262	68	0.93116	1.02693	3.91694		
01:15:58	2000	1200	2332	1249	67	0.93048	1.02693	3.91377		
01:16:08	2000	1200	2314	1229	70	0.92939	1.02706	3.90923		
01:16:18	2000	1200	2305	1228	70	0.92933	1.02715	3.90925		
01:16:28	2000	1200	2299	1243	72	0.93016	1.02721	3.91337		
01:16:38	2000	1200	2286	1243	76	0.93017	1.02726	3.91360		
01:16:48	2000	1200	2273	1225	76	0.92917	1.02726	3.90894		
01:16:58	2000	1200	2260	1217	76	0.92870	1.02703	3.90587		
01:17:08	2000	1200	2252	1218	78	0.92875	1.02685	3.90542		
01:17:18	2000	1200	2245	1222	80	0.92901	1.02702	3.90730		
01:17:28	2000	1200	2242	1249	79	0.93048	1.02714	3.91459		
01:17:38	2000	1200	2243	1260	81	0.93107	1.02714	3.91730		
01:17:48	2000	1200	2245	1254	83	0.93074	1.02714	3.91579		
01:17:58	2000	1200	2249	1253	83	0.93070	1.02721	3.91586		
01:18:08	2000	1200	2250	1240	84	0.92997	1.02720	3.91243		
01:18:18	2000	1200	2253	1245	84	0.93028	1.02724	3.91404		
01:18:28	2000	1200	2248	1243	87	0.93018	1.02739	3.91413		
01:18:38	2000	1200	2248	1249	88	0.93046	1.02724	3.91485		
01:18:48	2000	1200	2235	1238	88	0.92987	1.02703	3.91132		
01:18:58	2000	1200	2228	1235	90	0.92970	1.02724	3.91133		
01:19:08	2000	1200	2228	1235	91	0.92972	1.02709	3.91085		
01:19:18	2000	1200	2215	1223	92	0.92904	1.02705	3.90755		
01:19:28	2000	1200	2211	1238	93	0.92986	1.02717	3.91182		
01:19:38	2000	1200	2205	1239	95	0.92992	1.02715	3.91200		
01:19:48	2000	1200	2201	1240	96	0.93001	1.02724	3.91279		
01:19:58	2000	1200	2201	1238	98	0.92987	1.02731	3.91240		
01:20:08	2000	1200	2199	1261	101	0.93109	1.02728	3.91795		
01:20:18	2000	1200	2200	1243	100	0.93013	1.02684	3.91181		
01:20:28	2000	1200	2195	1234	101	0.92964	1.02701	3.91016		
01:20:38	2000	1200	2192	1244	105	0.93018	1.02725	3.91362		
01:20:48	2000	1200	2189	1243	106	0.93014	1.02721	3.91327		
01:20:58	2000	1200	2183	1230	106	0.92946	1.02727	3.91032		
01:21:08	2000	1200	2175	1240	109	0.92999	1.02723	3.91264		
01:21:18	2000	1200	2165	1213	110	0.92848	1.02697	3.90462		
01:21:28	2000	1200	2162	1235	109	0.92973	1.02660	3.90903		
01:21:38	2000	1200	2154	1219	111	0.92883	1.02692	3.90607		
01:21:48	2000	1200	2147	1226	114	0.92925	1.02688	3.90786		
01:21:58	2000	1200	2142	1224	115	0.92911	1.02664	3.90632		
01:22:08	2000	1200	2134	1216	117	0.92864	1.02687	3.90500		
01:22:18	2000	1200	2127	1194	119	0.92737	1.02714	3.90015		
01:22:28	2000	1200	2127	1177	120	0.92639	1.02691	3.89470		
01:22:38	2000	1150	2086	1127	124	0.92324	1.02682	3.87975		
01:22:48	2000	1150	2059	1116	125	0.92252	1.02673	3.87605		
01:22:58	2000	1150	2032	1114	127	0.92237	1.02662	3.87497		
01:23:08	2000	1150	2032	1163	127	0.92552	1.02675	3.89007		
01:23:18	2000	1100	2011	1184	130	0.92680	1.02668	3.89576		
01:23:28	2000	1150	2017	1224	131	0.92909	1.02677	3.90673		
01:23:38	2000	1150	2036	1235	135	0.92971	1.02667	3.90923		
01:23:48	2000	1150	2052	1207	136	0.92817	1.02685	3.90273		
01:23:58	2000	1150	2068	1207	136	0.92817	1.02685	3.90273		
01:24:08	2000	1200	2068	1227	141	0.92926	1.02696	3.90824		
01:24:18	2000	1200	2082	1227	141	0.92926	1.02696	3.90824		
01:24:28	2000	1200	2083	1243	141	0.93014	1.02700	3.91244		
01:24:38	2000	1200	2084	1250	142	0.93054	1.02693	3.91404		
01:24:48	2000	1200	2091	1250	142	0.93054	1.02693	3.91404		
01:24:58	2000	1200	2093	1233	146	0.92959	1.02701	3.90995		
01:25:08	2000	1200	2093	1256	151	0.93088	1.02706	3.91611		
01:25:18	2000	1200	2100	1260	151	0.93108	1.02692	3.91651		
01:25:28	2000	1200	2099	1258	154	0.93095	1.02707	3.91648		
01:25:38	2000	1200	2092	1234	155	0.92968	1.02711	3.91073		
01:25:48	2000	1200	2082	1225	157	0.92915	1.02719	3.90860		
01:25:58	2000	1200	2076	1224	162	0.92912	1.02721	3.90853		
01:26:08	2000	1200	2067	1228	164	0.92933	1.02731	3.90989		
01:26:18	2000	1200	2056	1227	165	0.92929	1.02698	3.90844		
01:26:28	2000	1200	2048	1231	167	0.92952	1.02687	3.90911		
01:26:38	2000	1200	2037	1199	169	0.92767	1.02726	3.90196		
01:26:48	2000	1200	2029	1203	174	0.92794	1.02735	3.90358		
01:26:58	2000	1200	2017	1192	183	0.92730	1.02771	3.90196		
01:27:08	2000	1200	2017	1184	208	0.92677	1.02779	3.89983		
01:27:18	1900	1150	1964	1110	217	0.92215	1.02755	3.87744		
01:27:28	1900	1150	1930	1117	221	0.92258	1.02758	3.87954		
01:27:38	1900	1150	1909	1144	216	0.92435	1.02763	3.88796		
01:27:48	1800	1150	1889	1161	228	0.92543	1.02791	3.89402		
01:27:58	1800	1100	1877	1170	220	0.92596	1.02782	3.89617		
01:28:08	1800	1100	1875	1182	219	0.92670	1.02772	3.89923		
01:28:18	1800	1150	1884	1168	229	0.92583	1.02770	3.89512		
01:28:28	1800	1150	1897	1196	232	0.92752	1.02753	3.90231		
01:28:38	1900	1150	1901	1179	230	0.92651	1.02746	3.89734		
01:28:48	1900	1150	1903	1166	224	0.92574	1.02754	3.89410		
01:28:58	1800	1150	1899	1156	226	0.92510	1.02765	3.89150		
01:29:08	1800	1150	1895	1168	229	0.92582	1.02793	3.89592		
01:29:18	1800	1150	1894	1167	233	0.92575	1.02800	3.89589		
01:29:28	1800	1150	1888	1171	235	0.92602	1.02793	3.89685		
01:29:38	1800	1150	1888	1139	243	0.92401	1.02793	3.88751		
01:29:48	1800	1150	1872	1148	240	0.92459	1.02813	3.89099		
01:29:58	1800	1150	1869	1153	244	0.92490	1.02802	3.89200		
01:30:08	1800	1150	1863	1151	243	0.92476	1.02811	3.89169		
01:30:18	1800	1150	1857	1148	249	0.92462	1.02798	3.89056		
01:30:28	1800	1100	1849	1143	252	0.92427	1.02791	3.88867		
01:30:38	1800	1100	1851	1150	244	0.92469	1.02794	3.89073		
01:30:48	1800	1100	1850	1159	253	0.92526	1.02789	3.89317		
01:30:58	1800	1150	1850	1159	252	0.92531	1.02761	3.89233		
01:31:08	1800	1150	1848	1147	252	0.92455	1.02807	3.89056		
01:31:18	1800	1150	1852	1171	254	0.92602	1.02782	3.89644		
01:31:28	1800	1150	1854	1159	253	0.92530	1.02746	3.89175		
01:31:38	1800	1150	1855	1159	253	0.92530	1.02746	3.89175		
01:31:48	1800	1150	1852	1158	271	0.92520	1.02815	3.89390		
01:31:58	1800	1150	1849	1161	275	0.92540	1.02797	3.89415		
01:32:08	1800	1150	1844	1157	295	0.92516	1.02757	3.89152		
01:32:18	1800	1150	1839	1157	273	0.92518	1.02796	3.89309		
01:32:28	1800	1150	1834	1145	270	0.92442	1.02791	3.88933		
01:32:38	1800	1150	1828	1145	270	0.92442	1.02791	3.88933		
01:32:48	1800	1150	1828	1159	254	0.92526	1.02849	3.89543		
01:32:58	1800	1150	1832	1153	260	0.92492	1.02857	3.89419		
01:33:08	1800	1150	1840	1172	257	0.92607	1.02862	3.89970		
01:33:18	1800	1150	1840	1146	258	0.92445	1.02833	3.89109		
01:33:28	1800	1150	1838	1136	271	0.92382	1.02732	3.88435		
01:33:38	1800	1150	1843	1161	263	0.92542	1.02741	3.89212		
01:33:48	1800	1150	1839	1147	266	0.92452	1.02811	3.89056		
01:33:58	1800	1150	1839	1151	263	0.92476	1.02742	3.88908		
01:34:08	1800	1100	1831	1148	270	0.92463	1.02819	3.89137		
01:34:18	1800	1100	1828	1146	281	0.92449	1.02734	3.88753		
01:34:28	1800	1100	1826	1129	280	0.92338	1.02796	3.88469		
01:34:38	1800	1100	1818	1128	273	0.92332	1.02840	3.88610		
01:34:48	1800	1100	1818	1131	279	0.92350	1.02805	3.88559		
01:34:58	1800	1100	1804	1112	275	0.92224	1.02788	3.87909		
01:35:08	1700	1100	1796	1111	272	0.92215	1.02787	3.87866		
01:35:18	1700	1100	1796	419	277	0.80675	1.19885	3.89834		
01:35:28	1600	1000	1637	1123	285	0.92297	1.02790	3.88257		
01:35:38	1600	950	1632	1108	283	0.92201	1.02762	3.87707		
01:35:48	1600	950	1625	1102	288	0.92156	1.02802	3.87649		
01:35:58	1600	950	1620	1098	294	0.92128	1.02817	3.87574		


			DELHI AIRPORT : 30 m Base line


Time	RVR	 MOR	RVR	MOR	BLM	Trf	 Ref(v)	PD(v)
	(limited)	(limited)	(actual)	(actual)

01:36:40	1700	1100	295	1123	301	0.92301	1.02760	3.88160		
01:36:50	1700	1100	588	1111	304	0.92216	1.02783	3.87856		
01:37:00	1700	1100	881	1111	304	0.92219	1.02802	3.87939		
01:37:10	1700	1100	1173	1110	309	0.92212	1.02790	3.87864		
01:37:20	1700	1100	1467	1118	309	0.92268	1.02799	3.88156		
01:37:30	1700	1100	1761	1118	309	0.92268	1.02799	3.88156		
01:37:40	1700	1100	1758	1116	314	0.92253	1.02836	3.88225		
01:37:50	1700	1100	1759	1126	317	0.92317	1.02830	3.88501		
01:38:00	1700	1100	1759	1120	317	0.92276	1.02854	3.88402		
01:38:10	1700	1100	1759	1119	319	0.92273	1.02782	3.88114		
01:38:20	1700	1100	1758	1122	320	0.92294	1.02835	3.88413		
01:38:30	1700	1100	1759	1129	322	0.92341	1.02830	3.88612		
01:38:40	1700	1100	1760	1133	329	0.92364	1.02834	3.88737		
01:38:50	1700	1100	1760	1136	332	0.92385	1.02843	3.88866		
01:39:00	1700	1100	1762	1137	332	0.92389	1.02842	3.88883		
01:39:10	1700	1100	1763	1138	336	0.92398	1.02856	3.88975		
01:39:20	1700	1100	1764	1139	341	0.92404	1.02860	3.89017		
01:39:30	1700	1100	1765	1150	346	0.92475	1.02837	3.89260		
01:39:40	1700	1100	1764	1137	342	0.92388	1.02839	3.88864		
01:39:50	1700	1100	1761	1130	350	0.92346	1.02800	3.88521		
01:40:00	1700	1100	1760	1148	354	0.92463	1.02793	3.89038		
01:40:10	1700	1100	1759	1148	362	0.92460	1.02787	3.89002		
01:40:20	1700	1100	1754	1127	368	0.92325	1.02770	3.88313		
01:40:30	1700	1100	1748	1127	361	0.92326	1.02777	3.88341		
01:40:40	1700	1100	1743	1126	369	0.92320	1.02789	3.88360		
01:40:50	1700	1100	1741	1125	368	0.92309	1.02749	3.88160		
01:41:00	1700	1100	1734	1115	364	0.92248	1.02777	3.87979		
01:41:10	1700	1100	1730	1134	371	0.92373	1.02810	3.88687		
01:41:20	1700	1100	1730	1123	363	0.92297	1.02793	3.88270		
01:41:30	1700	1100	1725	1108	378	0.92202	1.02808	3.87882		
01:41:40	1700	1100	1727	1139	373	0.92403	1.02730	3.88523		
01:41:50	1700	1100	1727	1136	385	0.92386	1.02778	3.88625		
01:42:00	1700	1100	1726	1124	392	0.92304	1.02786	3.88274		
01:42:10	1700	1100	1720	1117	392	0.92256	1.02796	3.88090		
01:42:20	1700	1100	1714	1110	400	0.92214	1.02790	3.87871		
01:42:30	1700	1100	1712	1112	407	0.92224	1.02747	3.87756		
01:42:40	1700	1100	1706	1124	404	0.92306	1.02789	3.88295		
01:42:50	1600	1100	1700	1115	412	0.92244	1.02816	3.88110		
01:43:00	1600	1100	1695	1107	414	0.92191	1.02865	3.88049		
01:43:10	1600	1100	1690	1115	437	0.92247	1.02861	3.88291		
01:43:20	1600	1100	1688	1115	437	0.92247	1.02861	3.88291		
01:43:30	1600	1100	1685	1110	434	0.92212	1.02865	3.88143		
01:43:40	1600	1100	1680	1119	454	0.92273	1.02860	3.88410		
01:43:50	1600	1100	1677	1124	464	0.92307	1.02878	3.88636		
01:44:00	1600	1100	1675	1118	462	0.92266	1.02871	3.88420		
01:44:10	1600	1100	1672	1118	481	0.92262	1.02852	3.88329		
01:44:20	1600	1100	1667	1125	517	0.92310	1.02830	3.88468		
01:44:30	1600	1100	1664	1111	465	0.92220	1.02852	3.88133		
01:44:40	1600	1100	1666	1132	456	0.92359	1.02837	3.88722		
01:44:50	1600	1100	1667	1118	446	0.92263	1.02795	3.88116		
01:45:00	1600	1100	1667	1126	471	0.92315	1.02809	3.88414		
01:45:10	1600	1100	1669	1126	485	0.92317	1.02851	3.88581		
01:45:20	1600	1100	1670	1120	484	0.92276	1.02868	3.88454		
01:45:30	1600	1100	1672	1132	493	0.92358	1.02824	3.88670		
01:45:40	1600	1100	1670	1139	491	0.92402	1.02856	3.88996		
01:45:50	1600	1100	1669	1137	501	0.92393	1.02848	3.88921		
01:46:00	1600	1100	1670	1160	528	0.92532	1.02825	3.89480		
01:46:10	1600	1100	1667	1132	535	0.92360	1.02799	3.88586		
01:46:20	1600	1100	1655	1115	661	0.92248	1.02847	3.88246		
01:46:30	1600	1100	1635	1088	688	0.92064	1.02873	3.87486		
01:46:40	1600	1100	1612	1061	645	0.91866	1.02868	3.86549		
01:46:50	1500	1100	1594	1083	634	0.92028	1.02878	3.87338		
01:47:00	1500	1050	1579	1108	630	0.92197	1.02875	3.88114		
01:47:10	1500	1050	1569	1124	663	0.92306	1.02900	3.88714		
01:47:20	1500	1050	1569	1125	699	0.92314	1.02904	3.88769		
01:47:30	1500	1100	1580	1124	596	0.92308	1.02907	3.88751		
01:47:40	1600	1100	1601	1125	492	0.92312	1.02892	3.88714		
01:47:50	1600	1100	1619	1128	477	0.92331	1.02884	3.88770		
01:48:00	1600	1100	1632	1130	485	0.92342	1.02871	3.88773		
01:48:10	1600	1100	1642	1139	553	0.92403	1.02890	3.89129		
01:48:20	1600	1100	1653	1139	553	0.92403	1.02890	3.89129		
01:48:30	1600	1100	1658	1126	530	0.92318	1.02896	3.88756		
01:48:40	1600	1100	1656	1123	510	0.92298	1.02912	3.88724		
01:48:50	1600	1100	1648	1119	566	0.92272	1.02890	3.88518		
01:49:00	1600	1100	1640	1113	556	0.92233	1.02905	3.88395		
01:49:10	1600	1100	1631	1115	625	0.92248	1.02902	3.88453		
01:49:20	1600	1100	1628	1138	604	0.92397	1.02905	3.89158		
01:49:30	1600	1100	1628	1137	558	0.92388	1.02915	3.89154		
01:49:40	1600	1100	1625	1115	528	0.92247	1.02918	3.88510		
01:49:50	1600	1100	1630	1125	513	0.92313	1.02894	3.88725		
01:50:00	1600	1100	1631	1105	517	0.92178	1.02871	3.88009		
01:50:10	1600	1100	1637	1115	528	0.92243	1.02921	3.88500		
01:50:20	1600	1100	1640	1130	543	0.92347	1.02920	3.88980		
01:50:30	1600	1100	1638	1115	537	0.92246	1.02927	3.88535		
01:50:40	1600	1100	1637	1119	552	0.92271	1.02901	3.88556		
01:50:50	1600	1100	1632	1112	544	0.92226	1.02922	3.88425		
01:51:00	1600	1100	1633	1117	541	0.92260	1.02929	3.88609		
01:51:10	1600	1100	1630	1111	558	0.92219	1.02942	3.88468		
01:51:20	1600	1100	1625	1108	556	0.92201	1.02948	3.88405		
01:51:30	1600	1100	1620	1105	587	0.92180	1.02943	3.88289		
01:51:40	1600	1100	1618	1109	564	0.92203	1.02942	3.88392		
01:51:50	1600	1100	1618	1102	568	0.92159	1.02960	3.88259		
01:52:00	1600	1050	1604	1067	581	0.91912	1.02962	3.87116		
01:52:10	1500	1050	1599	1103	603	0.92163	1.02976	3.88334		
01:52:20	1500	1050	1593	1083	588	0.92023	1.02924	3.87488		
01:52:30	1500	1050	1590	1095	614	0.92109	1.02914	3.87850		
01:52:40	1500	1050	1586	1087	575	0.92055	1.02900	3.87546		
01:52:50	1500	1050	1579	1065	579	0.91893	1.02924	3.86884		
01:53:00	1500	1050	1579	1060	558	0.91861	1.02909	3.86678		
01:53:10	1500	1050	1580	1090	556	0.92075	1.02891	3.87607		
01:53:20	1500	1050	1580	1077	590	0.91983	1.02900	3.87210		
01:53:30	1500	1050	1574	1067	619	0.91912	1.02916	3.86940		
01:53:40	1500	1050	1571	1074	577	0.91959	1.02943	3.87264		
01:53:50	1500	1050	1572	1074	598	0.91961	1.02943	3.87270		
01:54:01	1500	1050	1572	1046	659	0.91756	1.02949	3.86338		
01:54:11	1500	1050	1548	1023	621	0.91576	1.02919	3.85391		
01:54:21	1500	1050	1545	1067	621	0.91915	1.02949	3.87078		
01:54:31	1500	1050	1545	1067	621	0.91915	1.02949	3.87078		
01:54:41	1500	1050	1537	1047	623	0.91764	1.02948	3.86374		
01:54:51	1500	1050	1534	1056	612	0.91834	1.02892	3.86487		
01:55:01	1500	1050	1539	1060	608	0.91857	1.02911	3.86669		
01:55:11	1500	1050	1542	1049	636	0.91774	1.02881	3.86170		
01:55:21	1500	1050	1532	1019	667	0.91548	1.02819	3.84886		
01:55:31	1500	1000	1521	1019	667	0.91548	1.02819	3.84886		
01:55:41	1500	1000	1512	1018	714	0.91541	1.02867	3.85034		
01:55:51	1400	1000	1497	1006	740	0.91444	1.02927	3.84806		
01:56:01	1400	1000	1488	1061	776	0.91871	1.02925	3.86783		
01:56:11	1400	1000	1489	1094	773	0.92100	1.02896	3.87740		
01:56:21	1400	1000	1498	1107	758	0.92192	1.02899	3.88181		
01:56:31	1500	1050	1504	1090	781	0.92075	1.02895	3.87622		
01:56:41	1500	1050	1509	1064	771	0.91889	1.02875	3.86679		
01:56:51	1500	1050	1524	1110	780	0.92213	1.02864	3.88147		
01:57:01	1500	1050	1528	1096	806	0.92114	1.02893	3.87794		
01:57:11	1500	1050	1525	1081	796	0.92015	1.02864	3.87224		
01:57:21	1500	1050	1525	1066	761	0.91904	1.02875	3.86748		
01:57:31	1500	1050	1518	1097	806	0.92122	1.02892	3.87827		
01:57:41	1500	1050	1518	1113	941	0.92234	1.02911	3.88422		
01:57:51	1500	1050	1510	1099	942	0.92136	1.02930	3.88037		
01:58:01	1500	1050	1503	1089	932	0.92064	1.02867	3.87466		
01:58:11	1400	1050	1498	1078	917	0.91994	1.02886	3.87208		
01:58:21	1400	1050	1500	1129	928	0.92337	1.02917	3.88922		
01:58:31	1400	1050	1500	1115	844	0.92244	1.02875	3.88330		
01:58:41	1500	1100	1504	1109	851	0.92208	1.02932	3.88379		
01:58:51	1500	1100	1510	1104	820	0.92174	1.02935	3.88233		
01:59:01	1500	1100	1522	1126	795	0.92316	1.02955	3.88970		
01:59:11	1500	1100	1531	1119	851	0.92271	1.02937	3.88692		
01:59:21	1500	1100	1528	1094	873	0.92099	1.02905	3.87771		
01:59:31	1500	1100	1525	1089	829	0.92071	1.02919	3.87694		
01:59:41	1500	1100	1520	1107	962	0.92194	1.02876	3.88105		
01:59:51	1500	1100	1518	1116	912	0.92254	1.02901	3.88477		
02:00:01	1500	1100	1513	1089	777	0.92066	1.02912	3.87644		
02:00:11	1500	1050	1510	1096	843	0.92115	1.02900	3.87828		
02:00:21	1500	1050	1510	1091	869	0.92083	1.02903	3.87690		
02:00:31	1500	1050	1512	1102	820	0.92154	1.02902	3.88016		
02:00:41	1500	1050	1511	1074	851	0.91960	1.02889	3.87065		
02:00:51	1500	1050	1506	1065	834	0.91893	1.02867	3.86670		
02:01:01	1400	1050	1499	1076	887	0.91976	1.02834	3.86930		
02:01:11	1400	1050	1494	1056	812	0.91831	1.02794	3.86107		
02:01:21	1400	1050	1491	1073	875	0.91956	1.02844	3.86877		
02:01:31	1400	1050	1484	1072	894	0.91950	1.02841	3.86834		
02:01:41	1400	1050	1486	1073	800	0.91955	1.02859	3.86927		
02:01:51	1400	1050	1491	1095	824	0.92109	1.02829	3.87529		
02:02:01	1500	1050	1501	1123	826	0.92297	1.02839	3.88441		
02:02:11	1500	1050	1511	1123	826	0.92297	1.02839	3.88441		
02:02:21	1500	1050	1521	1118	803	0.92269	1.02833	3.88287		
02:02:31	1400	1000	1472	765	832	0.88906	1.02836	3.72667		
02:02:41	1400	1000	1478	1118	811	0.92266	1.02833	3.88276		
02:02:51	1400	1050	1478	568	803	0.85353	1.02859	3.56228		
02:03:01	1300	950	1388	1127	795	0.92324	1.02857	3.88634		
02:03:11	1300	950	1394	1142	782	0.92425	1.02864	3.89130		
02:03:21	1300	950	1395	1127	796	0.92327	1.02868	3.88691		
02:03:31	1400	1000	1455	1111	785	0.92217	1.02887	3.88253		
02:03:41	1400	1000	1455	1111	785	0.92217	1.02887	3.88253		
02:03:51	1500	1000	1550	1103	788	0.92165	1.02852	3.87878		
02:04:01	1500	1100	1550	1083	835	0.92024	1.02871	3.87295		
02:04:11	1500	1100	1530	1079	811	0.91999	1.02788	3.86864		
02:04:21	1500	1100	1531	1134	808	0.92371	1.02846	3.88814		
02:04:31	1500	1100	1533	1133	808	0.92364	1.02865	3.88852		
02:04:41	1500	1100	1533	1133	808	0.92364	1.02865	3.88852		
02:04:51	1500	1100	1523	1122	1197	0.92291	1.02766	3.88140		
02:05:01	1500	1100	1512	1121	1324	0.92288	1.02785	3.88194		
02:05:11	1500	1100	1502	1114	1248	0.92239	1.02782	3.87957		
02:05:21	1400	1100	1478	1093	1324	0.92096	1.02744	3.87151		
02:05:31	1400	1100	1451	1081	1364	0.92009	1.02789	3.86916		
02:05:41	1400	1100	1420	1061	1405	0.91865	1.02815	3.86343		
02:05:51	1400	1050	1409	1061	1281	0.91864	1.02818	3.86351		
02:06:01	1400	1050	1402	1058	1255	0.91846	1.02852	3.86396		
02:06:11	1300	1050	1398	1087	1246	0.92054	1.02867	3.87416		
02:06:21	1300	1050	1398	1087	1274	0.92053	1.02867	3.87414		
02:06:31	1400	1050	1410	1079	958	0.91994	1.02881	3.87192		
02:06:41	1400	1050	1427	1073	927	0.91951	1.02892	3.87033		
02:06:51	1400	1050	1439	1096	1051	0.92119	1.02896	3.87828		
02:07:01	1400	1050	1451	1110	1092	0.92209	1.02894	3.88242		
02:07:11	1400	1050	1457	1112	1182	0.92224	1.02905	3.88351		
02:07:21	1400	1050	1457	1114	1200	0.92239	1.02851	3.88220		
02:07:31	1400	1050	1460	1102	1145	0.92160	1.02854	3.87860		
02:07:41	1400	1100	1453	1089	1205	0.92069	1.02870	3.87500		
02:07:51	1400	1100	1447	1088	1199	0.92062	1.02861	3.87434		
02:08:01	1400	1100	1444	1098	1155	0.92127	1.02857	3.87719		
02:08:11	1400	1050	1444	1106	1143	0.92183	1.02870	3.88030		
02:08:21	1400	1050	1442	1093	1167	0.92096	1.02825	3.87453		
02:08:31	1400	1050	1437	1096	1295	0.92117	1.02844	3.87623		
02:08:41	1400	1050	1434	1107	1398	0.92190	1.02851	3.87992		
02:08:51	1400	1050	1429	1103	1465	0.92165	1.02832	3.87803		
02:09:01	1400	1100	1421	1105	1487	0.92175	1.02842	3.87885		
02:09:11	1400	1100	1412	1109	1491	0.92205	1.02856	3.88079		
02:09:21	1400	1100	1404	1104	1494	0.92170	1.02858	3.87924		
02:09:31	1300	1100	1399	1099	1496	0.92134	1.02841	3.87694		
02:09:41	1300	1100	1397	1106	1498	0.92185	1.02879	3.88072		
02:09:51	1300	1100	1399	1123	1499	0.92296	1.02894	3.88643		
02:10:01	1300	1100	1400	1118	1488	0.92263	1.02895	3.88495		
02:10:11	1400	1100	1401	1112	1497	0.92225	1.02908	3.88370		
02:10:21	1400	1100	1402	1119	1505	0.92272	1.02925	3.88652		
02:10:31	1400	1100	1406	1129	1508	0.92336	1.02935	3.88988		
02:10:41	1400	1100	1409	1125	1510	0.92309	1.02917	3.88793		
02:10:51	1400	1100	1409	1124	1513	0.92308	1.02908	3.88752		
02:11:01	1400	1100	1411	1142	1516	0.92424	1.02850	3.89073		
02:11:11	1400	1100	1411	1115	1518	0.92245	1.02811	3.88095		
02:11:21	1400	1100	1411	1119	1521	0.92273	1.02852	3.88378		
02:11:31	1400	1100	1410	1126	1523	0.92317	1.02829	3.88499		
02:11:41	1400	1100	1410	1096	1525	0.92120	1.02840	3.87622		
02:11:51	1400	1100	1401	1090	1529	0.92074	1.02841	3.87415		
02:12:01	1300	1100	1391	1073	1532	0.91952	1.02832	3.86812		
02:12:11	1300	1050	1385	1075	1535	0.91970	1.02800	3.86773		
02:12:21	1300	1050	1380	1086	1537	0.92048	1.02829	3.87245		
02:12:31	1300	1050	1374	1081	1539	0.92014	1.02843	3.87141		
02:12:41	1300	1050	1370	1075	1541	0.91965	1.02850	3.86941		
02:12:51	1300	1050	1368	1078	1543	0.91990	1.02859	3.87088		
02:13:01	1300	1050	1371	1093	1545	0.92098	1.02827	3.87472		
02:13:11	1300	1050	1371	1082	1548	0.92021	1.02853	3.87212		
02:13:21	1300	1050	1373	1097	1550	0.92124	1.02846	3.87662		
02:13:31	1300	1050	1374	1094	1552	0.92103	1.02861	3.87622		
02:13:41	1300	1050	1377	1100	1552	0.92145	1.02878	3.87884		
02:13:51	1300	1050	1382	1115	1552	0.92243	1.02892	3.88389		
02:14:01	1300	1050	1384	1093	1461	0.92094	1.02864	3.87591		
02:14:11	1400	1050	1401	1098	1016	0.92131	1.02856	3.87733		
02:14:21	1400	1050	1417	1098	1016	0.92131	1.02856	3.87733		
02:14:31	1400	1050	1443	1172	1022	0.92608	1.02880	3.90042		
02:14:41	1400	1100	1465	1152	1030	0.92487	1.02876	3.89465		
02:14:51	1400	1100	1472	1133	1394	0.92363	1.02853	3.88800		
02:15:01	1400	1100	1482	1142	1317	0.92424	1.02875	3.89170		
02:15:11	1400	1100	1478	1129	1279	0.92337	1.02871	3.88748		
02:15:21	1400	1100	1484	1137	1013	0.92389	1.02859	3.88944		
02:15:31	1400	1100	1478	1131	1031	0.92351	1.02863	3.88786		
02:15:41	1400	1100	1474	1128	1043	0.92330	1.02831	3.88565		
02:15:51	1400	1100	1483	1120	1049	0.92277	1.02829	3.88309		
02:16:01	1400	1100	1487	1134	1123	0.92367	1.02848	3.88802		
02:16:11	1400	1100	1491	1134	1164	0.92373	1.02894	3.89004		
02:16:21	1400	1100	1486	1132	1141	0.92358	1.02916	3.89017		
02:16:31	1400	1100	1481	1126	1162	0.92318	1.02866	3.88641		
02:16:41	1400	1100	1480	1144	1160	0.92437	1.02872	3.89217		
02:16:51	1400	1100	1484	1173	1141	0.92614	1.02877	3.90060		
02:17:01	1400	1100	1486	1185	1293	0.92687	1.02872	3.90382		
02:17:11	1400	1100	1491	1188	1246	0.92707	1.02878	3.90496		
02:17:21	1400	1150	1494	1176	1265	0.92632	1.02854	3.90055		
02:17:31	1400	1150	1495	1164	1306	0.92560	1.02883	3.89830		
02:17:41	1400	1150	1493	1185	1394	0.92687	1.02866	3.90360		
02:17:51	1400	1150	1486	1187	1461	0.92701	1.02861	3.90403		
02:18:01	1400	1150	1482	1178	1397	0.92646	1.02833	3.90044		
02:18:11	1400	1150	1478	1188	1398	0.92705	1.02834	3.90319		
02:18:21	1400	1150	1473	1172	1412	0.92608	1.02826	3.89837		
02:18:31	1400	1150	1467	1147	1414	0.92456	1.02798	3.89027		
02:18:41	1400	1150	1456	1108	1421	0.92197	1.02802	3.87839		
02:18:51	1400	1100	1445	1099	1424	0.92136	1.02767	3.87423		
02:19:01	1400	1100	1438	1130	1429	0.92347	1.02795	3.88507		
02:19:11	1400	1100	1430	1138	1444	0.92397	1.02821	3.88840		
02:19:21	1400	1100	1427	1151	1405	0.92479	1.02837	3.89281		
02:19:31	1400	1100	1427	1146	1408	0.92445	1.02856	3.89193		
02:19:41	1400	1100	1435	1160	1399	0.92537	1.02866	3.89659		
02:19:51	1400	1100	1446	1173	1401	0.92615	1.02887	3.90102		
02:20:01	1400	1150	1451	1170	1451	0.92595	1.02842	3.89837		
02:20:11	1400	1150	1454	1169	1456	0.92590	1.02880	3.89962		
02:20:21	1400	1150	1461	1203	1429	0.92793	1.02871	3.90871		
02:20:31	1400	1150	1469	1216	1448	0.92866	1.02863	3.91179		
02:20:41	1400	1150	1473	1209	1507	0.92827	1.02843	3.90921		
02:20:51	1400	1150	1469	1157	1475	0.92516	1.02820	3.89390		
02:21:01	1400	1150	1459	1110	1503	0.92212	1.02812	3.87943		
02:21:11	1400	1150	1452	1114	1445	0.92239	1.02835	3.88157		
02:21:21	1400	1150	1439	1104	1433	0.92171	1.02829	3.87819		
02:21:31	1400	1150	1439	1119	1361	0.92274	1.02832	3.88308		
02:21:41	1400	1100	1417	1106	1366	0.92187	1.02834	3.87912		
02:21:51	1400	1100	1411	1094	1360	0.92102	1.02763	3.87249		
02:22:01	1400	1100	1415	1113	1376	0.92229	1.02753	3.87803		
02:22:11	1400	1100	1417	1102	1308	0.92159	1.02752	3.87474		
02:22:21	1400	1100	1417	1108	1336	0.92200	1.02752	3.87661		
02:22:31	1400	1100	1419	1106	1324	0.92186	1.02790	3.87741		
02:22:41	1400	1100	1417	1104	1438	0.92170	1.02793	3.87680		
02:22:51	1400	1100	1414	1112	1566	0.92226	1.02771	3.87855		
02:23:01	1400	1100	1408	1107	1622	0.92190	1.02805	3.87816		
02:23:11	1400	1100	1402	1120	1628	0.92276	1.02765	3.88066		
02:23:21	1300	1100	1397	1121	1651	0.92284	1.02762	3.88093		
02:23:31	1300	1100	1390	1118	1656	0.92264	1.02736	3.87899		
02:23:41	1300	1100	1387	1118	1659	0.92268	1.02776	3.88070		
02:23:51	1300	1100	1385	1113	1660	0.92233	1.02760	3.87847		
02:24:01	1300	1100	1385	1110	1661	0.92209	1.02769	3.87767		
02:24:11	1300	1100	1385	1129	1662	0.92338	1.02738	3.88252		
02:24:21	1300	1100	1388	1143	1665	0.92431	1.02778	3.88835		
02:24:31	1300	1100	1390	1138	1668	0.92396	1.02730	3.88489		
02:24:41	1300	1100	1392	1136	1669	0.92382	1.02769	3.88574		
02:24:51	1300	1100	1395	1136	1669	0.92382	1.02769	3.88574		
02:25:01	1300	1100	1399	1137	1672	0.92390	1.02728	3.88454		
02:25:11	1300	1100	1399	1137	1672	0.92390	1.02728	3.88454		
02:25:21	1300	1100	1398	1131	1674	0.92354	1.02725	3.88276		
02:25:31	1300	1100	1398	1137	1662	0.92390	1.02712	3.88395		
02:25:41	1400	1100	1402	1160	1621	0.92535	1.02722	3.89107		
02:25:51	1400	1100	1408	1175	1629	0.92629	1.02702	3.89466		
02:26:01	1400	1150	1414	1178	1642	0.92642	1.02742	3.89677		
02:26:11	1400	1150	1420	1182	1652	0.92668	1.02732	3.89762		
02:26:21	1400	1150	1423	1152	1659	0.92485	1.02727	3.88894		
02:26:31	1400	1150	1426	1160	1675	0.92537	1.02731	3.89150		
02:26:41	1400	1150	1426	1170	1679	0.92596	1.02704	3.89321		
02:26:51	1400	1150	1424	1170	1679	0.92596	1.02704	3.89321		
02:27:01	1400	1150	1422	1166	1677	0.92571	1.02703	3.89202		
02:27:11	1400	1150	1418	1159	1677	0.92527	1.02711	3.89026		
02:27:21	1400	1150	1418	1154	1691	0.92496	1.02699	3.88838		
02:27:31	1400	1150	1419	1169	1693	0.92592	1.02676	3.89196		
02:27:41	1400	1150	1419	1169	1693	0.92592	1.02676	3.89196		
02:27:51	1400	1150	1419	1168	1697	0.92583	1.02709	3.89280		
02:28:01	1400	1150	1417	1164	1700	0.92559	1.02688	3.89087		
02:28:11	1400	1150	1420	1185	1702	0.92687	1.02704	3.89741		
02:28:21	1400	1150	1420	1170	1704	0.92598	1.02738	3.89459		
02:28:31	1400	1150	1422	1170	1704	0.92598	1.02738	3.89459		
02:28:41	1400	1150	1422	1173	1707	0.92612	1.02624	3.89092		
02:28:51	1400	1150	1421	1166	1709	0.92573	1.02645	3.88992		
02:29:01	1400	1150	1422	1172	1711	0.92607	1.02662	3.89212		
02:29:11	1400	1150	1419	1163	1712	0.92552	1.02657	3.88940		
02:29:21	1400	1150	1418	1168	1715	0.92584	1.02661	3.89100		
02:29:31	1400	1150	1418	1160	1717	0.92538	1.02638	3.88800		
02:29:41	1400	1150	1415	1158	1719	0.92520	1.02670	3.88839		
02:29:51	1400	1150	1417	1181	1720	0.92665	1.02631	3.89364		
02:30:01	1400	1150	1415	1162	1721	0.92548	1.02684	3.89023		
02:30:11	1400	1150	1415	1162	1721	0.92548	1.02684	3.89023		
02:30:21	1400	1150	1414	1164	1725	0.92559	1.02689	3.89090		
02:30:31	1400	1150	1414	1161	1727	0.92544	1.02668	3.88942		
02:30:41	1400	1150	1414	1170	1728	0.92599	1.02684	3.89259		
02:30:51	1400	1150	1413	1170	1730	0.92595	1.02699	3.89297		
02:31:01	1400	1150	1411	1146	1731	0.92446	1.02684	3.88547		
02:31:11	1400	1150	1412	1168	1734	0.92583	1.02677	3.89158		
02:31:21	1400	1150	1412	1167	1736	0.92577	1.02629	3.88948		
02:31:31	1400	1150	1414	1181	1738	0.92662	1.02659	3.89457		
02:31:41	1400	1150	1416	1191	1740	0.92721	1.02675	3.89792		
02:31:51	1400	1150	1418	1187	1743	0.92698	1.02640	3.89552		
02:32:01	1400	1150	1425	1196	1746	0.92749	1.02683	3.89949		
02:32:11	1400	1150	1421	1146	1748	0.92448	1.02705	3.88635		
02:32:21	1400	1150	1426	1207	1750	0.92814	1.02739	3.90468		
02:32:31	1400	1150	1429	1208	1752	0.92820	1.02733	3.90471		
02:32:41	1400	1150	1433	1221	1754	0.92894	1.02724	3.90779		
02:32:51	1400	1150	1434	1197	1756	0.92756	1.02749	3.90234		
02:33:01	1400	1150	1436	1212	1758	0.92844	1.02758	3.90678		
02:33:11	1400	1200	1444	1212	1759	0.92845	1.02784	3.90781		
02:33:21	1400	1200	1443	1202	1760	0.92786	1.02776	3.90475		
02:33:31	1400	1200	1443	1213	1761	0.92851	1.02778	3.90784		
02:33:41	1400	1200	1444	1221	1762	0.92892	1.02760	3.90907		
02:33:51	1400	1200	1443	1190	1763	0.92718	1.02757	3.90089		
02:34:01	1400	1200	1437	1167	1764	0.92576	1.02754	3.89419		
02:34:11	1400	1150	1436	1208	1765	0.92818	1.02747	3.90516		
02:34:21	1400	1150	1435	1197	1766	0.92758	1.02723	3.90147		
02:34:31	1400	1150	1432	1192	1765	0.92729	1.02729	3.90035		
02:34:41	1400	1150	1429	1191	1769	0.92724	1.02698	3.89893		
02:34:51	1400	1150	1428	1186	1771	0.92693	1.02721	3.89835		
02:35:01	1400	1150	1429	1169	1721	0.92589	1.02717	3.89339		
02:35:11	1400	1150	1426	1180	1747	0.92655	1.02698	3.89573		
02:35:21	1400	1150	1426	1185	1699	0.92687	1.02710	3.89768		
02:35:31	1400	1150	1424	1176	1775	0.92632	1.02709	3.89508		
02:35:41	1400	1150	1421	1173	1781	0.92612	1.02712	3.89424		
02:35:51	1400	1150	1421	1190	1784	0.92717	1.02714	3.89918		
02:36:01	1400	1150	1424	1200	1787	0.92775	1.02700	3.90136		
02:36:11	1400	1150	1422	1179	1789	0.92648	1.02723	3.89633		
02:36:21	1400	1150	1421	1189	1790	0.92709	1.02764	3.90072		
02:36:31	1400	1150	1426	1215	1783	0.92862	1.02743	3.90706		
02:36:41	1400	1150	1430	1210	1792	0.92834	1.02738	3.90557		
02:36:51	1400	1150	1431	1198	1794	0.92764	1.02716	3.90144		
02:37:01	1400	1150	1432	1205	1793	0.92805	1.02740	3.90428		
02:37:11	1400	1150	1432	1177	1700	0.92636	1.02754	3.89696		
02:37:21	1400	1200	1438	1202	1657	0.92786	1.02710	3.90226		
02:37:31	1400	1200	1442	1217	1634	0.92873	1.02645	3.90383		
02:37:41	1400	1150	1442	1192	1673	0.92728	1.02729	3.90029		
02:37:51	1400	1150	1442	1180	1699	0.92658	1.02736	3.89728		
02:38:01	1400	1150	1446	1218	1689	0.92875	1.02732	3.90723		
02:38:11	1400	1200	1449	1203	1683	0.92792	1.02719	3.90289		
02:38:21	1400	1200	1452	1202	1545	0.92787	1.02734	3.90320		
02:38:31	1400	1200	1454	1223	1590	0.92904	1.02763	3.90975		
02:38:41	1400	1200	1459	1200	1497	0.92774	1.02703	3.90144		
02:38:51	1400	1200	1465	1182	1482	0.92669	1.02736	3.89783		
02:39:01	1400	1200	1468	1209	1491	0.92824	1.02679	3.90284		
02:39:11	1400	1200	1475	1217	1484	0.92873	1.02724	3.90681		
02:39:21	1400	1200	1476	1202	1493	0.92787	1.02733	3.90316		
02:39:31	1400	1200	1476	1202	1493	0.92787	1.02733	3.90316		
02:39:41	1400	1200	1477	1225	1567	0.92918	1.02730	3.90916		
02:39:51	1400	1200	1485	1250	1544	0.93054	1.02746	3.91609		
02:40:01	1400	1200	1485	1237	1648	0.92985	1.02741	3.91268		
02:40:11	1400	1200	1488	1212	1357	0.92844	1.02757	3.90673		
02:40:21	1400	1200	1494	1230	1409	0.92946	1.02750	3.91121		
02:40:31	1500	1200	1505	1256	1333	0.93084	1.02751	3.91765		
02:40:41	1500	1200	1514	1240	1322	0.92999	1.02711	3.91219		
02:40:51	1500	1200	1513	1237	1525	0.92982	1.02705	3.91117		
02:41:01	1500	1200	1516	1229	1486	0.92940	1.02734	3.91034		
02:41:11	1500	1200	1516	1227	1554	0.92927	1.02764	3.91084		
02:41:21	1500	1200	1505	1237	1726	0.92984	1.02761	3.91339		
02:41:31	1400	1200	1494	1238	1667	0.92989	1.02763	3.91368		
02:41:41	1400	1200	1485	1246	1690	0.93030	1.02766	3.91573		
02:41:51	1400	1200	1483	1231	1575	0.92947	1.02786	3.91263		
02:42:01	1400	1200	1481	1233	1584	0.92958	1.02766	3.91238		
02:42:11	1400	1200	1487	1240	1377	0.92996	1.02745	3.91336		
02:42:21	1400	1200	1482	1210	1797	0.92834	1.02696	3.90397		
02:42:31	1400	1200	1475	1206	1806	0.92811	1.02679	3.90226		
02:42:41	1400	1200	1468	1207	1811	0.92817	1.02678	3.90246		
02:42:51	1400	1200	1460	1218	1821	0.92876	1.02724	3.90697		
02:43:01	1400	1200	1453	1218	1823	0.92877	1.02742	3.90770		
02:43:11	1400	1200	1438	1208	1833	0.92818	1.02732	3.90456		
02:43:21	1400	1200	1438	1218	1826	0.92875	1.02753	3.90803		
02:43:31	1400	1200	1439	1215	1828	0.92859	1.02740	3.90677		
02:43:41	1400	1200	1440	1218	1827	0.92876	1.02763	3.90847		
02:43:51	1400	1200	1437	1197	1820	0.92759	1.02788	3.90398		
02:44:01	1400	1200	1438	1224	1813	0.92911	1.02773	3.91046		
02:44:11	1400	1200	1439	1213	1810	0.92848	1.02748	3.90656		
02:44:21	1400	1200	1438	1208	1805	0.92823	1.02741	3.90516		
02:44:31	1400	1200	1441	1224	1780	0.92912	1.02729	3.90884		
02:44:41	1400	1200	1441	1202	1737	0.92788	1.02758	3.90415		
02:44:51	1400	1200	1446	1178	1461	0.92645	1.02789	3.89872		
02:45:01	1400	1200	1451	1197	1484	0.92758	1.02774	3.90340		
02:45:11	1400	1200	1462	1220	1386	0.92890	1.02807	3.91077		
02:45:21	1400	1200	1462	1209	1305	0.92827	1.02818	3.90828		
02:45:31	1400	1200	1484	1200	1292	0.92772	1.02826	3.90602		
02:45:41	1400	1150	1492	1196	1370	0.92749	1.02834	3.90526		
02:45:51	1400	1150	1498	1197	1334	0.92757	1.02840	3.90583		
02:46:01	1500	1200	1504	1190	1222	0.92714	1.02826	3.90332		
02:46:11	1500	1200	1505	1184	1215	0.92682	1.02837	3.90224		
02:46:21	1500	1150	1505	1197	1241	0.92755	1.02806	3.90446		
02:46:31	1500	1150	1503	1186	1288	0.92690	1.02805	3.90139		
02:46:41	1500	1150	1507	1204	1281	0.92795	1.02777	3.90522		
02:46:51	1500	1150	1509	1204	1281	0.92795	1.02777	3.90522		
02:47:01	1500	1150	1512	1216	1263	0.92868	1.02763	3.90810		
02:47:11	1500	1200	1513	1204	1256	0.92800	1.02734	3.90383		
02:47:21	1500	1200	1515	1212	1252	0.92842	1.02790	3.90789		
02:47:31	1500	1200	1520	1204	1216	0.92796	1.02724	3.90323		
02:47:41	1500	1200	1524	1206	1160	0.92809	1.02768	3.90554		
02:47:51	1500	1200	1527	1197	1153	0.92756	1.02770	3.90312		
02:48:01	1500	1200	1531	1218	1151	0.92878	1.02794	3.90970		
02:48:11	1500	1200	1536	1226	1203	0.92922	1.02756	3.91032		
02:48:21	1500	1200	1535	1217	1289	0.92874	1.02746	3.90769		
02:48:31	1500	1200	1532	1224	1411	0.92913	1.02767	3.91030		
02:48:41	1500	1200	1528	1210	1324	0.92832	1.02779	3.90703		
02:48:51	1500	1200	1524	1215	1362	0.92861	1.02812	3.90960		
02:49:01	1500	1200	1513	1208	1443	0.92819	1.02823	3.90808		
02:49:11	1500	1200	1504	1198	1393	0.92762	1.02765	3.90324		
02:49:21	1400	1200	1493	1177	1459	0.92640	1.02775	3.89796		
02:49:31	1400	1200	1491	1213	1458	0.92850	1.02772	3.90757		
02:49:41	1400	1200	1486	1195	1432	0.92744	1.02782	3.90304		
02:49:51	1400	1150	1483	1204	1407	0.92800	1.02798	3.90624		
02:50:01	1400	1150	1486	1216	1361	0.92863	1.02798	3.90919		
02:50:11	1400	1150	1488	1206	1359	0.92810	1.02801	3.90681		
02:50:21	1400	1200	1495	1204	1355	0.92797	1.02807	3.90645		
02:50:31	1400	1200	1496	1209	1400	0.92824	1.02806	3.90768		
02:50:41	1500	1200	1501	1213	1326	0.92847	1.02818	3.90920		
02:50:51	1500	1200	1506	1215	1298	0.92863	1.02791	3.90890		
02:51:01	1500	1200	1506	1215	1345	0.92860	1.02807	3.90936		
02:51:11	1500	1200	1511	1246	1362	0.93032	1.02789	3.91669		
02:51:21	1500	1200	1515	1235	1387	0.92969	1.02832	3.91541		
02:51:31	1500	1200	1516	1215	1367	0.92862	1.02798	3.90911		
02:51:41	1500	1200	1517	1221	1340	0.92892	1.02833	3.91184		
02:51:51	1500	1200	1519	1225	1286	0.92916	1.02823	3.91257		
02:52:01	1500	1200	1522	1225	1286	0.92916	1.02823	3.91257		
02:53:17	1500	1200	1524	1221	1194	0.92896	1.02806	3.91102		
02:53:27	1500	1200	1529	1226	1187	0.92923	1.02816	3.91263		
02:53:37	1500	1200	1535	1226	1195	0.92921	1.02816	3.91255		
02:53:47	1500	1200	1541	1235	1220	0.92971	1.02781	3.91353		
02:53:57	1500	1200	1543	1224	1203	0.92912	1.02863	3.91392		
02:54:07	1500	1200	1547	1234	1219	0.92964	1.02819	3.91468		
02:54:17	1500	1200	1546	1232	1246	0.92953	1.02861	3.91576		
02:54:27	1500	1200	1547	1240	1231	0.92999	1.02866	3.91810		
02:54:37	1500	1200	1550	1250	1211	0.93051	1.02831	3.91916		
02:54:47	1500	1200	1553	1256	1219	0.93086	1.02872	3.92236		
02:54:57	1500	1200	1546	1229	1439	0.92937	1.02893	3.91621		
02:55:07	1500	1200	1545	1253	1352	0.93069	1.02867	3.92137		
02:55:17	1500	1200	1545	1253	1252	0.93072	1.02841	3.92052		
02:55:27	1500	1200	1549	1253	1248	0.93067	1.02844	3.92043		
02:55:37	1500	1200	1547	1261	1317	0.93109	1.02850	3.92261		
02:55:47	1500	1200	1546	1258	1254	0.93094	1.02816	3.92058		
02:55:57	1500	1200	1559	1276	1228	0.93191	1.02827	3.92553		
02:56:07	1500	1200	1559	1257	1359	0.93093	1.02838	3.92138		
02:56:17	1500	1200	1552	1245	1460	0.93028	1.02808	3.91722		
02:56:27	1500	1200	1545	1258	1511	0.93095	1.02825	3.92097		
02:56:37	1500	1200	1533	1246	1673	0.93029	1.02845	3.91869		
02:56:47	1500	1200	1522	1254	1640	0.93072	1.02802	3.91906		
02:56:57	1500	1200	1507	1254	1640	0.93072	1.02802	3.91906		
02:57:07	1500	1200	1501	1259	1583	0.93102	1.02815	3.92093		
02:57:17	1400	1200	1500	1260	1596	0.93108	1.02852	3.92260		
02:57:27	1400	1200	1497	1264	1638	0.93129	1.02837	3.92304		
02:57:37	1500	1200	1504	1258	1485	0.93096	1.02812	3.92056		
02:57:47	1500	1200	1510	1263	1432	0.93124	1.02791	3.92102		
02:57:57	1500	1200	1519	1275	1425	0.93185	1.02822	3.92505		
02:58:07	1500	1200	1523	1267	1461	0.93145	1.02826	3.92333		
02:58:17	1500	1200	1527	1280	1559	0.93209	1.02877	3.92829		
02:58:27	1500	1200	1534	1285	1473	0.93234	1.02867	3.92905		
02:58:37	1500	1200	1537	1287	1500	0.93248	1.02865	3.92964		
02:58:47	1500	1200	1544	1298	1342	0.93299	1.02858	3.93174		
02:58:57	1500	1200	1544	1293	1475	0.93277	1.02862	3.93087		
02:59:07	1500	1200	1550	1300	1451	0.93312	1.02858	3.93232		
02:59:17	1500	1200	1556	1289	1382	0.93258	1.02867	3.93017		
02:59:27	1500	1200	1560	1298	1392	0.93300	1.02857	3.93174		
02:59:37	1500	1200	1557	1256	1426	0.93084	1.02852	3.92149		
02:59:47	1500	1200	1549	1270	1501	0.93158	1.02847	3.92478		
02:59:57	1500	1200	1544	1272	1573	0.93167	1.02850	3.92531		
03:00:07	1500	1200	1542	1300	1529	0.93310	1.02862	3.93239		
03:00:17	1500	1200	1538	1261	1388	0.93112	1.02843	3.92245		
03:00:27	1500	1200	1541	1301	1285	0.93314	1.02825	3.93118		
03:00:37	1500	1200	1548	1261	1230	0.93111	1.02831	3.92194		
03:00:47	1500	1200	1554	1268	1276	0.93149	1.02809	3.92290		
03:00:57	1500	1200	1562	1268	1276	0.93149	1.02809	3.92290		
03:01:07	1500	1200	1571	1292	1223	0.93271	1.02825	3.92918		
03:01:17	1500	1200	1578	1278	1218	0.93200	1.02811	3.92535		
03:01:27	1500	1200	1580	1297	1210	0.93299	1.02816	3.93011		
03:01:37	1500	1200	1586	1296	1220	0.93294	1.02810	3.92965		
