

			DELHI AIRPORT : 30 m Base line


Time	RVR	 MOR	RVR	MOR	BLM	Trf	 Ref(v)	PD(v)
	(limited)	(limited)	(actual)	(actual)

02:48:46	1150	850	194	869	1746	0.90163	1.03021	3.79188		
02:48:56	1150	850	389	878	1736	0.90258	1.03034	3.79682		


			DELHI AIRPORT : 30 m Base line


Time	RVR	 MOR	RVR	MOR	BLM	Trf	 Ref(v)	PD(v)
	(limited)	(limited)	(actual)	(actual)

02:49:26	1150	850	395	893	1746	0.90415	1.03021	3.80364		
02:49:36	1150	900	594	904	1753	0.90521	1.03008	3.80810		
02:49:46	1150	850	793	899	1761	0.90473	1.03022	3.80638		
02:49:56	1200	900	994	917	1752	0.90654	1.03012	3.81446		
02:50:06	1150	850	1192	899	1765	0.90476	1.03021	3.80647		
02:50:16	1150	850	1191	896	1784	0.90447	1.03018	3.80500		
02:50:26	1150	850	1191	896	1787	0.90445	1.03019	3.80494		
02:50:36	1150	900	1191	907	1777	0.90555	1.03030	3.81050		
02:50:46	1150	900	1190	895	1796	0.90429	1.03031	3.80467		
02:50:56	1150	900	1184	887	1815	0.90354	1.03006	3.80026		
02:51:06	1150	850	1185	907	1819	0.90556	1.02986	3.80893		
02:51:16	1150	850	1186	912	1828	0.90599	1.02995	3.81123		
02:51:26	1150	900	1188	911	1810	0.90598	1.02989	3.81096		
02:51:36	1150	900	1187	903	1802	0.90514	1.02953	3.80574		
02:51:46	1150	900	1187	896	1788	0.90448	1.02910	3.80109		
02:51:56	1150	900	1188	889	1767	0.90367	1.02929	3.79803		
02:52:06	1150	900	1188	896	1763	0.90440	1.02955	3.80237		
02:52:16	1150	850	1188	906	1745	0.90546	1.02913	3.80574		
02:52:26	1150	850	1189	915	1757	0.90628	1.02921	3.80988		
02:52:36	1150	900	1195	935	1735	0.90825	1.02943	3.81982		
02:52:46	1200	900	1201	933	1748	0.90800	1.02966	3.81953		
02:52:56	1200	900	1208	935	1747	0.90824	1.02981	3.82119		
02:53:06	1200	900	1209	897	1753	0.90454	1.02997	3.80456		
02:53:16	1200	900	1208	902	1753	0.90505	1.02985	3.80649		
02:53:26	1200	900	1208	912	1740	0.90605	1.02993	3.81147		
02:53:36	1200	900	1204	907	1732	0.90550	1.02980	3.80842		
02:53:46	1150	900	1200	908	1751	0.90559	1.03002	3.80966		
02:53:56	1150	900	1198	920	1771	0.90679	1.02984	3.81455		
02:54:06	1200	900	1202	924	1750	0.90721	1.02967	3.81590		
02:54:16	1200	900	1205	931	1815	0.90785	1.02976	3.81922		
02:54:26	1200	900	1206	925	1783	0.90730	1.02990	3.81714		
02:54:36	1200	900	1209	932	1804	0.90793	1.02999	3.82041		
02:54:46	1200	900	1210	921	1798	0.90694	1.02982	3.81521		
02:54:56	1200	900	1208	915	1837	0.90632	1.02992	3.81265		
02:55:06	1200	900	1205	912	1820	0.90604	1.02983	3.81104		
02:55:16	1200	900	1201	905	1828	0.90529	1.02967	3.80696		
02:55:26	1150	900	1197	904	1840	0.90527	1.02946	3.80609		
02:55:36	1150	900	1196	932	1844	0.90794	1.02971	3.81944		
02:55:46	1150	900	1196	923	1837	0.90708	1.02980	3.81577		
02:55:56	1150	900	1193	891	1832	0.90396	1.03019	3.80268		
02:56:06	1150	900	1196	935	1786	0.90820	1.03033	3.82293		
02:56:16	1150	900	1199	916	1764	0.90644	1.03030	3.81462		
02:56:26	1200	900	1203	929	1844	0.90768	1.03016	3.81988		
02:56:36	1200	900	1203	909	1844	0.90578	1.02986	3.80992		
02:56:46	1150	900	1195	890	1813	0.90385	1.02996	3.80130		
02:56:56	1200	900	1203	921	1637	0.90690	1.02982	3.81499		
02:57:06	1200	900	1202	934	1840	0.90812	1.02978	3.82055		
02:57:16	1200	900	1204	939	1847	0.90862	1.03012	3.82412		
