

			DELHI AIRPORT : 30 m Base line


Time	RVR	 MOR	RVR	MOR	BLM	Trf	 Ref(v)	PD(v)
	(limited)	(limited)	(actual)	(actual)

15:21:00	2000	3000	2121	7279	2	0.98771	1.03553	4.13356		
15:21:10	2000	3000	3333	7279	2	0.98771	1.03553	4.13356		
15:21:20	2000	3000	3333	7648	2	0.98830	1.03535	4.13555		
15:21:30	2000	3000	3333	7300	2	0.98775	1.03521	4.13244		
15:21:40	2000	3000	3333	7300	2	0.98775	1.03521	4.13244		
15:21:50	2000	3000	3333	7369	2	0.98786	1.03518	4.13285		
15:22:00	2000	3000	3333	7341	2	0.98781	1.03465	4.13052		
15:22:10	2000	3000	3333	7747	2	0.98845	1.03455	4.13303		
15:22:20	2000	3000	3333	7356	2	0.98784	1.03492	4.13171		
15:22:30	2000	3000	3333	7203	2	0.98758	1.03506	4.13109		
15:22:40	2000	3000	3333	7088	2	0.98738	1.03519	4.13069		
15:22:50	2000	3000	3333	7576	2	0.98819	1.03530	4.13484		
15:23:00	2000	3000	3333	7955	2	0.98875	1.03532	4.13749		
15:23:10	2000	3000	3333	7231	2	0.98763	1.03527	4.13215		
15:23:20	2000	3000	3333	7425	2	0.98795	1.03542	4.13422		
15:23:30	2000	3000	3333	7140	2	0.98747	1.03543	4.13207		
15:23:40	2000	3000	3333	7140	2	0.98747	1.03543	4.13207		
15:23:50	2000	3000	3333	7093	2	0.98739	1.03545	4.13177		
15:24:00	2000	3000	3333	7093	2	0.98739	1.03545	4.13177		
15:24:10	2000	3000	3333	6396	2	0.98603	1.03528	4.12483		
15:24:20	2000	3000	3333	6396	2	0.98603	1.03528	4.12483		
15:24:30	2000	3000	3333	6396	2	0.98603	1.03528	4.12483		
16:11:22	2000	3000	3333	8450	2	0.98941	1.03184	4.12658		
16:11:32	2000	3000	3333	8367	2	0.98930	1.03177	4.12582		
16:11:42	2000	3000	3333	8627	2	0.98962	1.03096	4.12405		
16:11:52	2000	3000	3333	8585	2	0.98957	1.03153	4.12610		
16:12:02	2000	3000	3333	8669	2	0.98967	1.03196	4.12828		
16:12:12	2000	3000	3333	8669	2	0.98967	1.03196	4.12828		
16:12:42	2000	3000	3333	8319	2	0.98924	1.03177	4.12554		
16:12:52	2000	3000	3333	8243	2	0.98914	1.03162	4.12449		
16:13:02	2000	3000	3333	7918	2	0.98870	1.03218	4.12470		
16:13:12	2000	3000	3333	7918	2	0.98870	1.03218	4.12470		
16:13:22	2000	3000	3333	8334	2	0.98926	1.03197	4.12643		
16:13:32	2000	3000	3333	8334	2	0.98926	1.03197	4.12643		
16:13:42	2000	3000	3333	7933	2	0.98872	1.03150	4.12208		
16:13:52	2000	3000	3333	7933	2	0.98872	1.03150	4.12208		
16:14:02	2000	3000	3333	8094	2	0.98894	1.03149	4.12306		
16:14:12	2000	3000	3333	8241	2	0.98914	1.03133	4.12332		
16:14:22	2000	3000	3333	8055	2	0.98889	1.03118	4.12158		
16:14:32	2000	3000	3333	7778	2	0.98850	1.03137	4.12054		
16:14:42	2000	3000	3333	7712	2	0.98840	1.03123	4.11953		
16:14:52	2000	3000	3333	7847	2	0.98860	1.03120	4.12032		
16:15:02	2000	3000	3333	8012	2	0.98883	1.03125	4.12159		
16:15:12	2000	3000	3333	8012	2	0.98883	1.03125	4.12159		
16:15:22	2000	3000	3333	7855	2	0.98861	1.03110	4.11997		
16:15:32	2000	3000	3333	8084	2	0.98893	1.03113	4.12156		
16:15:42	2000	3000	3333	8235	2	0.98913	1.03118	4.12268		
16:15:52	2000	3000	3333	8343	2	0.98927	1.03115	4.12320		
16:16:02	2000	3000	3333	8343	2	0.98927	1.03115	4.12320		
16:16:12	2000	3000	3333	8213	2	0.98910	1.03114	4.12239		
16:16:22	2000	3000	3333	8145	2	0.98901	1.03100	4.12142		
16:16:32	2000	3000	3333	8145	2	0.98901	1.03100	4.12142		
16:16:42	2000	3000	3333	8522	2	0.98950	1.03108	4.12395		
16:16:52	2000	3000	3333	8547	2	0.98953	1.03098	4.12369		
16:17:02	2000	3000	3333	8555	2	0.98953	1.03074	4.12277		
16:17:12	2000	3000	3333	8555	2	0.98953	1.03074	4.12277		
16:17:22	2000	3000	3333	8334	2	0.98926	1.03072	4.12143		
16:17:32	2000	3000	3333	8580	2	0.98957	1.03070	4.12275		
16:17:42	2000	3000	3333	8671	2	0.98967	1.03066	4.12309		
16:17:52	2000	3000	3333	8671	2	0.98967	1.03066	4.12309		
16:18:02	2000	3000	3333	8725	2	0.98974	1.03053	4.12286		
16:18:12	2000	3000	3333	8482	2	0.98944	1.03060	4.12180		
16:18:22	2000	3000	3333	9055	2	0.99011	1.03052	4.12452		
16:18:32	2000	3000	3333	8957	2	0.99000	1.03076	4.12499		
16:18:42	2000	3000	3333	9057	2	0.99011	1.03088	4.12597		
16:18:52	2000	3000	3333	9057	2	0.99011	1.03088	4.12597		
16:19:02	2000	3000	3333	8629	2	0.98962	1.03094	4.12398		
16:19:12	2000	3000	3333	8460	2	0.98942	1.03114	4.12384		
16:19:22	2000	3000	3333	8701	2	0.98971	1.03123	4.12553		
16:19:32	2000	3000	3333	8922	2	0.98996	1.03127	4.12685		
16:19:42	2000	3000	3333	8922	2	0.98996	1.03127	4.12685		
16:19:52	2000	3000	3333	8489	2	0.98945	1.03143	4.12516		
16:20:02	2000	3000	3333	8496	2	0.98946	1.03115	4.12408		
16:20:12	2000	3000	3333	8496	2	0.98946	1.03115	4.12408		
16:20:22	2000	3000	3333	8496	2	0.98946	1.03115	4.12408		
16:20:32	2000	3000	3333	8164	2	0.98904	1.03116	4.12217		
16:20:42	2000	3000	3333	6149	2	0.98547	1.03139	4.10678		
16:20:52	2000	3000	3333	6559	2	0.98637	1.03134	4.11071		
16:21:02	2000	3000	3333	7557	2	0.98816	1.03114	4.11809		
16:21:12	2000	3000	3333	8384	2	0.98932	1.03112	4.12332		
16:21:22	2000	3000	3333	8360	2	0.98929	1.03114	4.12326		
16:21:32	2000	3000	3333	8375	2	0.98931	1.03091	4.12243		
16:21:42	2000	3000	3333	8723	2	0.98974	1.03101	4.12477		
16:21:52	2000	3000	3333	7965	2	0.98876	1.03087	4.11977		
16:22:02	2000	3000	3333	8353	2	0.98928	1.03094	4.12242		
16:22:12	2000	3000	3333	8353	2	0.98928	1.03094	4.12242		
16:22:22	2000	3000	3333	8835	2	0.98986	1.03060	4.12372		
16:22:32	2000	3000	3333	7900	2	0.98867	1.03085	4.11927		
16:22:42	2000	3000	3333	8765	2	0.98978	1.03097	4.12483		
16:22:52	2000	3000	3333	8268	2	0.98917	1.03096	4.12200		
16:23:02	2000	3000	3333	8464	2	0.98942	1.03084	4.12266		
16:23:12	2000	3000	3333	8307	2	0.98922	1.03114	4.12295		
16:23:22	2000	3000	3333	8307	2	0.98922	1.03114	4.12295		
16:24:56	2000	3000	3333	8671	2	0.98967	1.03128	4.12557		
16:25:06	2000	3000	3333	8640	2	0.98964	1.03085	4.12368		
16:25:16	2000	3000	3333	8640	2	0.98964	1.03085	4.12368		
16:25:26	2000	3000	3333	8938	2	0.98998	1.03095	4.12565		
16:25:36	2000	3000	3333	8774	2	0.98979	1.03098	4.12492		
16:25:46	2000	3000	3333	8315	2	0.98923	1.03088	4.12196		
16:25:56	2000	3000	3333	8134	2	0.98900	1.03117	4.12203		
16:26:06	2000	3000	3333	8546	2	0.98952	1.03118	4.12448		
16:26:16	2000	3000	3333	8023	2	0.98885	1.03114	4.12122		
16:26:26	2000	3000	3333	8625	2	0.98962	1.03091	4.12384		
16:26:36	2000	3000	3333	8625	2	0.98962	1.03119	4.12496		
16:26:46	2000	3000	3333	8680	2	0.98969	1.03110	4.12490		
16:26:56	2000	3000	3333	8211	2	0.98910	1.03128	4.12294		
16:27:06	2000	3000	3333	8211	2	0.98910	1.03128	4.12294		
16:27:16	2000	3000	3333	8860	2	0.98989	1.03134	4.12681		
16:27:26	2000	3000	3333	8336	2	0.98926	1.03111	4.12300		
16:27:36	2000	3000	3333	8287	2	0.98920	1.03134	4.12363		
16:27:46	2000	3000	3333	7934	2	0.98872	1.03138	4.12161		
16:27:56	2000	3000	3333	7859	2	0.98861	1.03142	4.12128		
16:28:06	2000	3000	3333	8001	2	0.98882	1.03123	4.12144		
16:28:16	2000	3000	3333	8684	2	0.98969	1.03156	4.12676		
16:28:26	2000	3000	3333	8684	2	0.98969	1.03156	4.12676		
16:28:36	2000	3000	3333	7676	2	0.98834	1.03146	4.12020		
16:28:46	2000	3000	3333	7513	2	0.98809	1.03156	4.11945		
16:28:56	2000	3000	3333	7513	2	0.98809	1.03156	4.11945		
16:29:16	2000	3000	3333	8197	2	0.98908	1.03187	4.12521		
16:29:26	2000	3000	3333	8270	2	0.98918	1.03167	4.12485		
16:29:36	2000	3000	3333	8372	2	0.98931	1.03141	4.12441		
16:29:46	2000	3000	3333	7899	2	0.98867	1.03102	4.11994		
16:29:56	2000	3000	3333	8443	2	0.98940	1.03082	4.12246		
16:30:06	2000	3000	3333	8095	2	0.98894	1.03092	4.12079		
16:30:16	2000	3000	3333	8406	2	0.98935	1.03065	4.12157		
16:30:26	2000	3000	3333	8406	2	0.98935	1.03065	4.12157		
16:30:36	2000	3000	3333	8054	2	0.98889	1.03113	4.12137		
16:30:46	2000	3000	3333	7792	2	0.98852	1.03135	4.12055		
16:30:56	2000	3000	3333	8553	2	0.98953	1.03135	4.12520		
16:31:06	2000	3000	3333	8303	2	0.98922	1.03114	4.12293		
16:31:16	2000	3000	3333	8303	2	0.98922	1.03114	4.12293		
16:32:26	2000	3000	3333	8466	2	0.98943	1.03103	4.12343		
16:32:36	2000	3000	3333	8544	2	0.98952	1.03105	4.12395		
16:32:46	2000	3000	3333	8544	2	0.98952	1.03105	4.12395		
16:32:56	2000	3000	3333	8499	2	0.98947	1.03055	4.12170		
16:33:06	2000	3000	3333	8131	2	0.98899	1.03098	4.12125		
16:33:16	2000	3000	3333	8387	2	0.98933	1.03106	4.12310		
16:33:26	2000	3000	3333	8087	2	0.98893	1.03113	4.12158		
16:33:36	2000	3000	3333	8658	2	0.98966	1.03121	4.12522		
16:33:46	2000	3000	3333	8772	2	0.98979	1.03121	4.12583		
16:33:56	2000	3000	3333	8973	2	0.99002	1.03122	4.12691		
16:34:06	2000	3000	3333	8003	2	0.98882	1.03086	4.11997		
16:34:16	2000	3000	3333	8003	2	0.98882	1.03086	4.11997		
16:34:36	2000	3000	3333	8290	2	0.98920	1.03100	4.12229		
16:34:46	2000	3000	3333	8562	2	0.98954	1.03104	4.12401		
16:34:56	2000	3000	3333	7967	2	0.98877	1.03105	4.12050		
16:35:06	2000	3000	3333	7967	2	0.98877	1.03105	4.12050		
16:35:16	2000	3000	3333	7930	2	0.98871	1.03100	4.12006		
16:35:26	2000	3000	3333	7930	2	0.98871	1.03100	4.12006		
16:35:56	2000	3000	3333	8693	2	0.98970	1.03064	4.12313		
16:36:06	2000	3000	3333	8723	2	0.98974	1.03058	4.12305		
16:36:16	2000	3000	3333	7781	2	0.98850	1.03100	4.11908		
16:36:26	2000	3000	3333	8339	2	0.98927	1.03116	4.12322		
16:36:36	2000	3000	3333	7825	2	0.98856	1.03129	4.12053		
16:36:46	2000	3000	3333	7825	2	0.98856	1.03129	4.12053		
16:36:56	2000	3000	3333	8567	2	0.98955	1.03116	4.12452		
16:37:06	2000	3000	3333	9778	2	0.99084	1.03125	4.13077		
16:37:16	2000	3000	3333	8757	2	0.98978	1.03135	4.12631		
16:37:26	2000	3000	3333	8757	2	0.98978	1.03135	4.12631		
16:37:36	2000	3000	3333	8757	2	0.98978	1.03135	4.12631		
16:37:56	2000	3000	3333	8450	2	0.98941	1.03132	4.12450		
16:38:06	2000	3000	3333	8506	2	0.98948	1.03124	4.12450		
16:38:16	2000	3000	3333	8150	2	0.98902	1.03116	4.12209		
16:38:26	2000	3000	3333	8372	2	0.98931	1.03101	4.12281		
16:38:36	2000	3000	3333	8006	2	0.98882	1.03122	4.12143		
16:38:46	2000	3000	3333	8297	2	0.98921	1.03126	4.12337		
16:38:56	2000	3000	3333	8310	2	0.98923	1.03120	4.12321		
16:39:06	2000	3000	3333	7644	2	0.98829	1.03130	4.11934		
16:39:16	2000	3000	3333	7644	2	0.98829	1.03130	4.11934		
16:39:26	2000	3000	3333	7711	2	0.98840	1.03073	4.11753		
16:39:36	2000	3000	3333	8000	2	0.98881	1.03080	4.11971		
16:39:46	2000	3000	3333	8000	2	0.98881	1.03080	4.11971		
16:39:56	2000	3000	3333	7905	2	0.98868	1.03079	4.11906		
16:40:06	2000	3000	3333	7905	2	0.98868	1.03079	4.11906		
16:40:16	2000	3000	3333	8609	2	0.98960	1.03073	4.12303		
16:40:26	2000	3000	3333	8195	2	0.98908	1.03068	4.12044		
16:40:36	2000	3000	3333	8360	2	0.98929	1.03085	4.12210		
16:40:46	2000	3000	3333	8200	2	0.98908	1.03122	4.12263		
16:40:56	2000	3000	3333	8684	2	0.98969	1.03118	4.12524		
16:41:06	2000	3000	3333	8684	2	0.98969	1.03118	4.12524		
16:41:16	2000	3000	3333	8476	2	0.98944	1.03109	4.12373		
16:41:26	2000	3000	3333	8476	2	0.98944	1.03109	4.12373		
16:41:36	2000	3000	3333	7828	2	0.98857	1.03133	4.12071		
16:41:46	2000	3000	3333	7828	2	0.98857	1.03133	4.12071		
16:41:56	2000	3000	3333	8201	2	0.98909	1.03099	4.12172		
16:42:06	2000	3000	3333	7501	2	0.98807	1.03099	4.11709		
16:42:16	2000	3000	3333	7858	2	0.98861	1.03089	4.11915		
16:42:26	2000	3000	3333	8530	2	0.98950	1.03074	4.12263		
16:42:36	2000	3000	3333	8396	2	0.98934	1.03085	4.12231		
16:42:46	2000	3000	3333	8105	2	0.98896	1.03095	4.12097		
16:42:56	2000	3000	3333	8538	2	0.98951	1.03085	4.12312		
16:43:06	2000	3000	3333	8467	2	0.98943	1.03088	4.12284		
16:43:16	2000	3000	3333	8823	2	0.98985	1.03082	4.12454		
16:43:26	2000	3000	3333	8823	2	0.98985	1.03082	4.12454		
16:43:36	2000	3000	3333	8106	2	0.98896	1.03091	4.12082		
16:43:46	2000	3000	3333	8106	2	0.98896	1.03091	4.12082		
16:43:56	2000	3000	3333	7873	2	0.98863	1.03089	4.11925		
16:44:06	2000	3000	3333	7873	2	0.98863	1.03089	4.11925		
16:44:16	2000	3000	3333	7873	2	0.98863	1.03089	4.11925		
16:46:16	2000	3000	3333	7973	2	0.98878	1.03053	4.11846		
16:46:26	2000	3000	3333	8356	2	0.98929	1.03082	4.12196		
16:46:36	2000	3000	3333	8356	2	0.98929	1.03082	4.12196		
16:46:46	2000	3000	3333	8765	2	0.98978	1.03077	4.12403		
16:46:56	2000	3000	3333	8649	2	0.98965	1.03075	4.12333		
16:47:06	2000	3000	3333	8330	2	0.98925	1.03075	4.12153		
16:47:16	2000	3000	3333	8542	2	0.98952	1.03029	4.12090		
16:47:26	2000	3000	3333	8317	2	0.98924	1.03061	4.12089		
16:47:36	2000	3000	3333	7879	2	0.98864	1.03050	4.11773		
16:47:46	2000	3000	3333	8223	2	0.98911	1.03050	4.11989		
16:47:56	2000	3000	3333	8172	2	0.98905	1.03069	4.12034		
16:48:06	2000	3000	3333	8346	2	0.98927	1.03064	4.12118		
16:48:16	2000	3000	3333	8622	2	0.98962	1.03045	4.12198		
16:48:26	2000	3000	3333	8003	2	0.98882	1.03028	4.11765		
16:48:36	2000	3000	3333	8564	2	0.98955	1.03075	4.12286		
16:48:46	2000	3000	3333	8265	2	0.98917	1.03082	4.12142		
16:48:56	2000	3000	3333	8366	2	0.98930	1.03085	4.12214		
16:49:06	2000	3000	3333	8366	2	0.98930	1.03085	4.12214		
16:49:16	2000	3000	3333	8000	2	0.98881	1.03071	4.11935		
16:49:27	2000	3000	3333	8307	2	0.98922	1.03066	4.12103		
16:49:37	2000	3000	3333	8307	2	0.98922	1.03066	4.12103		
16:49:47	2000	3000	3333	8260	2	0.98916	1.03102	4.12219		
16:49:57	2000	3000	3333	8110	2	0.98896	1.03075	4.12020		
16:50:07	2000	3000	3333	8110	2	0.98896	1.03075	4.12020		
16:50:27	2000	3000	3333	8269	2	0.98918	1.03046	4.12001		
16:50:37	2000	3000	3333	8269	2	0.98918	1.03046	4.12001		
16:50:47	2000	3000	3333	8258	2	0.98916	1.03073	4.12102		
16:50:57	2000	3000	3333	8283	2	0.98919	1.03062	4.12073		
16:51:07	2000	3000	3333	8087	2	0.98893	1.03050	4.11906		
16:51:17	2000	3000	3333	7914	2	0.98869	1.03026	4.11700		
16:51:27	2000	3000	3333	8208	2	0.98909	1.03026	4.11884		
16:51:37	2000	3000	3333	8208	2	0.98909	1.03026	4.11884		
16:51:47	2000	3000	3333	8816	2	0.98984	1.03054	4.12338		
16:51:57	2000	3000	3333	7773	2	0.98849	1.03035	4.11643		
16:52:07	2000	3000	3333	7773	2	0.98849	1.03035	4.11643		
16:52:27	2000	3000	3333	7530	2	0.98812	1.03066	4.11598		
16:52:37	2000	3000	3333	8103	2	0.98895	1.03062	4.11964		
16:52:47	2000	3000	3333	8934	2	0.98998	1.03075	4.12483		
16:52:57	2000	3000	3333	8772	2	0.98979	1.03053	4.12311		
16:53:07	2000	3000	3333	8105	2	0.98896	1.03051	4.11921		
16:53:17	2000	3000	3333	8460	2	0.98942	1.03054	4.12144		
16:53:27	2000	3000	3333	8150	2	0.98902	1.03082	4.12073		
16:53:37	2000	3000	3333	8408	2	0.98935	1.03084	4.12234		
16:53:47	2000	3000	3333	8492	2	0.98946	1.03069	4.12222		
16:53:57	2000	3000	3333	8492	2	0.98946	1.03069	4.12222		
16:54:27	2000	3000	3333	8693	2	0.98970	1.03123	4.12549		
16:54:37	2000	3000	3333	8487	2	0.98945	1.03146	4.12527		
16:54:47	2000	3000	3333	8487	2	0.98945	1.03146	4.12527		
16:55:07	2000	3000	3333	8598	2	0.98959	1.03149	4.12601		
16:55:17	2000	3000	3333	9399	2	0.99047	1.03154	4.13025		
16:55:27	2000	3000	3333	8512	2	0.98948	1.03131	4.12481		
16:55:37	2000	3000	3333	9292	2	0.99036	1.03140	4.12919		
16:55:47	2000	3000	3333	9792	2	0.99085	1.03122	4.13071		
16:55:57	2000	3000	3333	7887	2	0.98865	1.03122	4.12066		
16:56:07	2000	3000	3333	7594	2	0.98822	1.03146	4.11963		
16:56:17	2000	3000	3333	7723	2	0.98841	1.03118	4.11941		
16:56:27	2000	3000	3333	7713	2	0.98840	1.03109	4.11898		
16:56:37	2000	3000	3333	7853	2	0.98860	1.03069	4.11832		
16:56:47	2000	3000	3333	7695	2	0.98837	1.03056	4.11674		
16:56:57	2000	3000	3333	7847	2	0.98860	1.03058	4.11784		
16:57:07	2000	3000	3333	8274	2	0.98918	1.02998	4.11812		
16:57:17	2000	3000	3333	7403	2	0.98792	1.03004	4.11258		
16:57:27	2000	3000	3333	8431	2	0.98938	1.03037	4.12059		
16:57:37	2000	3000	3333	8753	2	0.98977	1.03035	4.12229		
16:57:47	2000	3000	3333	7717	2	0.98840	1.02985	4.11405		
16:57:57	2000	3000	3333	7717	2	0.98840	1.02983	4.11397		
16:58:07	2000	3000	3333	8521	2	0.98949	1.03009	4.11998		
16:58:17	2000	3000	3333	9325	2	0.99039	1.03032	4.12502		
16:58:27	2000	3000	3333	8346	2	0.98927	1.03053	4.12074		
16:58:37	2000	3000	3333	8214	2	0.98910	1.03061	4.12028		
16:58:47	2000	3000	3333	8214	2	0.98910	1.03061	4.12028		
16:58:57	2000	3000	3333	8199	2	0.98908	1.03039	4.11931		
16:59:07	2000	3000	3333	8757	2	0.98978	1.03051	4.12295		
16:59:17	2000	3000	3333	8774	2	0.98979	1.03061	4.12344		
16:59:27	2000	3000	3333	8249	2	0.98915	1.03031	4.11929		
16:59:37	2000	3000	3333	8866	2	0.98990	1.03035	4.12288		
16:59:47	2000	3000	3333	8324	2	0.98925	1.03010	4.11889		
16:59:57	2000	3000	3333	8427	2	0.98938	1.03083	4.12241		
17:00:07	2000	3000	3333	8273	2	0.98918	1.03080	4.12139		
17:00:17	2000	3000	3333	8368	2	0.98930	1.03085	4.12215		
17:00:27	2000	3000	3333	8723	2	0.98974	1.03100	4.12473		
17:00:37	2000	3000	3333	8831	2	0.98986	1.03099	4.12526		
17:00:47	2000	3000	3333	8710	2	0.98972	1.03044	4.12242		
17:00:57	2000	3000	3333	9106	2	0.99016	1.03086	4.12613		
17:01:07	2000	3000	3333	8864	2	0.98990	1.03098	4.12539		
17:01:17	2000	3000	3333	8864	2	0.98990	1.03098	4.12539		
17:01:27	2000	3000	3333	8864	2	0.98990	1.03098	4.12539		
17:01:47	2000	3000	3333	8862	2	0.98990	1.03117	4.12614		
17:01:57	2000	3000	3333	8846	2	0.98988	1.03098	4.12530		
17:02:07	2000	3000	3333	8981	2	0.99003	1.03055	4.12427		
17:02:17	2000	3000	3333	9151	2	0.99021	1.03042	4.12459		
17:02:27	2000	3000	3333	9151	2	0.99021	1.03042	4.12459		
17:02:37	2000	3000	3333	8868	2	0.98990	1.03062	4.12397		
17:02:47	2000	3000	3333	8868	2	0.98990	1.03062	4.12397		
17:02:57	2000	3000	3333	8975	2	0.99002	1.03065	4.12464		
17:03:07	2000	3000	3333	8877	2	0.98991	1.03063	4.12406		
17:03:17	2000	3000	3333	9118	2	0.99018	1.03067	4.12543		
17:03:27	2000	3000	3333	9463	2	0.99053	1.03062	4.12686		
17:03:37	2000	3000	3333	9067	2	0.99012	1.03076	4.12554		
17:03:47	2000	3000	3333	9067	2	0.99012	1.03076	4.12554		
17:03:57	2000	3000	3333	9067	2	0.99012	1.03076	4.12554		
17:04:07	2000	3000	3333	8508	2	0.98948	1.03098	4.12347		
17:04:17	2000	3000	3333	9320	2	0.99039	1.03109	4.12808		
17:04:27	2000	3000	3333	9790	2	0.99085	1.03089	4.12938		
17:04:37	2000	3000	3333	9155	2	0.99022	1.03086	4.12637		
17:04:47	2000	3000	3333	9329	2	0.99040	1.03089	4.12732		
17:04:57	2000	3000	3333	9229	2	0.99030	1.03094	4.12705		
17:05:07	2000	3000	3333	9512	2	0.99058	1.03079	4.12776		
17:05:17	2000	3000	3333	9758	2	0.99082	1.03075	4.12868		
17:05:27	2000	3000	3333	8653	2	0.98965	1.03065	4.12295		
17:05:37	2000	3000	3333	8640	2	0.98964	1.03034	4.12164		
17:05:47	2000	3000	3333	8640	2	0.98964	1.03034	4.12164		
17:05:57	2000	3000	3333	9147	2	0.99021	1.03045	4.12469		
17:06:07	2000	3000	3333	9175	2	0.99024	1.03060	4.12543		
17:06:17	2000	3000	3333	9175	2	0.99024	1.03060	4.12543		
17:06:27	2000	3000	3333	9175	2	0.99024	1.03060	4.12543		
