

			DELHI AIRPORT : 30 m Base line


Time	RVR	 MOR	RVR	MOR	BLM	Trf	 Ref(v)	PD(v)
	(limited)	(limited)	(actual)	(actual)

07:11:58	2000	3000	1659	9955	3800	0.99100	1.03257	4.51984		
07:12:08	2000	3000	3318	9955	3801	0.99100	1.03288	4.51674		
07:12:18	2000	3000	3333	9955	3800	0.99100	1.03264	4.51811		


			DELHI AIRPORT : 30 m Base line


Time	RVR	 MOR	RVR	MOR	BLM	Trf	 Ref(v)	PD(v)
	(limited)	(limited)	(actual)	(actual)

07:14:58	2000	3000	1659	9955	3845	0.99100	1.03288	4.52612		
07:15:08	2000	3000	3318	9955	3845	0.99100	1.03288	4.52612		
07:15:18	2000	3000	3333	9955	3851	0.99100	1.03264	4.51904		
07:15:28	2000	3000	3333	9955	3851	0.99100	1.03264	4.51904		
07:15:38	2000	3000	3333	9955	3851	0.99100	1.03298	4.52598		
07:15:48	2000	3000	3333	9955	3851	0.99100	1.03298	4.52598		
07:15:58	2000	3000	3333	9955	3849	0.99100	1.03308	4.52030		
07:16:08	2000	3000	3333	9955	3849	0.99100	1.03319	4.52032		
07:16:18	2000	3000	3333	9955	3849	0.99100	1.03319	4.52032		
07:16:28	2000	3000	3333	9955	3850	0.99100	1.03307	4.51683		
07:16:38	2000	3000	3333	9955	3852	0.99100	1.03279	4.52268		
07:16:48	2000	3000	3333	9955	3855	0.99100	1.03241	4.50996		
07:16:58	2000	3000	3333	9955	3856	0.99100	1.03258	4.51327		
07:17:08	2000	3000	3333	9955	3858	0.99100	1.03248	4.52441		
07:17:18	2000	3000	3333	9955	3861	0.99100	1.03255	4.52024		
07:17:28	2000	3000	3333	9955	3864	0.99100	1.03242	4.51253		
07:17:38	2000	3000	3333	9955	3865	0.99100	1.03215	4.51985		
07:17:48	2000	3000	3333	9955	3867	0.99100	1.03252	4.51352		
07:17:58	2000	3000	3333	9955	3868	0.99100	1.03256	4.51327		
07:18:08	2000	3000	3333	9955	3867	0.99100	1.03236	4.49580		
07:18:18	2000	3000	3333	9955	3866	0.99100	1.03241	4.50959		
07:18:28	2000	3000	3333	9955	3866	0.99100	1.03241	4.50959		
07:18:38	2000	3000	3333	9955	3866	0.99100	1.03241	4.50959		
07:18:48	2000	3000	3333	9955	3870	0.99100	1.03233	4.51182		
07:18:58	2000	3000	3333	9955	3871	0.99100	1.03213	4.51575		
07:19:08	2000	3000	3333	9955	3872	0.99100	1.03238	4.50604		
07:19:18	2000	3000	3333	9955	3873	0.99100	1.03217	4.51655		
07:19:28	2000	3000	3333	9955	3873	0.99100	1.03217	4.51655		
07:19:38	2000	3000	3333	9955	3868	0.99100	1.03213	4.51532		
07:19:48	2000	3000	3333	9955	3866	0.99100	1.03238	4.51845		
07:19:58	2000	3000	3333	9955	3864	0.99100	1.03242	4.51058		
07:20:08	2000	3000	3333	9955	3860	0.99100	1.03232	4.50926		
07:20:18	2000	3000	3333	9955	3858	0.99100	1.03234	4.52048		
07:20:28	2000	3000	3333	9955	3856	0.99100	1.03247	4.51088		
07:20:38	2000	3000	3333	9955	3854	0.99100	1.03267	4.51803		
07:20:48	2000	3000	3333	9955	3857	0.99100	1.03269	4.51116		
07:20:58	2000	3000	3333	9955	3860	0.99100	1.03276	4.50977		
07:21:08	2000	3000	3333	9955	3863	0.99100	1.03274	4.51668		


			DELHI AIRPORT : 30 m Base line


Time	RVR	 MOR	RVR	MOR	BLM	Trf	 Ref(v)	PD(v)
	(limited)	(limited)	(actual)	(actual)

09:51:33	2000	3000	1659	9955	4322	0.99100	1.03171	4.49506		
09:51:43	2000	3000	3318	9955	4322	0.99100	1.03168	4.50732		
09:51:53	2000	3000	3333	9955	4322	0.99100	1.03219	4.49374		
09:52:03	2000	3000	3333	5229	4321	0.98294	1.03165	4.49605		
09:52:13	2000	3000	3333	5228	4321	0.98293	1.03165	4.49605		
09:52:23	2000	3000	3333	6073	4321	0.98529	1.03188	4.50889		
09:52:33	2000	3000	3333	6244	4323	0.98569	1.03180	4.51054		
09:52:43	2000	3000	3333	5852	4325	0.98474	1.03201	4.50669		
09:52:53	2000	3000	3333	5920	4326	0.98491	1.03241	4.50931		
09:53:03	2000	3000	3333	5920	4326	0.98491	1.03241	4.50931		
09:53:13	2000	3000	3333	6029	4334	0.98518	1.03198	4.50879		
09:53:23	2000	3000	3333	5727	4340	0.98441	1.03226	4.50612		
09:53:33	2000	3000	3333	5179	4343	0.98277	1.03231	4.49811		
09:53:43	2000	3000	3333	5799	4343	0.98460	1.03237	4.50756		
09:53:53	2000	3000	3333	5592	4342	0.98403	1.03259	4.50568		


			DELHI AIRPORT : 30 m Base line


Time	RVR	 MOR	RVR	MOR	BLM	Trf	 Ref(v)	PD(v)
	(limited)	(limited)	(actual)	(actual)

09:54:09	2000	3000	1941	6057	4343	0.98525	1.03249	4.51136		


			DELHI AIRPORT : 30 m Base line


Time	RVR	 MOR	RVR	MOR	BLM	Trf	 Ref(v)	PD(v)
	(limited)	(limited)	(actual)	(actual)

09:54:36	2000	3000	836	5021	4343	0.98224	1.03258	4.49660		
09:54:46	2000	3000	1861	6148	4338	0.98547	1.03256	4.51275		
