

			DELHI AIRPORT : 30 m Base line


Time	RVR	 MOR	RVR	MOR	BLM	Trf	 Ref(v)	PD(v)
	(limited)	(limited)	(actual)	(actual)



			DELHI AIRPORT : 30 m Base line


Time	RVR	 MOR	RVR	MOR	BLM	Trf	 Ref(v)	PD(v)
	(limited)	(limited)	(actual)	(actual)

02:47:37	2000	3000	1659	9955	3143	0.99100	1.13303	3.20874		
02:47:47	2000	3000	3318	9955	3145	0.99100	1.13311	3.20802		
02:47:58	2000	3000	3333	9955	3147	0.99100	1.13314	3.22814		
02:48:08	2000	3000	3333	9955	3148	0.99100	1.13308	3.23826		
02:48:18	2000	3000	3333	9955	3150	0.99100	1.13306	3.09452		
02:48:28	2000	3000	3333	9955	3152	0.99100	1.13307	3.04155		
02:48:38	2000	3000	3333	9955	3152	0.99100	1.13307	3.04155		
02:48:48	2000	3000	3333	9955	3160	0.99100	1.13325	3.15840		
02:48:58	2000	3000	3333	9955	3166	0.99100	1.13320	3.19410		
02:49:09	2000	3000	3333	9955	3168	0.99100	1.13322	3.26462		
02:49:19	2000	3000	3333	9955	3172	0.99100	1.13319	3.19597		
02:49:29	2000	3000	3333	9955	3175	0.99100	1.13319	3.22320		
02:49:39	2000	3000	3333	9955	3176	0.99100	1.13316	3.20915		
02:49:49	2000	3000	3333	9955	3177	0.99100	1.13316	3.14150		
02:49:59	2000	3000	3333	9955	3179	0.99100	1.13306	3.11401		
02:50:09	2000	3000	3333	9955	3181	0.99100	1.13305	3.18328		
02:50:19	2000	3000	3333	9955	3183	0.99100	1.13304	3.17815		
02:50:30	2000	3000	3333	9955	3186	0.99100	1.13304	3.16009		
02:50:40	2000	3000	3333	9955	3187	0.99100	1.13294	3.10580		
02:50:50	2000	3000	3333	9955	3189	0.99100	1.13297	3.15156		
02:51:00	2000	3000	3333	9955	3189	0.99100	1.13297	3.15156		


			DELHI AIRPORT : 30 m Base line


Time	RVR	 MOR	RVR	MOR	BLM	Trf	 Ref(v)	PD(v)
	(limited)	(limited)	(actual)	(actual)

09:23:11	2000	3000	1659	9955	2724	0.99100	1.13800	2.58513		
09:23:21	2000	3000	3318	9955	2723	0.99100	1.13807	2.61765		
09:23:31	2000	3000	3333	9955	2724	0.99100	1.13812	2.78886		
09:23:41	2000	3000	3333	9955	2724	0.99100	1.13819	2.79724		
09:23:51	2000	3000	3333	9955	2724	0.99100	1.13821	2.71535		
09:24:01	2000	3000	3333	9955	2724	0.99100	1.13821	2.71535		
