

			DELHI AIRPORT : 30 m Base line


Time	RVR	 MOR	RVR	MOR	BLM	Trf	 Ref(v)	PD(v)
	(limited)	(limited)	(actual)	(actual)

00:05:56	2000	3000	3333	9955	80	0.99100	1.13816	2.28510		
00:06:07	2000	3000	3333	9955	80	0.99100	1.13816	2.28510		
00:30:46	2000	3000	3333	9955	483	0.99100	1.13888	2.25318		
00:30:56	2000	3000	3333	9955	483	0.99100	1.13888	2.25318		
00:31:06	2000	3000	3333	9955	483	0.99100	1.13888	2.25318		
00:33:47	2000	3000	3333	9955	548	0.99100	1.13827	2.26068		
00:33:57	2000	3000	3333	9955	548	0.99100	1.13827	2.26068		
10:16:05	2000	3000	3333	345	2601	0.77034	1.13580	1.55871		
10:16:15	2000	3000	3333	345	2601	0.77034	1.13580	1.55871		
10:16:25	2000	3000	3333	345	2601	0.77034	1.13580	1.55871		
10:23:23	2000	3000	3333	308	2539	0.74695	1.13603	1.50562		
10:23:33	2000	1900	2129	308	2539	0.74695	1.13603	1.50562		
10:23:43	550	325	559	308	2539	0.74695	1.13603	1.50562		
10:25:04	550	300	557	334	2559	0.76409	1.13602	1.54474		
10:25:14	550	300	555	334	2559	0.76409	1.13602	1.54474		
10:25:25	550	300	554	334	2559	0.76409	1.13602	1.54474		
11:19:43	550	300	561	334	2053	0.76357	1.13612	1.54369		
11:19:53	550	325	569	334	2053	0.76357	1.13612	1.54369		
11:35:40	575	325	582	353	1780	0.77471	1.13649	1.56963		
11:35:50	575	325	591	353	1780	0.77471	1.13649	1.56963		
11:40:53	575	325	594	328	1707	0.76006	1.13660	1.53633		
11:41:03	575	325	597	328	1707	0.76006	1.13660	1.53633		
11:41:13	575	325	598	328	1707	0.76006	1.13660	1.53633		
12:17:47	600	325	610	353	1171	0.77522	1.13723	1.57183		
12:17:58	600	325	615	353	1171	0.77522	1.13723	1.57183		
12:31:40	600	325	625	359	926	0.77829	1.13733	1.57898		
12:31:51	625	325	640	359	926	0.77829	1.13733	1.57898		
12:41:18	650	350	659	370	761	0.78400	1.13783	1.59272		
12:41:28	675	350	679	370	761	0.78400	1.13783	1.59272		
12:41:38	675	350	689	370	761	0.78400	1.13783	1.59272		
12:49:51	700	350	702	372	617	0.78501	1.13802	1.59531		
12:50:01	700	350	710	372	617	0.78501	1.13802	1.59531		
12:54:05	700	350	717	359	527	0.77814	1.13779	1.57927		
12:54:16	700	350	720	359	527	0.77814	1.13779	1.57927		
12:56:18	725	350	727	375	480	0.78672	1.13786	1.59898		
12:56:28	725	350	735	375	480	0.78672	1.13786	1.59898		
13:07:09	750	375	760	434	316	0.81273	1.13819	1.65895		
13:07:20	775	375	786	434	316	0.81273	1.13819	1.65895		
13:07:30	800	400	814	438	311	0.81443	1.13821	1.66287		
13:07:40	800	400	842	440	308	0.81486	1.13822	1.66387		
13:07:50	850	425	865	440	308	0.81486	1.13822	1.66387		
13:08:00	850	425	888	440	308	0.81486	1.13822	1.66387		
13:08:21	850	425	889	437	298	0.81395	1.13822	1.66179		
13:08:31	850	425	891	437	298	0.81395	1.13822	1.66179		
13:08:41	850	425	892	437	298	0.81395	1.13822	1.66179		
13:10:33	850	425	879	384	266	0.79122	1.13825	1.60983		
13:10:43	850	400	867	384	264	0.79105	1.13826	1.60946		
13:10:54	850	400	855	384	264	0.79105	1.13826	1.60946		
13:22:01	850	400	858	398	129	0.79771	1.13895	1.62568		
13:22:11	850	375	860	398	129	0.79771	1.13895	1.62568		
13:23:53	850	375	865	399	111	0.79790	1.13911	1.62635		
13:24:03	850	375	882	399	111	0.79790	1.13911	1.62635		
13:30:30	900	375	910	396	52	0.79662	1.13963	1.62415		
13:30:41	900	375	938	396	52	0.79662	1.13963	1.62415		
13:36:46	950	375	968	391	16	0.79431	1.13929	1.61839		
13:36:56	950	375	997	391	16	0.79431	1.13929	1.61839		
13:39:07	1000	375	1031	382	9	0.79003	1.13944	1.60879		
13:39:17	1050	375	1064	382	9	0.79003	1.13944	1.60879		
13:46:30	1100	375	1119	405	2	0.80055	1.13944	1.63288		
13:46:41	1150	375	1175	405	2	0.80055	1.13944	1.63288		
13:46:51	1200	375	1214	405	2	0.80055	1.13944	1.63288		
13:56:05	1200	375	1258	415	2	0.80509	1.14019	1.64436		
13:56:15	1200	400	1295	415	2	0.80509	1.14019	1.64436		
13:58:57	1300	400	1331	411	2	0.80331	1.14045	1.64065		
13:59:07	1300	400	1334	411	2	0.80331	1.14045	1.64065		
13:59:17	1300	400	1336	411	2	0.80331	1.14045	1.64065		
14:04:23	1300	400	1337	406	2	0.80118	1.13988	1.63495		
14:04:33	1300	400	1333	406	2	0.80118	1.13988	1.63495		
14:21:49	1300	400	1334	418	2	0.80628	1.14033	1.64730		
14:22:00	1300	400	1338	418	2	0.80628	1.14033	1.64730		
14:22:10	1300	400	1341	418	2	0.80628	1.14033	1.64730		
14:29:17	1300	400	1351	433	2	0.81241	1.14023	1.66119		
14:29:27	1300	400	1363	433	2	0.81241	1.14023	1.66119		
14:30:37	1300	400	1368	417	2	0.80573	1.14033	1.64603		
14:30:47	1300	400	1368	419	2	0.80660	1.14041	1.64814		
14:30:57	1300	400	1368	419	2	0.80660	1.14041	1.64814		
14:31:08	1300	400	1369	419	2	0.80660	1.14041	1.64814		
14:34:29	1300	400	1359	411	2	0.80348	1.14038	1.64095		
14:34:39	1300	400	1349	411	2	0.80348	1.14038	1.64095		
14:34:49	1300	400	1347	411	2	0.80348	1.14038	1.64095		
14:35:30	1300	400	1343	410	2	0.80290	1.14050	1.63979		
14:35:40	1300	400	1339	410	2	0.80290	1.14050	1.63979		
14:35:50	1300	400	1336	413	2	0.80425	1.14052	1.64290		
14:36:00	1300	400	1337	413	2	0.80425	1.14052	1.64290		
14:40:42	1300	400	1337	410	2	0.80306	1.14076	1.64053		
14:40:52	1300	400	1337	410	2	0.80306	1.14076	1.64053		
15:08:34	1300	400	1375	498	2	0.83464	1.14070	1.71285		
15:08:45	1400	425	1414	498	2	0.83464	1.14070	1.71285		
15:08:55	1400	450	1451	498	2	0.83464	1.14070	1.71285		
15:12:16	1500	450	1505	535	2	0.84527	1.14060	1.73705		
15:12:26	1500	475	1559	535	2	0.84527	1.14060	1.73705		
15:12:36	1600	500	1614	535	2	0.84527	1.14060	1.73705		
15:15:28	1600	525	1654	592	2	0.85894	1.14057	1.76834		
15:15:38	1600	525	1694	592	2	0.85894	1.14057	1.76834		
15:24:48	2000	850	2376	2473	2	0.96426	1.14061	2.00984		
15:24:59	2000	1150	3043	2473	2	0.96426	1.14061	2.00984		
15:25:09	2000	1500	3333	2473	2	0.96426	1.14061	2.00984		
15:25:29	2000	1500	3333	944	2	0.90906	1.14064	1.88335		
15:25:39	2000	1600	3333	944	2	0.90906	1.14064	1.88335		
15:25:50	2000	1700	3333	944	2	0.90906	1.14064	1.88335		


			DELHI AIRPORT : 30 m Base line


Time	RVR	 MOR	RVR	MOR	BLM	Trf	 Ref(v)	PD(v)
	(limited)	(limited)	(actual)	(actual)

15:36:43	2000	1150	516	1151	2	0.92478	1.14047	1.91911		
15:36:54	2000	1150	1032	1151	2	0.92478	1.14047	1.91911		
15:37:04	2000	1150	1548	1151	2	0.92478	1.14047	1.91911		
15:56:34	2000	1900	2332	1950	2	0.95489	1.14037	1.98793		
15:56:45	2000	1900	3116	1950	2	0.95489	1.14037	1.98793		
16:22:31	1500	475	3333	487	2	0.83139	1.14048	1.70507		
16:22:41	1500	475	3113	487	2	0.83139	1.14048	1.70507		
16:22:51	1500	475	2853	487	2	0.83139	1.14048	1.70507		
16:30:09	2000	1000	2674	680	2	0.87607	1.14038	1.80731		
16:30:19	2000	775	2227	680	2	0.87607	1.14038	1.80731		
16:43:22	1700	575	1795	717	2	0.88200	1.14032	1.82081		
16:43:32	1800	625	1891	717	2	0.88200	1.14032	1.82081		
16:46:55	1900	625	1937	596	2	0.85977	1.14038	1.76995		
16:47:05	1900	650	1983	596	2	0.85977	1.14038	1.76995		
16:47:15	1900	625	1948	596	2	0.85977	1.14038	1.76995		
16:51:40	1900	625	1906	576	2	0.85544	1.14030	1.75990		
16:51:50	1800	600	1848	576	2	0.85544	1.14030	1.75990		
16:55:24	1800	625	1892	828	2	0.89703	1.14004	1.85479		
16:55:34	1900	650	1985	828	2	0.89703	1.14004	1.85479		
16:55:45	2000	700	2079	828	2	0.89703	1.14004	1.85479		
17:02:11	2000	725	2131	724	2	0.88314	1.13995	1.82282		
17:02:22	2000	750	2192	724	2	0.88314	1.13995	1.82282		
17:05:55	2000	800	2402	1121	2	0.92285	1.14007	1.91401		
17:06:06	2000	850	2512	1121	2	0.92285	1.14007	1.91401		
17:09:28	2000	850	2442	653	2	0.87119	1.14022	1.79588		
17:09:39	2000	800	2372	653	2	0.87119	1.14022	1.79588		
17:09:49	2000	800	2364	704	2	0.88004	1.14025	1.81620		
17:09:59	2000	800	2356	704	2	0.88004	1.14025	1.81620		
17:10:09	2000	750	2186	675	2	0.87512	1.14027	1.80495		
17:10:19	2000	675	2016	675	2	0.87512	1.14027	1.80495		
17:10:30	2000	675	2025	675	2	0.87512	1.14027	1.80495		
17:12:01	2000	650	2008	613	2	0.86353	1.14023	1.77834		
17:12:11	1900	650	1971	613	2	0.86353	1.14023	1.77834		
17:12:22	1900	625	1934	613	2	0.86353	1.14023	1.77834		
17:13:53	1900	625	1932	670	2	0.87431	1.14032	1.80319		
17:14:03	1900	625	1933	677	2	0.87555	1.14035	1.80608		
17:14:13	1900	625	1934	677	2	0.87555	1.14035	1.80608		
17:17:57	1900	625	1950	651	2	0.87080	1.14023	1.79500		
17:18:08	1900	650	1961	642	2	0.86911	1.14022	1.79112		
17:18:18	2000	650	2005	721	2	0.88268	1.14021	1.82219		
17:18:28	2000	675	2026	721	2	0.88268	1.14021	1.82219		
17:19:49	2000	700	2076	805	2	0.89419	1.14007	1.84833		
17:20:00	2000	700	2127	805	2	0.89419	1.14007	1.84833		
17:20:10	2000	725	2188	805	2	0.89419	1.14007	1.84833		
17:24:04	2000	725	2174	606	2	0.86192	1.14002	1.77433		
17:24:14	2000	700	2127	606	2	0.86192	1.14002	1.77433		
17:24:45	2000	700	2092	636	2	0.86798	1.14003	1.78821		
17:24:55	2000	675	2027	641	2	0.86909	1.14004	1.79079		
17:25:05	1900	650	1962	641	2	0.86909	1.14004	1.79079		
17:28:29	1800	625	1900	650	2	0.87078	1.14014	1.79480		
17:28:39	1900	625	1919	650	2	0.87078	1.14014	1.79480		
17:41:10	2000	650	2010	833	2	0.89761	1.14006	1.85615		
17:41:20	2000	700	2089	833	2	0.89761	1.14006	1.85615		
17:46:04	2000	725	2179	871	2	0.90178	1.14011	1.86579		
17:46:14	2000	750	2221	745	2	0.88621	1.14006	1.83004		
17:46:25	2000	775	2263	756	2	0.88777	1.14004	1.83358		
17:46:35	2000	775	2306	756	2	0.88777	1.14004	1.83358		
17:46:45	2000	775	2276	756	2	0.88777	1.14004	1.83358		
17:49:18	2000	775	2272	824	2	0.89650	1.13998	1.85349		
17:49:28	2000	775	2254	824	2	0.89650	1.13998	1.85349		
18:01:20	2000	800	2404	1142	2	0.92423	1.13951	1.91622		
18:01:31	2000	900	2549	1142	2	0.92423	1.13951	1.91622		
18:03:22	2000	1000	2786	1404	2	0.93789	1.13949	1.94748		
18:03:33	2000	1100	3024	1404	2	0.93789	1.13949	1.94748		
18:11:40	2000	1300	3333	2011	2	0.95623	1.13962	1.98971		
18:11:50	2000	1500	3333	2011	2	0.95623	1.13962	1.98971		
18:12:01	2000	1600	3333	2011	2	0.95623	1.13962	1.98971		
18:16:15	2000	1500	3333	686	2	0.87701	1.13956	1.80816		
18:16:25	2000	1400	3333	686	2	0.87701	1.13956	1.80816		
18:18:58	2000	1300	3333	769	2	0.88957	1.13959	1.83698		
18:19:08	2000	1150	3031	769	2	0.88957	1.13959	1.83698		
18:19:18	2000	900	2600	769	2	0.88957	1.13959	1.83698		
18:21:10	2000	725	2169	767	2	0.88922	1.13956	1.83613		
18:21:21	2000	750	2201	767	2	0.88922	1.13956	1.83613		
18:21:31	2000	750	2233	767	2	0.88922	1.13956	1.83613		
18:23:03	2000	750	2221	738	2	0.88516	1.13955	1.82681		
18:23:13	2000	750	2208	738	2	0.88516	1.13955	1.82681		
18:23:23	2000	750	2196	738	2	0.88516	1.13955	1.82681		
18:24:14	2000	725	2186	742	2	0.88576	1.13957	1.82822		
18:24:24	2000	725	2176	742	2	0.88576	1.13957	1.82822		
18:39:19	2000	750	2194	812	2	0.89513	1.13977	1.85001		
18:39:30	2000	750	2246	872	2	0.90189	1.13976	1.86547		
18:39:40	2000	775	2299	872	2	0.90189	1.13976	1.86547		
18:52:12	2000	800	2330	817	2	0.89575	1.13971	1.85132		
18:52:22	2000	800	2360	817	2	0.89575	1.13971	1.85132		
19:00:40	2000	850	2522	1175	2	0.92628	1.13950	1.92090		
19:00:50	2000	950	2658	1175	2	0.92628	1.13950	1.92090		
19:10:41	2000	900	2649	849	2	0.89943	1.13885	1.85835		
19:10:51	2000	900	2641	849	2	0.89943	1.13885	1.85835		
19:16:47	2000	900	2629	787	2	0.89188	1.13888	1.84113		
19:16:57	2000	900	2617	787	2	0.89188	1.13888	1.84113		
19:17:07	2000	850	2471	787	2	0.89188	1.13888	1.84113		
19:28:39	2000	800	2415	1019	2	0.91546	1.13894	1.89520		
19:28:49	2000	850	2479	1019	2	0.91546	1.13894	1.89520		
19:29:00	2000	900	2543	1019	2	0.91546	1.13894	1.89520		
19:30:01	2000	900	2631	1020	2	0.91557	1.13889	1.89536		
19:30:11	2000	950	2720	1020	2	0.91557	1.13889	1.89536		
19:30:21	2000	1000	2809	1020	2	0.91557	1.13889	1.89536		
19:35:26	2000	1000	2835	1090	2	0.92071	1.13909	1.90747		
19:35:37	2000	1000	2861	1090	2	0.92071	1.13909	1.90747		
19:40:21	2000	1050	2887	1089	2	0.92065	1.13894	1.90707		
19:40:32	2000	1050	2912	1089	2	0.92065	1.13894	1.90707		
19:40:42	2000	1050	2937	1089	2	0.92065	1.13894	1.90707		
19:43:55	2000	1050	2919	971	2	0.91147	1.13885	1.88592		
19:44:06	2000	1000	2875	971	2	0.91147	1.13885	1.88592		
19:44:16	2000	1000	2831	971	2	0.91147	1.13885	1.88592		
19:58:20	2000	1000	2875	1211	2	0.92840	1.13867	1.92436		
19:58:30	2000	1050	2919	1211	2	0.92840	1.13867	1.92436		
20:12:34	2000	1050	2975	1243	2	0.93015	1.13867	1.92837		
20:12:44	2000	1100	3074	1243	2	0.93015	1.13867	1.92837		
20:14:56	2000	1150	3180	1265	2	0.93130	1.13862	1.93091		
20:15:06	2000	1200	3286	1265	2	0.93130	1.13862	1.93091		
20:53:24	2000	1150	3139	814	2	0.89536	1.13780	1.84733		
20:53:34	2000	1100	2992	814	2	0.89536	1.13780	1.84733		
20:53:44	2000	1000	2833	814	2	0.89536	1.13780	1.84733		
21:55:58	2000	950	2713	915	2	0.90636	1.13804	1.87288		
21:56:08	2000	900	2586	915	2	0.90636	1.13804	1.87288		
22:01:53	2000	800	2420	814	2	0.89534	1.13823	1.84799		
22:02:03	2000	800	2420	814	2	0.89534	1.13823	1.84799		
22:44:37	2000	850	2459	915	2	0.90632	1.14002	1.87604		
22:44:47	2000	850	2497	915	2	0.90632	1.14002	1.87604		
23:18:40	2000	950	2671	1398	2	0.93765	1.14185	1.95095		
23:18:51	2000	1000	2844	1398	2	0.93765	1.14185	1.95095		
23:27:08	2000	1200	3191	1801	2	0.95126	1.14210	1.98263		
23:27:19	2000	1300	3333	1801	2	0.95126	1.14210	1.98263		
23:27:29	2000	1500	3333	1801	2	0.95126	1.14210	1.98263		
23:31:33	2000	1900	3333	3479	2	0.97446	1.14211	2.03590		
23:31:43	2000	2200	3333	3479	2	0.97446	1.14211	2.03590		
23:32:24	2000	2600	3333	3669	2	0.97577	1.14208	2.03884		
23:32:34	2000	2900	3333	3669	2	0.97577	1.14208	2.03884		
