

			DELHI AIRPORT : 30 m Base line


Time	RVR	 MOR	RVR	MOR	BLM	Trf	 Ref(v)	PD(v)
	(limited)	(limited)	(actual)	(actual)

00:13:35	2000	2800	3333	1040	154	0.91709	1.14184	1.90377		
00:13:45	2000	2700	3333	1040	154	0.91709	1.14184	1.90377		
00:13:55	2000	2300	3333	1040	154	0.91709	1.14184	1.90377		
00:14:26	2000	1900	3333	1220	164	0.92886	1.14185	1.93079		
00:14:36	2000	1500	2868	1220	164	0.92886	1.14185	1.93079		
00:14:46	1900	1100	1930	1220	164	0.92886	1.14185	1.93079		
00:22:24	1900	1100	1927	1142	282	0.92424	1.14166	1.91987		
00:22:34	1900	1150	1924	1142	282	0.92424	1.14166	1.91987		
00:24:36	1800	1100	1867	884	326	0.90321	1.14176	1.87177		
00:24:46	1700	1050	1775	884	326	0.90321	1.14176	1.87177		
00:24:56	1600	1000	1683	884	326	0.90321	1.14176	1.87177		
00:34:26	1700	1100	1708	1733	557	0.94940	1.14182	1.97788		
00:34:36	1700	1200	1770	1733	557	0.94940	1.14182	1.97788		
00:46:49	1600	1100	1659	734	859	0.88458	1.14145	1.82854		
00:46:59	1600	1100	1603	734	859	0.88458	1.14145	1.82854		
00:47:09	1500	1050	1547	734	859	0.88458	1.14145	1.82854		
01:05:19	1500	1050	1507	897	1292	0.90458	1.14109	1.87382		
01:05:29	1300	950	1350	897	1292	0.90458	1.14109	1.87382		
01:11:24	1150	800	1197	913	1258	0.90608	1.14146	1.87787		
01:11:34	1200	800	1216	913	1258	0.90608	1.14146	1.87787		
01:11:45	1200	850	1236	913	1258	0.90608	1.14146	1.87787		
01:23:37	1200	900	1255	960	1596	0.91050	1.14150	1.88808		
01:23:47	1200	900	1258	960	1596	0.91050	1.14150	1.88808		
01:23:57	1200	900	1261	960	1596	0.91050	1.14150	1.88808		
01:27:21	1200	900	1253	927	1735	0.90745	1.14174	1.88147		
01:27:31	1200	900	1246	927	1735	0.90745	1.14174	1.88147		
01:33:37	1200	900	1229	883	1879	0.90311	1.14215	1.87219		
01:33:47	1200	900	1213	883	1879	0.90311	1.14215	1.87219		
01:33:57	1150	900	1197	883	1879	0.90311	1.14215	1.87219		
01:41:46	1200	950	1247	1449	2192	0.93978	1.14212	1.95631		
01:41:56	1300	1050	1305	1449	2192	0.93978	1.14212	1.95631		
01:44:38	1200	1050	1289	882	2399	0.90304	1.14219	1.87210		
01:44:49	1200	1050	1282	882	2399	0.90304	1.14219	1.87210		
01:44:59	1200	1050	1274	882	2399	0.90304	1.14219	1.87210		
01:46:51	1200	1050	1264	872	2567	0.90195	1.14223	1.86965		
01:47:01	1150	950	1187	872	2567	0.90195	1.14223	1.86965		
01:47:11	1100	850	1111	872	2567	0.90195	1.14223	1.86965		
02:13:38	1100	900	1137	1037	2042	0.91690	1.14295	1.90517		
02:13:48	1150	900	1163	1037	2042	0.91690	1.14295	1.90517		
02:15:20	1150	950	1194	1088	2119	0.92060	1.14286	1.91352		
02:15:30	1200	950	1229	1088	2119	0.92060	1.14286	1.91352		
02:29:45	1300	1100	1318	1557	2168	0.94382	1.14269	1.96656		
02:29:55	1400	1200	1407	1557	2168	0.94382	1.14269	1.96656		
03:16:32	2000	2700	2853	9955	3764	0.99100	1.14145	2.13478		
03:16:42	2000	3000	3333	9955	3764	0.99100	1.14145	2.13478		
03:57:53	2000	3000	3333	691	3963	0.87781	1.14081	1.81199		
03:58:03	2000	3000	3333	691	3963	0.87781	1.14081	1.81199		
03:58:14	2000	3000	3333	691	3963	0.87781	1.14081	1.81199		
05:19:55	2000	3000	3333	916	4134	0.90642	1.13871	1.87413		
05:20:05	2000	2300	2452	916	4134	0.90642	1.13871	1.87413		
05:20:16	950	800	969	916	4134	0.90642	1.13871	1.87413		
05:42:07	950	800	976	737	3884	0.88508	1.13924	1.82613		
05:42:17	950	800	983	737	3884	0.88508	1.13924	1.82613		
05:42:27	950	800	990	737	3884	0.88508	1.13924	1.82613		
06:12:58	950	775	955	647	3976	0.87010	1.13967	1.79252		
06:13:08	900	725	921	647	3976	0.87010	1.13967	1.79252		
06:37:03	850	700	897	723	3897	0.88290	1.13967	1.82183		
06:37:13	850	700	895	723	3897	0.88290	1.13967	1.82183		
07:29:37	850	700	896	738	3741	0.88516	1.13895	1.82586		
07:29:47	850	700	897	738	3741	0.88516	1.13895	1.82586		
07:29:57	900	700	911	738	3741	0.88516	1.13895	1.82586		
07:41:29	900	700	910	625	3644	0.86594	1.13943	1.78261		
07:41:39	850	675	897	625	3644	0.86594	1.13943	1.78261		
07:41:49	850	675	885	625	3644	0.86594	1.13943	1.78261		
07:49:17	850	675	885	737	3580	0.88502	1.13885	1.82537		
07:49:27	850	675	886	737	3580	0.88502	1.13885	1.82537		
07:49:37	850	675	887	738	3573	0.88515	1.13881	1.82561		
07:49:47	900	675	904	738	3573	0.88515	1.13881	1.82561		
07:49:58	900	700	921	738	3573	0.88515	1.13881	1.82561		
08:07:14	850	675	897	476	3545	0.82763	1.13892	1.69411		
08:07:24	850	625	858	476	3545	0.82763	1.13892	1.69411		
08:15:12	800	600	813	444	3485	0.81656	1.13887	1.66872		
08:15:22	750	550	768	444	3485	0.81656	1.13887	1.66872		
08:15:32	700	500	723	444	3485	0.81656	1.13887	1.66872		
08:24:21	675	450	677	437	3402	0.81396	1.13903	1.66299		
08:24:31	650	425	671	437	3402	0.81396	1.13903	1.66299		
08:24:42	650	425	665	437	3402	0.81396	1.13903	1.66299		
08:35:43	650	425	673	466	2672	0.82452	1.13880	1.68683		
08:35:53	675	425	681	466	2672	0.82452	1.13880	1.68683		
08:39:37	675	425	686	461	3253	0.82280	1.13890	1.68303		
08:39:47	675	450	691	461	3253	0.82280	1.13890	1.68303		
08:39:57	675	450	696	461	3253	0.82280	1.13890	1.68303		
09:12:39	700	450	711	517	3145	0.84014	1.13824	1.72173		
09:12:49	700	475	717	517	3145	0.84014	1.13824	1.72173		
09:23:00	725	475	734	569	2758	0.85366	1.13807	1.75239		
09:23:10	750	500	755	569	2758	0.85366	1.13807	1.75239		
09:31:08	750	500	761	487	2895	0.83136	1.13817	1.70153		
09:31:18	750	500	766	483	2890	0.82984	1.13815	1.69803		
09:31:28	750	500	768	516	2885	0.83983	1.13814	1.72087		
09:31:39	750	500	769	516	2885	0.83983	1.13814	1.72087		
09:38:45	750	500	754	484	2887	0.83031	1.13821	1.69919		
09:38:56	725	475	739	484	2887	0.83031	1.13821	1.69919		
09:39:06	725	475	738	484	2887	0.83031	1.13821	1.69919		
09:40:07	725	475	740	489	2867	0.83202	1.13821	1.70311		
09:40:17	725	475	734	485	2874	0.83072	1.13822	1.70014		
09:40:27	725	475	729	485	2874	0.83072	1.13822	1.70014		
09:40:37	725	475	730	485	2874	0.83072	1.13822	1.70014		
09:41:39	725	475	736	517	2765	0.84012	1.13832	1.72181		
09:41:49	725	475	745	534	2738	0.84493	1.13830	1.73278		
09:41:59	750	500	754	534	2738	0.84493	1.13830	1.73278		
09:46:53	750	500	769	555	2415	0.85028	1.13849	1.74531		
09:47:03	775	525	782	544	2395	0.84756	1.13850	1.73910		
09:47:13	775	525	796	544	2395	0.84756	1.13850	1.73910		
09:58:45	800	550	824	637	1810	0.86822	1.13832	1.78609		
09:58:55	800	550	850	635	1799	0.86787	1.13826	1.78520		
09:59:05	850	575	869	602	1794	0.86119	1.13827	1.76992		
09:59:15	850	575	885	610	1794	0.86280	1.13827	1.77361		
09:59:25	900	600	902	610	1794	0.86280	1.13827	1.77361		
09:59:36	900	600	916	592	1780	0.85904	1.13828	1.76502		
09:59:46	900	600	908	592	1780	0.85904	1.13828	1.76502		
10:09:57	900	600	903	635	2295	0.86782	1.13826	1.78507		
10:10:07	900	600	906	652	2283	0.87103	1.13821	1.79235		
10:10:17	900	600	907	645	2262	0.86978	1.13822	1.78950		
10:10:27	900	600	904	620	2239	0.86485	1.13825	1.77827		
10:10:37	900	625	904	620	2239	0.86485	1.13825	1.77827		
10:12:18	950	675	964	973	1771	0.91165	1.13829	1.88540		
10:12:28	1000	725	1022	973	1771	0.91165	1.13829	1.88540		
10:16:53	1200	950	1231	2037	1055	0.95678	1.13823	1.98853		
10:17:03	1400	1200	1442	2037	1055	0.95678	1.13823	1.98853		
10:17:13	1600	1400	1656	2037	1055	0.95678	1.13823	1.98853		
10:23:29	1800	1600	1896	2031	696	0.95665	1.13863	1.98894		
10:23:40	2000	1800	2085	2101	696	0.95806	1.13868	1.99225		
10:23:50	2000	2000	2273	2101	696	0.95806	1.13868	1.99225		
10:25:52	2000	2000	2315	2177	701	0.95950	1.13862	1.99544		
10:26:02	2000	2100	2358	2177	701	0.95950	1.13862	1.99544		
10:26:12	2000	2100	2400	2177	701	0.95950	1.13862	1.99544		
10:27:03	2000	2100	2406	2094	708	0.95793	1.13861	1.99183		
10:27:13	2000	2100	2388	1956	709	0.95503	1.13863	1.98522		
10:27:24	2000	2000	2369	1956	709	0.95503	1.13863	1.98522		
10:27:34	2000	2000	2342	1956	709	0.95503	1.13863	1.98522		
10:28:25	2000	2000	2310	1927	723	0.95437	1.13866	1.98378		
10:28:35	2000	1900	2291	2037	725	0.95679	1.13864	1.98927		
10:28:45	2000	1900	2283	2037	725	0.95679	1.13864	1.98927		
10:28:55	2000	1900	2291	2037	725	0.95679	1.13864	1.98927		
10:36:22	2000	2000	2321	2259	777	0.96095	1.13882	1.99911		
10:36:32	2000	2000	2354	2295	778	0.96155	1.13882	2.00047		
10:36:42	2000	2100	2393	2295	778	0.96155	1.13882	2.00047		
10:40:16	2000	2100	2398	2203	890	0.95996	1.13922	1.99755		
10:40:26	2000	2200	2404	2203	890	0.95996	1.13922	1.99755		
10:40:37	2000	2200	2410	2203	890	0.95996	1.13922	1.99755		
10:45:22	2000	2000	2229	1025	1262	0.91592	1.14053	1.89889		
10:45:32	2000	1800	2044	1025	1262	0.91592	1.14053	1.89889		
10:47:54	1900	1700	1984	2092	1389	0.95790	1.14069	1.99540		
10:48:04	1900	1700	1944	2092	1389	0.95790	1.14069	1.99540		
10:51:48	1700	1500	1709	641	1713	0.86892	1.13961	1.78971		
10:51:58	1400	1200	1475	641	1713	0.86892	1.13961	1.78971		
10:52:08	1400	1150	1406	641	1713	0.86892	1.13961	1.78971		
10:57:24	2000	2600	2838	9955	2443	0.99100	1.14016	2.08037		
10:57:34	2000	2900	3058	3436	2467	0.97415	1.14014	2.03167		
10:57:44	2000	3000	3279	3436	2467	0.97415	1.14014	2.03167		
11:07:02	2000	3000	3333	1590	3303	0.94497	1.14078	1.96591		
11:07:12	2000	3000	3333	1590	3303	0.94497	1.14078	1.96591		
11:11:57	2000	3000	3333	1914	3302	0.95407	1.14116	1.98744		
11:12:07	2000	2300	2313	1914	3302	0.95407	1.14116	1.98744		
11:13:48	2000	2100	2187	2678	3258	0.96695	1.14101	2.01671		
11:13:59	1900	1900	1927	1880	3245	0.95326	1.14097	1.98525		
11:14:09	1900	1900	1976	1880	3245	0.95326	1.14097	1.98525		
11:14:19	2000	2000	2024	1880	3245	0.95326	1.14097	1.98525		
11:20:15	1900	1800	1916	1087	2601	0.92056	1.14082	1.91002		
11:20:25	1800	1700	1808	1087	2601	0.92056	1.14082	1.91002		
11:22:38	1500	1400	1584	1155	2402	0.92506	1.14109	1.92079		
11:22:48	1400	1300	1493	1155	2402	0.92506	1.14109	1.92079		
11:32:58	1300	1200	1392	1015	1911	0.91517	1.14119	1.89828		
11:33:08	1200	1050	1291	1015	1911	0.91517	1.14119	1.89828		
11:41:05	1200	1050	1295	1006	1654	0.91445	1.14148	1.89710		
11:41:16	1200	1050	1300	1006	1654	0.91445	1.14148	1.89710		
11:41:26	1200	1000	1293	1006	1654	0.91445	1.14148	1.89710		
11:46:01	1200	1000	1287	1001	1568	0.91398	1.14143	1.89595		
11:46:11	1200	1000	1292	1001	1568	0.91398	1.14143	1.89595		
11:51:06	1300	1050	1339	1298	1465	0.93299	1.14133	1.93939		
11:51:16	1300	1050	1373	1224	1464	0.92910	1.14134	1.93048		
11:51:26	1400	1100	1407	1224	1464	0.92910	1.14134	1.93048		
11:51:36	1400	1150	1441	1224	1464	0.92910	1.14134	1.93048		
11:52:58	1400	1150	1468	1176	1441	0.92634	1.14125	1.92400		
11:53:08	1400	1200	1499	1199	1440	0.92771	1.14124	1.92711		
11:53:18	1400	1200	1486	1199	1440	0.92771	1.14124	1.92711		
11:53:28	1400	1200	1484	1199	1440	0.92771	1.14124	1.92711		
11:58:03	1400	1150	1480	1180	1378	0.92656	1.14137	1.92470		
11:58:13	1400	1150	1477	1180	1378	0.92656	1.14137	1.92470		
12:00:56	1400	1150	1483	1197	1316	0.92755	1.14129	1.92684		
12:01:06	1400	1150	1486	1197	1316	0.92755	1.14129	1.92684		
12:01:16	1400	1150	1489	1197	1316	0.92755	1.14129	1.92684		
12:04:50	1500	1200	1506	1271	1203	0.93164	1.14132	1.93627		
12:05:00	1500	1200	1524	1271	1203	0.93164	1.14132	1.93627		
12:05:11	1500	1200	1542	1271	1203	0.93164	1.14132	1.93627		
12:07:53	1500	1200	1559	1273	1105	0.93172	1.14135	1.93650		
12:08:04	1500	1200	1576	1273	1105	0.93172	1.14135	1.93650		
12:10:06	1600	1300	1625	1489	1036	0.94135	1.14145	1.95877		
12:10:16	1600	1300	1672	1580	1034	0.94461	1.14145	1.96625		
12:10:26	1700	1300	1712	1518	1032	0.94244	1.14146	1.96127		
12:10:36	1700	1400	1738	1418	1031	0.93852	1.14151	1.95237		
12:10:46	1700	1400	1761	1418	1031	0.93852	1.14151	1.95237		
12:11:37	1700	1400	1790	1472	1030	0.94067	1.14155	1.95738		
12:11:47	1700	1400	1788	1472	1030	0.94067	1.14155	1.95738		
12:16:12	1700	1400	1772	1431	970	0.93904	1.14140	1.95338		
12:16:22	1700	1400	1764	1431	970	0.93904	1.14140	1.95338		
12:16:32	1700	1400	1768	1431	970	0.93904	1.14140	1.95338		
12:24:49	1700	1400	1766	1339	850	0.93499	1.14166	1.94453		
12:25:00	1700	1400	1756	1339	850	0.93499	1.14166	1.94453		
12:27:02	1700	1300	1728	1208	848	0.92818	1.14173	1.92902		
12:27:12	1700	1300	1702	1208	848	0.92818	1.14173	1.92902		
12:27:22	1600	1200	1676	1208	848	0.92818	1.14173	1.92902		
12:32:38	1600	1200	1686	1433	797	0.93912	1.14158	1.95386		
12:32:48	1700	1300	1702	1433	797	0.93912	1.14158	1.95386		
12:47:12	1700	1300	1724	1350	533	0.93552	1.14169	1.94580		
12:47:22	1700	1300	1765	1350	533	0.93552	1.14169	1.94580		
12:50:44	1800	1300	1820	1406	482	0.93799	1.14179	1.95163		
12:50:55	1800	1300	1874	1406	482	0.93799	1.14179	1.95163		
12:51:05	1800	1300	1894	1406	482	0.93799	1.14179	1.95163		
12:54:08	1900	1300	1906	1340	448	0.93505	1.14158	1.94452		
12:54:18	1900	1300	1905	1293	446	0.93279	1.14154	1.93927		
12:54:28	1900	1300	1904	1293	446	0.93279	1.14154	1.93927		
12:54:39	1800	1300	1890	1293	446	0.93279	1.14154	1.93927		
12:58:12	1800	1300	1887	1345	412	0.93529	1.14166	1.94521		
12:58:22	1800	1300	1885	1345	412	0.93529	1.14166	1.94521		
12:59:24	1800	1300	1888	1328	403	0.93449	1.14167	1.94340		
12:59:34	1900	1300	1903	1357	402	0.93582	1.14164	1.94641		
12:59:44	1900	1300	1918	1357	402	0.93582	1.14164	1.94641		
13:06:41	1900	1300	1938	1317	311	0.93393	1.14203	1.94273		
13:06:51	1900	1300	1945	1317	311	0.93393	1.14203	1.94273		
13:07:01	1900	1300	1953	1317	311	0.93393	1.14203	1.94273		
13:10:45	1900	1300	1974	1328	257	0.93448	1.14217	1.94422		
13:10:55	1900	1300	1989	1328	257	0.93448	1.14217	1.94422		
13:13:27	2000	1300	2012	1330	219	0.93455	1.14222	1.94447		
13:13:37	2000	1300	2031	1330	219	0.93455	1.14222	1.94447		
13:13:47	2000	1300	2049	1330	219	0.93455	1.14222	1.94447		
13:17:31	2000	1300	2101	1451	172	0.93984	1.14216	1.95651		
13:17:42	2000	1300	2142	1451	172	0.93984	1.14216	1.95651		
13:17:52	2000	1300	2184	1451	172	0.93984	1.14216	1.95651		
13:21:26	2000	1400	2234	1458	127	0.94014	1.14189	1.95674		
13:21:36	2000	1400	2285	1458	127	0.94014	1.14189	1.95674		
13:35:29	2000	1400	2405	1403	26	0.93787	1.14203	1.95178		
13:35:39	2000	1400	2492	1403	26	0.93787	1.14203	1.95178		
13:38:11	2000	1400	2595	1353	15	0.93566	1.14212	1.94685		
13:38:22	2000	1400	2694	1334	14	0.93476	1.14216	1.94486		
13:38:32	2000	1300	2776	1334	14	0.93476	1.14216	1.94486		
13:38:42	2000	1300	2858	1334	14	0.93476	1.14216	1.94486		
13:41:25	2000	1300	2918	1345	6	0.93529	1.14247	1.94660		
13:41:35	2000	1300	2984	1354	6	0.93568	1.14248	1.94752		
13:41:45	2000	1300	3024	1305	5	0.93336	1.14248	1.94218		
13:41:55	2000	1300	3066	1305	5	0.93336	1.14248	1.94218		
13:42:06	2000	1300	3109	1305	5	0.93336	1.14248	1.94218		
13:44:08	2000	1300	3274	1522	2	0.94257	1.14308	1.96437		
13:44:18	2000	1300	3333	1395	2	0.93753	1.14307	1.95277		
13:44:28	2000	1300	3333	1395	2	0.93753	1.14307	1.95277		
13:45:29	2000	1400	3333	1512	2	0.94220	1.14264	1.96275		
13:45:39	2000	1400	3333	1512	2	0.94220	1.14264	1.96275		
13:46:30	2000	1400	3333	1489	2	0.94134	1.14246	1.96047		
13:46:40	2000	1400	3333	1479	2	0.94098	1.14246	1.95964		
13:46:51	2000	1400	3333	1479	2	0.94098	1.14246	1.95964		
13:48:11	2000	1500	3333	1590	2	0.94497	1.14198	1.96798		
13:48:21	2000	1500	3333	1590	2	0.94497	1.14198	1.96798		
13:49:53	2000	1600	3333	2002	2	0.95604	1.14182	1.99311		
13:50:03	2000	1600	3333	2002	2	0.95604	1.14182	1.99311		
13:50:54	2000	1700	3333	2000	2	0.95599	1.14166	1.99272		
13:51:04	2000	1800	3333	2000	2	0.95599	1.14166	1.99272		
13:51:14	2000	1900	3333	2155	2	0.95910	1.14170	1.99992		
13:51:24	2000	2000	3333	2155	2	0.95910	1.14170	1.99992		
13:51:34	2000	2000	3333	2155	2	0.95910	1.14170	1.99992		
13:54:48	2000	2000	3333	2030	2	0.95663	1.14188	1.99456		
13:54:58	2000	2000	3333	2030	2	0.95663	1.14188	1.99456		
13:55:08	2000	2000	3333	2055	2	0.95714	1.14185	1.99569		
13:55:19	2000	2000	3333	1924	2	0.95429	1.14190	1.98924		
13:55:29	2000	2000	3333	2008	2	0.95616	1.14191	1.99354		
13:55:39	2000	1900	3333	1926	2	0.95434	1.14188	1.98930		
13:55:49	2000	1900	3333	1968	2	0.95530	1.14186	1.99147		
13:55:59	2000	1900	3333	2080	2	0.95765	1.14181	1.99679		
13:56:09	2000	2000	3333	2108	2	0.95820	1.14190	1.99820		
13:56:19	2000	2000	3333	2108	2	0.95820	1.14190	1.99820		
13:57:00	2000	2000	3333	1925	2	0.95432	1.14179	1.98911		
13:57:10	2000	2100	3333	2423	2	0.96353	1.14175	2.01018		
13:57:21	2000	2100	3333	2290	2	0.96146	1.14176	2.00543		
13:57:31	2000	2100	3333	2137	2	0.95876	1.14174	1.99920		
13:57:41	2000	2200	3333	2342	2	0.96229	1.14174	2.00732		
13:57:51	2000	2200	3333	2342	2	0.96229	1.14174	2.00732		
13:58:12	2000	2200	3333	2099	2	0.95802	1.14162	1.99730		
13:58:22	2000	2200	3333	2224	2	0.96033	1.14157	2.00252		
13:58:32	2000	2200	3333	2224	2	0.96033	1.14157	2.00252		
13:58:52	2000	2200	3333	2238	2	0.96058	1.14159	2.00312		
13:59:02	2000	2200	3333	2203	2	0.95998	1.14162	2.00179		
13:59:13	2000	2200	3333	2227	2	0.96040	1.14161	2.00274		
13:59:23	2000	2200	3333	2171	2	0.95939	1.14164	2.00047		
13:59:33	2000	2100	3333	2118	2	0.95840	1.14159	1.99813		
13:59:43	2000	2100	3333	2118	2	0.95840	1.14159	1.99813		
13:59:53	2000	2100	3333	2047	2	0.95700	1.14158	1.99488		
14:00:03	2000	2100	3333	1975	2	0.95545	1.14158	1.99133		
14:00:13	2000	2000	3333	1956	2	0.95502	1.14153	1.99026		
14:00:23	2000	2000	3333	1956	2	0.95502	1.14153	1.99026		
14:01:44	2000	2000	3333	1993	2	0.95585	1.14150	1.99212		
14:01:54	2000	1900	3333	2068	2	0.95742	1.14151	1.99573		
14:02:05	2000	2000	3333	2118	2	0.95840	1.14151	1.99797		
14:02:15	2000	2000	3333	2118	2	0.95840	1.14151	1.99797		
14:02:25	2000	2000	3333	1954	2	0.95500	1.14151	1.99017		
14:02:35	2000	2000	3333	1954	2	0.95500	1.14151	1.99017		
14:02:45	2000	2000	3333	1954	2	0.95500	1.14151	1.99017		
14:02:55	2000	1900	3333	1852	2	0.95257	1.14159	1.98475		
14:03:06	2000	1900	3333	1782	2	0.95075	1.14151	1.98043		
14:03:16	2000	1800	3333	1782	2	0.95075	1.14151	1.98043		
14:03:26	2000	1800	3333	2037	2	0.95677	1.14162	1.99444		
14:03:36	2000	1800	3333	1912	2	0.95402	1.14154	1.98799		
14:03:46	2000	1800	3333	1973	2	0.95540	1.14159	1.99124		
14:03:57	2000	1900	3333	1973	2	0.95540	1.14159	1.99124		
14:04:07	2000	1900	3333	2122	2	0.95847	1.14157	1.99824		
14:04:17	2000	2000	3333	2192	2	0.95977	1.14150	2.00110		
14:04:27	2000	2000	3333	2305	2	0.96171	1.14148	2.00552		
14:04:37	2000	2100	3333	2156	2	0.95912	1.14149	1.99959		
14:04:48	2000	2100	3333	2213	2	0.96015	1.14149	2.00195		
14:04:58	2000	2100	3333	2120	2	0.95843	1.14148	1.99799		
14:05:08	2000	2100	3333	1999	2	0.95598	1.14152	1.99244		
14:05:18	2000	2100	3333	2191	2	0.95976	1.14154	2.00116		
14:05:28	2000	2100	3333	2084	2	0.95773	1.14152	1.99647		
14:05:38	2000	2100	3333	2118	2	0.95840	1.14155	1.99806		
14:05:49	2000	2100	3333	2118	2	0.95840	1.14155	1.99806		
14:05:59	2000	2100	3333	2118	2	0.95840	1.14155	1.99806		
14:06:40	2000	2100	3333	2037	2	0.95678	1.14156	1.99436		
14:06:50	2000	2000	3333	2082	2	0.95769	1.14154	1.99640		
14:07:00	2000	2000	3333	2082	2	0.95769	1.14154	1.99640		
14:07:10	2000	2000	3333	2082	2	0.95769	1.14154	1.99640		
14:08:11	2000	2000	3333	1894	2	0.95359	1.14165	1.98720		
14:08:21	2000	2000	3333	1867	2	0.95294	1.14164	1.98569		
14:08:31	2000	1900	3333	1849	2	0.95248	1.14163	1.98461		
14:08:42	2000	1900	3333	1903	2	0.95381	1.14170	1.98778		
14:08:52	2000	1900	3333	1869	2	0.95300	1.14169	1.98590		
14:09:02	2000	1800	3333	1869	2	0.95300	1.14169	1.98590		
14:09:33	2000	1800	3333	1933	2	0.95450	1.14187	1.98966		
14:09:43	2000	1800	3333	1969	2	0.95533	1.14185	1.99152		
14:09:53	2000	1900	3333	1906	2	0.95388	1.14186	1.98823		
14:10:03	2000	1900	3333	1927	2	0.95436	1.14185	1.98931		
14:10:13	2000	1900	3333	1935	2	0.95456	1.14185	1.98977		
14:10:23	2000	1900	3333	1920	2	0.95420	1.14190	1.98903		
14:10:34	2000	1900	3333	1911	2	0.95399	1.14184	1.98844		
14:10:44	2000	1900	3333	1925	2	0.95433	1.14188	1.98928		
14:10:54	2000	1900	3333	1921	2	0.95422	1.14194	1.98915		
14:11:04	2000	1900	3333	1985	2	0.95566	1.14194	1.99245		
14:11:14	2000	1900	3333	1918	2	0.95416	1.14201	1.98912		
14:11:25	2000	1900	3333	1933	2	0.95452	1.14205	1.99001		
14:11:35	2000	1900	3333	1933	2	0.95452	1.14205	1.99001		
14:11:55	2000	1900	3333	2026	2	0.95655	1.14205	1.99467		
14:12:05	2000	1900	3333	2026	2	0.95655	1.14205	1.99467		
14:13:06	2000	1900	3333	1807	2	0.95142	1.14242	1.98355		
14:13:16	2000	1900	3333	2019	2	0.95640	1.14250	1.99512		
14:13:26	2000	1900	3333	2019	2	0.95640	1.14250	1.99512		
14:13:46	2000	1900	3333	1941	2	0.95469	1.14256	1.99131		
14:13:57	2000	1900	3333	1941	2	0.95469	1.14256	1.99131		
14:14:07	2000	1900	3333	1941	2	0.95469	1.14256	1.99131		
14:16:50	2000	1900	3333	2056	2	0.95717	1.14229	1.99653		
14:17:00	2000	1900	3333	2056	2	0.95717	1.14229	1.99653		
14:17:10	2000	1900	3333	2056	2	0.95717	1.14229	1.99653		
14:19:02	2000	2000	3333	1966	2	0.95525	1.14195	1.99151		
14:19:12	2000	2000	3333	2027	2	0.95658	1.14193	1.99453		
14:19:23	2000	2000	3333	2027	2	0.95658	1.14193	1.99453		
14:20:03	2000	2000	3333	1987	2	0.95571	1.14171	1.99216		
14:20:13	2000	2000	3333	1946	2	0.95481	1.14170	1.99008		
14:20:24	2000	1900	3333	1946	2	0.95481	1.14170	1.99008		
14:22:16	2000	2000	3333	2209	2	0.96007	1.14180	2.00232		
14:22:26	2000	2000	3333	2209	2	0.96007	1.14180	2.00232		
14:22:36	2000	2000	3333	2174	2	0.95944	1.14175	2.00079		
14:22:46	2000	2100	3333	2249	2	0.96077	1.14169	2.00373		
14:22:56	2000	2100	3333	2240	2	0.96061	1.14179	2.00355		
14:23:07	2000	2200	3333	2240	2	0.96061	1.14179	2.00355		
14:25:29	2000	2200	3333	2290	2	0.96146	1.14175	2.00543		
14:25:39	2000	2200	3333	2290	2	0.96146	1.14175	2.00543		
14:25:49	2000	2200	3333	2290	2	0.96146	1.14175	2.00543		
14:26:20	2000	2200	3333	2289	2	0.96144	1.14171	2.00530		
14:26:30	2000	2300	3333	2416	2	0.96343	1.14164	2.00974		
14:26:40	2000	2300	3333	2639	2	0.96647	1.14165	2.01675		
14:26:51	2000	2400	3333	2639	2	0.96647	1.14165	2.01675		
14:27:01	2000	2400	3333	2639	2	0.96647	1.14165	2.01675		
14:27:11	2000	2400	3333	2366	2	0.96267	1.14162	2.00798		
14:27:21	2000	2500	3333	2399	2	0.96319	1.14164	2.00919		
14:27:31	2000	2500	3333	2430	2	0.96364	1.14161	2.01017		
14:27:41	2000	2400	3333	2224	2	0.96034	1.14165	2.00267		
14:27:52	2000	2400	3333	2461	2	0.96409	1.14165	2.01127		
14:28:02	2000	2300	3333	2461	2	0.96409	1.14165	2.01127		
14:28:12	2000	2400	3333	2461	2	0.96409	1.14165	2.01127		
14:28:53	2000	2300	3333	2236	2	0.96055	1.14161	2.00308		
14:29:03	2000	2300	3333	2236	2	0.96055	1.14161	2.00308		
14:29:13	2000	2300	3333	2236	2	0.96055	1.14161	2.00308		
14:29:34	2000	2300	3333	2453	2	0.96398	1.14160	2.01093		
14:29:44	2000	2300	3333	2545	2	0.96525	1.14163	2.01391		
14:29:54	2000	2300	3333	2659	2	0.96671	1.14161	2.01723		
14:30:04	2000	2400	3333	2659	2	0.96671	1.14161	2.01723		
14:30:45	2000	2500	3333	2486	2	0.96445	1.14152	2.01187		
14:30:55	2000	2500	3333	2381	2	0.96290	1.14157	2.00841		
14:31:05	2000	2500	3333	2390	2	0.96305	1.14156	2.00873		
14:31:15	2000	2400	3333	2408	2	0.96331	1.14153	2.00929		
14:31:25	2000	2400	3333	2374	2	0.96279	1.14151	2.00806		
14:31:36	2000	2400	3333	2410	2	0.96335	1.14156	2.00942		
14:31:46	2000	2300	3333	2410	2	0.96335	1.14156	2.00942		
14:32:27	2000	2400	3333	2594	2	0.96590	1.14157	2.01530		
14:32:37	2000	2400	3333	2335	2	0.96220	1.14158	2.00681		
14:32:47	2000	2300	3333	2063	2	0.95730	1.14154	1.99552		
14:32:57	2000	2300	3333	2030	2	0.95664	1.14154	1.99400		
14:33:07	2000	2200	3333	2023	2	0.95648	1.14155	1.99364		
14:33:18	2000	2100	3333	2030	2	0.95664	1.14155	1.99401		
14:33:28	2000	2100	3333	2212	2	0.96013	1.14155	2.00203		
14:33:38	2000	2000	3333	2212	2	0.96013	1.14155	2.00203		
14:34:08	2000	2100	3333	2315	2	0.96187	1.14156	2.00603		
14:34:18	2000	2100	3333	2315	2	0.96187	1.14156	2.00603		
14:37:21	2000	2200	3333	2391	2	0.96306	1.14168	2.00896		
14:37:32	2000	2200	3333	2317	2	0.96190	1.14172	2.00639		
14:37:42	2000	2300	3333	2354	2	0.96249	1.14173	2.00774		
14:37:52	2000	2300	3333	2354	2	0.96249	1.14173	2.00774		
14:38:02	2000	2300	3333	2370	2	0.96274	1.14171	2.00830		
14:38:12	2000	2300	3333	2370	2	0.96274	1.14171	2.00830		
14:38:23	2000	2300	3333	2370	2	0.96274	1.14171	2.00830		
14:39:34	2000	2300	3333	2024	2	0.95651	1.14188	1.99429		
14:39:44	2000	2200	3333	2024	2	0.95651	1.14188	1.99429		
14:39:54	2000	2100	3333	2024	2	0.95651	1.14188	1.99429		
14:42:06	2000	2100	3333	2316	2	0.96188	1.14220	2.00717		
14:42:17	2000	2100	3333	2119	2	0.95842	1.14222	1.99928		
14:42:27	2000	2100	3333	2151	2	0.95901	1.14218	2.00056		
14:42:37	2000	2100	3333	2209	2	0.96008	1.14216	2.00297		
14:42:47	2000	2100	3333	2098	2	0.95801	1.14214	1.99818		
14:42:57	2000	2100	3333	2158	2	0.95914	1.14218	2.00086		
14:43:08	2000	2100	3333	2125	2	0.95853	1.14219	1.99948		
14:43:18	2000	2100	3333	2099	2	0.95804	1.14220	1.99835		
14:43:28	2000	2100	3333	2117	2	0.95837	1.14223	1.99918		
14:43:38	2000	2100	3333	2127	2	0.95858	1.14224	1.99966		
14:43:48	2000	2100	3333	2054	2	0.95713	1.14223	1.99632		
14:43:58	2000	2100	3333	2129	2	0.95860	1.14226	1.99975		
14:44:09	2000	2100	3333	2129	2	0.95860	1.14226	1.99975		
14:44:39	2000	2100	3333	2242	2	0.96066	1.14227	2.00449		
14:44:49	2000	2100	3333	2185	2	0.95965	1.14225	2.00214		
14:45:00	2000	2100	3333	2129	2	0.95861	1.14227	1.99980		
14:45:10	2000	2100	3333	2161	2	0.95921	1.14231	2.00123		
14:45:20	2000	2100	3333	2159	2	0.95917	1.14226	2.00107		
14:45:30	2000	2100	3333	2132	2	0.95866	1.14230	1.99997		
14:45:40	2000	2100	3333	2132	2	0.95866	1.14230	1.99997		
14:47:01	2000	2100	3333	2305	2	0.96171	1.14205	2.00653		
14:47:12	2000	2100	3333	2305	2	0.96171	1.14205	2.00653		
14:47:22	2000	2200	3333	2254	2	0.96085	1.14196	2.00440		
14:47:32	2000	2200	3333	2346	2	0.96236	1.14195	2.00783		
14:47:42	2000	2200	3333	2346	2	0.96236	1.14195	2.00783		
14:47:52	2000	2300	3333	2346	2	0.96236	1.14195	2.00783		
14:49:04	2000	2300	3333	2334	2	0.96218	1.14170	2.00698		
14:49:14	2000	2300	3333	2398	2	0.96316	1.14165	2.00915		
14:49:24	2000	2300	3333	2452	2	0.96396	1.14170	2.01108		
14:49:34	2000	2300	3333	2452	2	0.96396	1.14170	2.01108		
14:49:44	2000	2400	3333	2452	2	0.96396	1.14170	2.01108		
14:50:15	2000	2300	3333	2115	2	0.95834	1.14166	1.99810		
14:50:25	2000	2300	3333	2149	2	0.95899	1.14161	1.99950		
14:50:35	2000	2200	3333	2096	2	0.95796	1.14160	1.99713		
14:50:46	2000	2200	3333	2096	2	0.95796	1.14160	1.99713		
14:50:56	2000	2100	3333	2096	2	0.95796	1.14160	1.99713		
14:53:28	2000	2100	3333	2191	2	0.95975	1.14150	2.00107		
14:53:39	2000	2100	3333	2191	2	0.95975	1.14150	2.00107		
14:54:09	2000	2100	3333	2239	2	0.96061	1.14147	2.00297		
14:54:19	2000	2100	3333	2239	2	0.96061	1.14147	2.00297		
14:56:22	2000	2100	3333	2152	2	0.95905	1.14153	1.99950		
14:56:32	2000	2100	3333	2152	2	0.95905	1.14153	1.99950		
14:56:42	2000	2100	3333	2089	2	0.95783	1.14157	1.99677		
14:56:52	2000	2100	3333	2104	2	0.95812	1.14157	1.99744		
14:57:02	2000	2100	3333	2123	2	0.95849	1.14158	1.99832		
14:57:12	2000	2100	3333	2127	2	0.95857	1.14156	1.99845		
14:57:22	2000	2100	3333	2127	2	0.95857	1.14156	1.99845		
14:57:43	2000	2100	3333	2132	2	0.95867	1.14157	1.99871		
14:57:53	2000	2100	3333	2051	2	0.95707	1.14159	1.99506		
14:58:03	2000	2100	3333	2051	2	0.95707	1.14159	1.99506		
14:59:14	2000	2100	3333	2182	2	0.95959	1.14183	2.00126		
14:59:25	2000	2100	3333	2182	2	0.95959	1.14183	2.00126		
14:59:35	2000	2100	3333	2182	2	0.95959	1.14183	2.00126		
15:00:05	2000	2100	3333	2141	2	0.95883	1.14198	1.99978		
15:00:15	2000	2100	3333	2141	2	0.95883	1.14198	1.99978		
15:00:26	2000	2100	3333	2141	2	0.95883	1.14198	1.99978		
15:00:46	2000	2100	3333	2027	2	0.95656	1.14214	1.99487		
15:00:56	2000	2100	3333	2000	2	0.95601	1.14214	1.99359		
15:01:06	2000	2000	3333	1998	2	0.95596	1.14207	1.99336		
15:01:17	2000	2000	3333	1962	2	0.95516	1.14207	1.99152		
15:01:27	2000	2000	3333	2016	2	0.95634	1.14211	1.99431		
15:01:37	2000	1900	3333	1984	2	0.95565	1.14209	1.99269		
15:01:47	2000	1900	3333	1984	2	0.95565	1.14209	1.99269		
15:01:57	2000	1900	3333	1984	2	0.95565	1.14209	1.99269		
15:02:48	2000	1900	3333	2036	2	0.95676	1.14220	1.99542		
15:02:58	2000	2000	3333	2092	2	0.95790	1.14220	1.99804		
15:03:09	2000	2000	3333	2057	2	0.95718	1.14214	1.99629		
15:03:19	2000	2000	3333	2057	2	0.95718	1.14214	1.99629		
15:03:29	2000	2000	3333	2057	2	0.95718	1.14214	1.99629		
15:03:39	2000	2000	3333	2090	2	0.95785	1.14207	1.99770		
15:03:49	2000	2000	3333	2036	2	0.95676	1.14198	1.99503		
15:03:59	2000	2000	3333	2036	2	0.95676	1.14198	1.99503		
15:04:50	2000	2000	3333	2195	2	0.95982	1.14193	2.00197		
15:05:00	2000	2100	3333	2195	2	0.95982	1.14193	2.00197		
15:06:02	2000	2100	3333	2173	2	0.95943	1.14189	2.00100		
15:06:12	2000	2100	3333	2451	2	0.96395	1.14190	2.01139		
15:06:22	2000	2200	3333	2440	2	0.96378	1.14187	2.01096		
15:06:32	2000	2200	3333	2259	2	0.96094	1.14187	2.00444		
15:06:42	2000	2200	3333	2259	2	0.96094	1.14187	2.00444		
15:08:14	2000	2300	3333	2292	2	0.96150	1.14194	2.00584		
15:08:24	2000	2300	3333	2559	2	0.96544	1.14190	2.01483		
15:08:34	2000	2400	3333	2662	2	0.96676	1.14195	2.01794		
15:08:44	2000	2400	3333	2662	2	0.96676	1.14195	2.01794		
15:08:54	2000	2500	3333	2645	2	0.96655	1.14196	2.01747		
15:09:04	2000	2500	3333	2603	2	0.96601	1.14196	2.01624		
15:09:14	2000	2500	3333	2146	2	0.95892	1.14194	1.99993		
15:09:24	2000	2400	3333	2210	2	0.96010	1.14193	2.00262		
15:09:35	2000	2400	3333	2210	2	0.96010	1.14193	2.00262		
15:09:45	2000	2300	3333	2271	2	0.96115	1.14197	2.00509		
15:09:55	2000	2200	3333	2271	2	0.96115	1.14197	2.00509		
15:10:05	2000	2200	3333	2553	2	0.96537	1.14194	2.01472		
15:10:15	2000	2300	3333	2553	2	0.96537	1.14194	2.01472		
15:10:46	2000	2300	3333	2079	2	0.95763	1.14191	1.99691		
15:10:56	2000	2300	3333	2079	2	0.95763	1.14191	1.99691		
15:11:06	2000	2200	3333	2079	2	0.95763	1.14191	1.99691		
15:11:47	2000	2200	3333	2137	2	0.95876	1.14197	1.99961		
15:11:57	2000	2100	3333	2129	2	0.95861	1.14200	1.99933		
15:12:07	2000	2100	3333	2129	2	0.95861	1.14200	1.99933		
15:12:18	2000	2100	3333	2129	2	0.95861	1.14200	1.99933		
15:12:28	2000	2100	3333	2147	2	0.95895	1.14204	2.00017		
15:12:38	2000	2100	3333	2185	2	0.95965	1.14204	2.00177		
15:12:48	2000	2100	3333	1912	2	0.95402	1.14205	1.98888		
15:12:58	2000	2000	3333	1920	2	0.95421	1.14200	1.98922		
15:13:09	2000	2000	3333	1958	2	0.95507	1.14202	1.99122		
15:13:19	2000	2000	3333	1958	2	0.95507	1.14202	1.99122		
15:13:29	2000	1900	3333	1958	2	0.95507	1.14202	1.99122		
15:14:10	2000	1900	3333	1967	2	0.95528	1.14210	1.99186		
15:14:20	2000	1900	3333	1941	2	0.95469	1.14211	1.99051		
15:14:30	2000	1900	3333	1941	2	0.95469	1.14211	1.99051		
15:14:40	2000	1900	3333	1901	2	0.95376	1.14212	1.98839		
15:14:50	2000	1900	3333	1941	2	0.95469	1.14214	1.99057		
15:15:01	2000	1900	3333	1906	2	0.95387	1.14212	1.98865		
15:15:11	2000	1900	3333	1924	2	0.95429	1.14214	1.98966		
15:15:21	2000	1900	3333	1909	2	0.95395	1.14214	1.98886		
15:15:31	2000	1900	3333	1879	2	0.95324	1.14213	1.98722		
15:15:41	2000	1900	3333	1921	2	0.95423	1.14211	1.98947		
15:15:51	2000	1900	3333	1921	2	0.95423	1.14211	1.98947		
15:18:14	2000	1900	3333	1960	2	0.95512	1.14225	1.99174		
15:18:24	2000	1900	3333	1960	2	0.95512	1.14225	1.99174		
15:18:34	2000	1900	3333	1883	2	0.95334	1.14226	1.98767		
15:18:44	2000	1900	3333	1870	2	0.95302	1.14225	1.98692		
15:18:55	2000	1900	3333	1870	2	0.95302	1.14225	1.98692		
15:19:25	2000	1900	3333	1918	2	0.95415	1.14224	1.98950		
15:19:35	2000	1900	3333	1918	2	0.95415	1.14224	1.98950		
15:19:46	2000	1800	3333	1926	2	0.95436	1.14225	1.98999		
15:19:56	2000	1900	3333	2092	2	0.95790	1.14222	1.99807		
15:20:06	2000	1900	3333	2092	2	0.95790	1.14222	1.99807		
15:21:46	2000	1900	3333	1733	2	0.94939	1.14223	1.97856		
15:21:56	2000	1900	3333	1733	2	0.94939	1.14223	1.97856		
15:22:27	2000	1800	3333	1756	2	0.95005	1.14213	1.97989		
15:22:37	2000	1800	3333	1756	2	0.95005	1.14213	1.97989		
15:22:47	2000	1800	3333	2237	2	0.96057	1.14216	2.00410		
15:22:57	2000	1900	3333	2420	2	0.96350	1.14205	2.01063		
15:23:07	2000	2000	3333	2353	2	0.96248	1.14210	2.00837		
15:23:18	2000	2100	3333	2353	2	0.96248	1.14210	2.00837		
15:24:29	2000	2200	3333	2275	2	0.96121	1.14207	2.00542		
15:24:39	2000	2300	3333	2229	2	0.96043	1.14208	2.00364		
15:24:49	2000	2200	3333	2165	2	0.95929	1.14206	2.00098		
15:24:59	2000	2200	3333	2165	2	0.95929	1.14206	2.00098		
15:25:10	2000	2200	3333	2165	2	0.95929	1.14206	2.00098		
15:26:01	2000	2100	3333	1717	2	0.94893	1.14198	1.97707		
15:26:11	2000	2100	3333	2500	2	0.96465	1.14197	2.01312		
15:26:21	2000	2200	3333	2500	2	0.96465	1.14197	2.01312		
15:26:31	2000	2200	3333	2500	2	0.96465	1.14197	2.01312		
15:27:02	2000	2300	3333	2669	2	0.96685	1.14193	2.01810		
15:27:12	2000	2400	3333	3009	2	0.97053	1.14191	2.02652		
15:27:22	2000	2600	3333	2729	2	0.96755	1.14191	2.01969		
15:27:32	2000	2800	3333	3487	2	0.97452	1.14191	2.03567		
15:27:42	2000	2900	3333	3487	2	0.97452	1.14191	2.03567		
15:27:53	2000	3000	3333	3487	2	0.97452	1.14191	2.03567		
15:28:03	2000	2900	3333	1663	2	0.94733	1.14183	1.97314		
15:28:13	2000	2700	3333	1498	2	0.94167	1.14185	1.96019		
15:28:23	2000	2500	3333	1564	2	0.94409	1.14180	1.96565		
15:28:33	2000	2300	3333	2593	2	0.96589	1.14176	2.01560		
15:28:43	2000	2200	3333	2663	2	0.96677	1.14173	2.01757		
15:28:54	2000	2100	3333	2663	2	0.96677	1.14173	2.01757		
15:29:14	2000	2200	3333	2758	2	0.96789	1.14174	2.02016		
15:29:24	2000	2300	3333	2114	2	0.95831	1.14170	1.99811		
15:29:34	2000	2600	3333	2823	2	0.96862	1.14167	2.02171		
15:29:45	2000	2400	3333	1437	2	0.93931	1.14167	1.95446		
15:29:55	2000	2100	3333	1408	2	0.93807	1.14167	1.95162		
15:30:05	2000	1900	3333	1317	2	0.93395	1.14162	1.94207		
15:30:15	2000	1700	3333	1317	2	0.93395	1.14162	1.94207		
15:30:35	2000	1500	3333	1270	2	0.93157	1.14161	1.93659		
15:30:46	2000	1300	3333	1332	2	0.93467	1.14158	1.94365		
15:30:56	2000	1300	3333	1332	2	0.93467	1.14158	1.94365		
15:33:08	2000	1300	3333	1321	2	0.93416	1.14151	1.94236		
15:33:18	2000	1300	3333	1331	2	0.93463	1.14149	1.94341		
15:33:28	2000	1300	3333	1331	2	0.93463	1.14149	1.94341		
15:33:48	2000	1300	3333	1315	2	0.93383	1.14150	1.94159		
15:33:59	2000	1300	3333	1360	2	0.93596	1.14148	1.94645		
15:34:09	2000	1300	3333	1354	2	0.93570	1.14143	1.94576		
15:34:19	2000	1300	3333	1381	2	0.93690	1.14141	1.94848		
15:34:29	2000	1300	3333	1389	2	0.93727	1.14141	1.94933		
15:34:39	2000	1300	3333	1548	2	0.94350	1.14143	1.96367		
15:34:50	2000	1400	3333	1560	2	0.94396	1.14146	1.96476		
15:35:00	2000	1400	3333	1540	2	0.94322	1.14146	1.96308		
15:35:10	2000	1400	3333	1493	2	0.94149	1.14144	1.95907		
15:35:20	2000	1400	3333	1471	2	0.94066	1.14148	1.95722		
15:35:30	2000	1500	3333	1540	2	0.94324	1.14147	1.96314		
15:35:40	2000	1500	3333	1540	2	0.94324	1.14147	1.96314		
15:35:51	2000	1500	3333	1540	2	0.94324	1.14147	1.96314		
15:36:01	2000	1500	3333	1485	2	0.94120	1.14153	1.95856		
15:36:11	2000	1500	3333	1485	2	0.94120	1.14153	1.95856		
15:36:21	2000	1500	3333	1485	2	0.94120	1.14153	1.95856		
15:36:42	2000	1400	3333	1434	2	0.93916	1.14147	1.95378		
15:36:52	2000	1400	3333	1523	2	0.94261	1.14147	1.96169		
15:37:02	2000	1400	3333	1523	2	0.94261	1.14147	1.96169		
15:37:12	2000	1400	3333	1547	2	0.94347	1.14155	1.96380		
15:37:22	2000	1500	3333	1542	2	0.94332	1.14157	1.96349		
15:37:33	2000	1500	3333	1527	2	0.94276	1.14154	1.96214		
15:37:43	2000	1500	3333	1527	2	0.94276	1.14154	1.96214		
15:37:53	2000	1500	3333	1527	2	0.94276	1.14154	1.96214		
15:40:36	2000	1500	3333	1435	2	0.93922	1.14231	1.95535		
15:40:46	2000	1400	3333	1435	2	0.93921	1.14239	1.95547		
15:40:56	2000	1400	3333	1435	2	0.93921	1.14239	1.95547		
15:41:06	2000	1400	3333	1444	2	0.93958	1.14238	1.95630		
15:41:16	2000	1400	3333	1444	2	0.93958	1.14238	1.95630		
15:42:48	2000	1400	3333	1390	2	0.93731	1.14226	1.95087		
15:42:58	2000	1400	3333	1390	2	0.93731	1.14226	1.95087		
15:44:20	2000	1400	3333	1404	2	0.93789	1.14218	1.95208		
15:44:30	2000	1400	3333	1375	2	0.93665	1.14216	1.94919		
15:44:40	2000	1300	3333	1375	2	0.93664	1.14216	1.94916		
15:44:50	2000	1300	3333	1396	2	0.93755	1.14208	1.95112		
15:45:00	2000	1300	3333	1393	2	0.93742	1.14206	1.95079		
15:45:10	2000	1300	3333	1384	2	0.93704	1.14208	1.94994		
15:45:20	2000	1300	3333	1395	2	0.93751	1.14211	1.95107		
15:45:30	2000	1300	3333	1328	2	0.93448	1.14208	1.94408		
15:45:40	2000	1300	3333	1328	2	0.93448	1.14208	1.94408		
15:45:50	2000	1300	3333	1325	2	0.93433	1.14198	1.94357		
15:46:00	2000	1300	3333	1325	2	0.93433	1.14198	1.94357		
15:46:31	2000	1300	3333	1349	2	0.93546	1.14175	1.94576		
15:46:41	2000	1300	3333	1344	2	0.93525	1.14172	1.94522		
15:46:51	2000	1300	3333	1346	2	0.93532	1.14168	1.94531		
15:47:01	2000	1300	3333	1346	2	0.93532	1.14168	1.94531		
15:48:13	2000	1400	3333	1731	2	0.94933	1.14158	1.97729		
15:48:23	2000	1400	3333	1626	2	0.94615	1.14155	1.96994		
15:48:33	2000	1400	3333	1609	2	0.94560	1.14152	1.96863		
15:48:43	2000	1500	3333	1609	2	0.94560	1.14152	1.96863		
15:48:53	2000	1500	3333	1609	2	0.94560	1.14152	1.96863		
15:49:54	2000	1600	3333	1600	2	0.94531	1.14133	1.96765		
15:50:05	2000	1600	3333	1600	2	0.94531	1.14133	1.96765		
15:50:15	2000	1600	3333	1600	2	0.94531	1.14133	1.96765		
15:50:25	2000	1600	3333	1619	2	0.94592	1.14132	1.96901		
15:50:35	2000	1600	3333	1641	2	0.94662	1.14131	1.97061		
15:50:45	2000	1600	3333	1641	2	0.94662	1.14131	1.97061		
15:50:55	2000	1600	3333	1641	2	0.94662	1.14131	1.97061		
15:51:57	2000	1600	3333	1632	2	0.94635	1.14132	1.97001		
15:52:07	2000	1600	3333	1632	2	0.94635	1.14132	1.97001		
15:52:17	2000	1600	3333	1632	2	0.94635	1.14132	1.97001		
15:53:59	2000	1600	3333	1639	2	0.94656	1.14134	1.97053		
15:54:09	2000	1600	3333	1585	2	0.94479	1.14133	1.96644		
15:54:19	2000	1600	3333	1585	2	0.94479	1.14133	1.96644		
15:54:29	2000	1600	3333	1571	2	0.94431	1.14135	1.96539		
15:54:39	2000	1500	3333	1564	2	0.94407	1.14137	1.96486		
15:54:50	2000	1500	3333	1564	2	0.94407	1.14137	1.96486		
15:55:00	2000	1500	3333	1585	2	0.94481	1.14134	1.96650		
15:55:10	2000	1500	3333	1559	2	0.94392	1.14135	1.96449		
15:55:20	2000	1500	3333	1554	2	0.94372	1.14140	1.96411		
15:55:30	2000	1500	3333	1590	2	0.94496	1.14136	1.96689		
15:55:40	2000	1500	3333	1506	2	0.94201	1.14138	1.96015		
15:55:51	2000	1500	3333	1549	2	0.94356	1.14136	1.96368		
15:56:01	2000	1500	3333	1549	2	0.94356	1.14136	1.96368		
15:56:52	2000	1500	3333	1565	2	0.94411	1.14139	1.96498		
15:57:02	2000	1500	3333	1542	2	0.94330	1.14141	1.96316		
15:57:12	2000	1500	3333	1542	2	0.94330	1.14141	1.96316		
15:57:42	2000	1500	3333	1522	2	0.94258	1.14134	1.96140		
15:57:52	2000	1500	3333	1522	2	0.94258	1.14134	1.96140		
16:00:14	2000	1600	3333	2075	2	0.95756	1.14123	1.99557		
16:00:24	2000	1700	3333	2075	2	0.95756	1.14123	1.99557		
16:00:35	2000	1800	3333	2075	2	0.95756	1.14123	1.99557		
16:02:06	2000	1800	3333	1996	2	0.95591	1.14132	1.99193		
16:02:16	2000	1900	3333	1955	2	0.95500	1.14134	1.98989		
16:02:27	2000	2000	3333	1951	2	0.95491	1.14130	1.98961		
16:02:37	2000	2000	3333	2003	2	0.95606	1.14132	1.99229		
16:02:47	2000	1900	3333	2003	2	0.95606	1.14132	1.99229		
16:02:57	2000	1900	3333	2003	2	0.95606	1.14132	1.99229		
16:03:38	2000	1900	3333	2023	2	0.95648	1.14128	1.99318		
16:03:48	2000	1900	3333	1890	2	0.95350	1.14129	1.98636		
16:03:58	2000	1900	3333	1890	2	0.95350	1.14129	1.98636		
16:04:08	2000	1900	3333	1890	2	0.95350	1.14129	1.98636		
16:05:30	2000	1900	3333	1952	2	0.95494	1.14131	1.98970		
16:05:40	2000	1900	3333	1952	2	0.95494	1.14131	1.98970		
16:05:50	2000	1900	3333	1973	2	0.95540	1.14134	1.99081		
16:06:00	2000	1900	3333	1973	2	0.95540	1.14134	1.99081		
16:07:01	2000	1900	3333	1678	2	0.94779	1.14133	1.97332		
16:07:12	2000	1800	3333	1733	2	0.94938	1.14132	1.97696		
16:07:22	2000	1800	3333	1733	2	0.94938	1.14132	1.97696		
16:07:52	2000	1800	3333	1792	2	0.95101	1.14139	1.98082		
16:08:02	2000	1700	3333	1734	2	0.94942	1.14141	1.97721		
16:08:13	2000	1700	3333	1754	2	0.94997	1.14137	1.97840		
16:08:23	2000	1700	3333	1646	2	0.94678	1.14139	1.97112		
16:08:33	2000	1700	3333	1642	2	0.94667	1.14141	1.97090		
16:08:43	2000	1700	3333	1642	2	0.94667	1.14141	1.97090		
16:09:34	2000	1600	3333	1661	2	0.94725	1.14144	1.97228		
16:09:44	2000	1600	3333	1605	2	0.94547	1.14143	1.96819		
16:09:54	2000	1600	3333	1605	2	0.94547	1.14143	1.96819		
16:11:15	2000	1600	3333	1656	2	0.94710	1.14142	1.97191		
16:11:25	2000	1600	3333	1671	2	0.94756	1.14143	1.97297		
16:11:35	2000	1600	3333	1651	2	0.94696	1.14145	1.97163		
16:11:45	2000	1600	3333	1651	2	0.94696	1.14145	1.97163		
16:11:56	2000	1600	3333	1651	2	0.94696	1.14145	1.97163		
16:12:06	2000	1600	3333	1610	2	0.94563	1.14147	1.96861		
16:12:16	2000	1600	3333	1610	2	0.94563	1.14147	1.96861		
16:12:26	2000	1600	3333	1610	2	0.94563	1.14147	1.96861		
16:14:08	2000	1600	3333	1537	2	0.94312	1.14144	1.96280		
16:14:18	2000	1500	3333	1555	2	0.94377	1.14145	1.96431		
16:14:28	2000	1500	3333	1559	2	0.94389	1.14147	1.96462		
16:14:39	2000	1500	3333	1510	2	0.94213	1.14140	1.96046		
16:14:49	2000	1500	3333	1508	2	0.94208	1.14134	1.96025		
16:14:59	2000	1500	3333	1508	2	0.94208	1.14134	1.96025		
16:15:09	2000	1500	3333	1508	2	0.94208	1.14134	1.96025		
16:15:40	2000	1500	3333	1652	2	0.94697	1.14138	1.97153		
16:15:50	2000	1500	3333	1614	2	0.94576	1.14132	1.96865		
16:16:00	2000	1500	3333	1614	2	0.94576	1.14132	1.96865		
16:16:10	2000	1500	3333	1614	2	0.94576	1.14132	1.96865		
16:16:21	2000	1600	3333	1730	2	0.94930	1.14126	1.97667		
16:16:31	2000	1600	3333	1730	2	0.94930	1.14126	1.97667		
16:16:41	2000	1600	3333	1730	2	0.94930	1.14126	1.97667		
16:18:33	2000	1600	3333	1760	2	0.95014	1.14120	1.97849		
16:18:43	2000	1700	3333	1712	2	0.94879	1.14124	1.97546		
16:18:53	2000	1700	3333	1758	2	0.95008	1.14126	1.97847		
16:19:03	2000	1700	3333	1758	2	0.95008	1.14126	1.97847		
16:20:04	2000	1700	3333	1572	2	0.94436	1.14128	1.96537		
16:20:15	2000	1600	3333	1598	2	0.94523	1.14123	1.96729		
16:20:25	2000	1600	3333	1761	2	0.95017	1.14123	1.97861		
16:20:35	2000	1700	3333	1809	2	0.95148	1.14124	1.98163		
16:20:45	2000	1700	3333	1809	2	0.95148	1.14124	1.98163		
16:21:05	2000	1700	3333	1968	2	0.95530	1.14123	1.99038		
16:21:15	2000	1800	3333	1978	2	0.95551	1.14127	1.99093		
16:21:25	2000	1800	3333	1978	2	0.95551	1.14127	1.99093		
16:22:36	2000	1900	3333	2120	2	0.95844	1.14126	1.99764		
16:22:46	2000	1900	3333	1955	2	0.95501	1.14127	1.98979		
16:22:56	2000	1900	3333	1955	2	0.95501	1.14127	1.98979		
16:23:06	2000	2000	3333	2047	2	0.95699	1.14132	1.99441		
16:23:16	2000	2000	3333	2358	2	0.96255	1.14132	2.00717		
16:23:27	2000	2100	3333	2358	2	0.96255	1.14132	2.00717		
16:23:47	2000	2100	3333	2393	2	0.96309	1.14129	2.00836		
16:23:57	2000	2200	3333	2393	2	0.96309	1.14129	2.00836		
16:25:49	2000	2200	3333	2064	2	0.95733	1.14139	1.99532		
16:25:59	2000	2200	3333	2064	2	0.95733	1.14139	1.99532		
16:26:09	2000	2200	3333	2064	2	0.95733	1.14139	1.99532		
16:26:20	2000	2100	3333	2041	2	0.95687	1.14142	1.99431		
16:26:30	2000	2100	3333	2041	2	0.95687	1.14142	1.99431		
16:26:40	2000	2000	3333	1981	2	0.95559	1.14137	1.99128		
16:26:50	2000	2000	3333	1981	2	0.95559	1.14137	1.99128		
16:27:00	2000	2000	3333	1981	2	0.95559	1.14137	1.99128		
16:27:31	2000	1900	3333	1946	2	0.95481	1.14143	1.98961		
16:27:41	2000	1900	3333	1946	2	0.95481	1.14143	1.98961		
16:27:51	2000	1900	3333	1946	2	0.95481	1.14143	1.98961		
16:28:02	2000	1900	3333	2016	2	0.95633	1.14148	1.99319		
16:28:12	2000	1900	3333	2016	2	0.95633	1.14148	1.99319		
16:28:22	2000	1900	3333	2016	2	0.95633	1.14148	1.99319		
16:29:13	2000	1800	3333	1427	2	0.93887	1.14154	1.95322		
16:29:23	2000	1800	3333	1427	2	0.93887	1.14154	1.95322		
16:29:43	2000	1700	3333	1438	2	0.93935	1.14150	1.95425		
16:29:53	2000	1600	3333	1419	2	0.93853	1.14158	1.95251		
16:30:04	2000	1500	3333	1419	2	0.93853	1.14158	1.95251		
16:31:05	2000	1400	3333	1407	2	0.93804	1.14159	1.95140		
16:31:15	2000	1400	3333	1403	2	0.93785	1.14159	1.95097		
16:31:25	2000	1400	3333	1403	2	0.93785	1.14159	1.95097		
16:31:45	2000	1400	3333	1402	2	0.93782	1.14149	1.95073		
16:31:56	2000	1400	3333	1402	2	0.93782	1.14149	1.95073		
16:32:16	2000	1400	3333	1411	2	0.93822	1.14147	1.95161		
16:32:26	2000	1400	3333	1417	2	0.93845	1.14143	1.95207		
16:32:36	2000	1400	3333	1417	2	0.93845	1.14143	1.95207		
16:33:47	2000	1400	3333	1409	2	0.93811	1.14134	1.95115		
16:33:57	2000	1400	3333	1403	2	0.93788	1.14134	1.95062		
16:34:07	2000	1400	3333	1424	2	0.93876	1.14133	1.95262		
16:34:17	2000	1400	3333	1424	2	0.93876	1.14133	1.95262		
16:34:28	2000	1400	3333	1460	2	0.94022	1.14129	1.95590		
16:34:38	2000	1400	3333	1447	2	0.93970	1.14134	1.95479		
16:34:48	2000	1400	3333	1443	2	0.93952	1.14136	1.95440		
16:34:58	2000	1400	3333	1443	2	0.93952	1.14136	1.95440		
16:35:49	2000	1400	3333	1405	2	0.93797	1.14134	1.95082		
16:35:59	2000	1400	3333	1448	2	0.93974	1.14132	1.95484		
16:36:09	2000	1400	3333	1448	2	0.93974	1.14132	1.95484		
16:36:20	2000	1400	3333	1448	2	0.93974	1.14132	1.95484		
16:37:11	2000	1400	3333	1433	2	0.93914	1.14135	1.95351		
16:37:21	2000	1400	3333	1433	2	0.93914	1.14135	1.95351		
16:37:31	2000	1400	3333	1433	2	0.93914	1.14135	1.95351		
16:39:13	2000	1400	3333	1402	2	0.93781	1.14141	1.95057		
16:39:23	2000	1400	3333	1416	2	0.93844	1.14139	1.95198		
16:39:33	2000	1400	3333	1416	2	0.93844	1.14139	1.95198		
16:39:43	2000	1400	3333	1416	2	0.93844	1.14139	1.95198		
16:40:14	2000	1400	3333	1391	2	0.93734	1.14145	1.94956		
16:40:24	2000	1400	3333	1402	2	0.93781	1.14143	1.95061		
16:40:34	2000	1400	3333	1402	2	0.93781	1.14143	1.95061		
16:40:44	2000	1400	3333	1402	2	0.93781	1.14143	1.95061		
16:40:55	2000	1300	3333	1348	2	0.93541	1.14142	1.94508		
16:41:05	2000	1300	3333	1348	2	0.93541	1.14142	1.94508		
16:41:15	2000	1300	3333	1348	2	0.93541	1.14142	1.94508		
16:41:45	2000	1300	3333	1443	2	0.93952	1.14148	1.95462		
16:41:56	2000	1300	3333	1443	2	0.93952	1.14148	1.95462		
16:43:27	2000	1300	3333	1441	2	0.93944	1.14138	1.95426		
16:43:37	2000	1400	3333	1441	2	0.93944	1.14138	1.95426		
16:44:49	2000	1400	3333	1438	2	0.93933	1.14139	1.95403		
16:44:59	2000	1400	3333	1491	2	0.94143	1.14136	1.95878		
16:45:09	2000	1400	3333	1491	2	0.94143	1.14136	1.95878		
16:45:19	2000	1400	3333	1448	2	0.93975	1.14135	1.95493		
16:45:29	2000	1400	3333	1447	2	0.93972	1.14132	1.95479		
16:45:39	2000	1400	3333	1460	2	0.94021	1.14139	1.95605		
16:45:49	2000	1400	3333	1468	2	0.94052	1.14140	1.95678		
16:45:59	2000	1400	3333	1468	2	0.94052	1.14140	1.95678		
16:47:11	2000	1400	3333	1412	2	0.93826	1.14136	1.95153		
16:47:21	2000	1400	3333	1412	2	0.93826	1.14136	1.95153		
16:47:41	2000	1400	3333	1453	2	0.93993	1.14139	1.95540		
16:47:51	2000	1400	3333	1408	2	0.93806	1.14141	1.95115		
16:48:02	2000	1400	3333	1408	2	0.93806	1.14141	1.95115		
16:48:12	2000	1400	3333	1408	2	0.93806	1.14141	1.95115		
16:48:42	2000	1400	3333	1447	2	0.93968	1.14144	1.95492		
16:48:53	2000	1400	3333	1447	2	0.93968	1.14144	1.95492		
16:49:03	2000	1400	3333	1447	2	0.93968	1.14144	1.95492		
16:50:24	2000	1400	3333	1373	2	0.93656	1.14154	1.94792		
16:50:34	2000	1400	3333	1324	2	0.93428	1.14152	1.94267		
16:50:45	2000	1400	3333	1371	2	0.93647	1.14153	1.94771		
16:50:55	2000	1300	3333	1364	2	0.93613	1.14160	1.94705		
16:51:05	2000	1300	3333	1364	2	0.93613	1.14160	1.94705		
16:51:15	2000	1300	3333	1338	2	0.93495	1.14156	1.94427		
16:51:25	2000	1300	3333	1338	2	0.93495	1.14156	1.94427		
16:51:36	2000	1300	3333	1338	2	0.93495	1.14156	1.94427		
16:54:08	2000	1300	3333	1388	2	0.93720	1.14212	1.95038		
16:54:18	2000	1300	3333	1388	2	0.93720	1.14212	1.95038		
16:54:39	2000	1300	3333	1496	2	0.94161	1.14219	1.96064		
16:54:49	2000	1400	3333	1496	2	0.94161	1.14219	1.96064		
16:57:41	2000	1400	3333	1665	2	0.94738	1.14062	1.97115		
16:57:52	2000	1500	3333	1665	2	0.94738	1.14062	1.97115		
16:58:02	2000	1600	3333	2065	2	0.95735	1.14058	1.99394		
16:58:12	2000	1700	3333	1946	2	0.95480	1.14044	1.98786		
16:58:22	2000	1800	3333	2133	2	0.95868	1.14045	1.99677		
16:58:32	2000	1900	3333	2133	2	0.95868	1.14045	1.99677		
16:58:43	2000	1900	3333	2008	2	0.95616	1.14030	1.99074		
16:58:53	2000	2000	3333	1771	2	0.95046	1.14028	1.97762		
16:59:03	2000	1900	3333	1771	2	0.95046	1.14028	1.97762		
17:00:24	2000	2000	3333	2428	2	0.96362	1.13996	2.00722		
17:00:35	2000	2000	3333	2428	2	0.96362	1.13996	2.00722		
17:00:45	2000	2100	3333	2428	2	0.96362	1.13996	2.00722		
17:01:05	2000	2000	3333	1738	2	0.94954	1.13970	1.97452		
17:01:15	2000	2000	3333	1738	2	0.94954	1.13970	1.97452		
17:01:26	2000	2000	3333	1738	2	0.94954	1.13970	1.97452		
17:02:16	2000	2000	3333	2478	2	0.96434	1.13937	2.00783		
17:02:27	2000	2000	3333	2444	2	0.96385	1.13939	2.00675		
17:02:37	2000	2100	3333	2666	2	0.96680	1.13937	2.01348		
17:02:47	2000	2200	3333	2666	2	0.96680	1.13937	2.01348		
17:02:57	2000	2300	3333	2328	2	0.96208	1.13929	2.00253		
17:03:07	2000	3000	3333	9955	2	0.99100	1.13925	2.06911		
17:03:18	2000	3000	3333	8888	2	0.98992	1.13922	2.06615		
17:03:28	2000	3000	3333	6962	2	0.98716	1.13917	2.05972		
17:03:38	2000	3000	3333	6962	2	0.98716	1.13917	2.05972		
17:03:48	2000	3000	3333	6962	2	0.98716	1.13917	2.05972		
17:04:19	2000	3000	3333	6467	2	0.98618	1.13913	2.05741		
17:04:29	2000	3000	3333	6467	2	0.98618	1.13913	2.05741		
17:04:49	2000	3000	3333	5120	2	0.98258	1.13904	2.04900		
17:04:59	2000	3000	3333	5120	2	0.98258	1.13904	2.04900		
17:05:30	2000	3000	3333	4133	2	0.97846	1.13896	2.03943		
17:05:40	2000	3000	3333	3891	2	0.97714	1.13898	2.03644		
17:05:50	2000	3000	3333	3891	2	0.97714	1.13898	2.03644		
17:06:00	2000	3000	3333	3968	2	0.97757	1.13892	2.03733		
17:06:11	2000	3000	3333	4214	2	0.97887	1.13896	2.04037		
17:06:21	2000	3000	3333	4763	2	0.98128	1.13895	2.04588		
17:06:31	2000	3000	3333	4763	2	0.98128	1.13895	2.04588		
17:09:03	2000	3000	3333	3933	2	0.97737	1.13906	2.03713		
17:09:14	2000	3000	3333	3933	2	0.97737	1.13906	2.03713		
17:09:44	2000	3000	3333	4285	2	0.97922	1.13917	2.04154		
17:09:54	2000	3000	3333	4285	2	0.97922	1.13917	2.04154		
17:10:55	2000	3000	3333	4976	2	0.98207	1.13930	2.04832		
17:11:06	2000	3000	3333	4976	2	0.98207	1.13930	2.04832		
17:11:16	2000	3000	3333	3748	2	0.97627	1.13937	2.03516		
17:11:26	2000	3000	3333	3748	2	0.97627	1.13937	2.03516		
17:11:36	2000	3000	3333	3748	2	0.97627	1.13937	2.03516		
17:13:38	2000	3000	3333	4545	2	0.98039	1.13930	2.04447		
17:13:49	2000	3000	3333	4545	2	0.98039	1.13930	2.04447		
17:13:59	2000	3000	3333	4545	2	0.98039	1.13930	2.04447		
17:15:30	2000	3000	3333	3757	2	0.97633	1.13917	2.03494		
17:15:40	2000	3000	3333	3757	2	0.97633	1.13917	2.03494		
17:15:51	2000	3000	3333	3757	2	0.97633	1.13917	2.03494		
17:16:52	2000	3000	3333	4533	2	0.98034	1.13900	2.04381		
17:17:02	2000	3000	3333	4533	2	0.98034	1.13900	2.04381		
17:18:23	2000	3000	3333	3952	2	0.97748	1.13901	2.03729		
17:18:34	2000	3000	3333	3986	2	0.97768	1.13901	2.03773		
17:18:44	2000	3000	3333	3986	2	0.97768	1.13901	2.03773		
17:18:54	2000	3000	3333	3599	2	0.97530	1.13904	2.03235		
17:19:04	2000	3000	3333	3773	2	0.97643	1.13912	2.03507		
17:19:14	2000	3000	3333	3773	2	0.97643	1.13912	2.03507		
17:19:24	2000	3000	3333	4009	2	0.97780	1.13914	2.03825		
17:19:34	2000	3000	3333	3822	2	0.97673	1.13915	2.03581		
17:19:45	2000	3000	3333	3822	2	0.97673	1.13915	2.03581		
17:20:35	2000	3000	3333	3636	2	0.97555	1.13921	2.03322		
17:20:45	2000	3000	3333	3468	2	0.97438	1.13923	2.03058		
17:20:55	2000	3000	3333	3423	2	0.97405	1.13921	2.02978		
17:21:05	2000	3000	3333	3423	2	0.97405	1.13921	2.02978		
17:21:15	2000	3000	3333	3502	2	0.97463	1.13922	2.03113		
17:21:25	2000	3000	3333	3512	2	0.97470	1.13924	2.03133		
17:21:35	2000	3000	3333	3397	2	0.97385	1.13925	2.02941		
17:21:46	2000	3000	3333	3397	2	0.97385	1.13925	2.02941		
17:23:17	2000	3000	3333	4057	2	0.97806	1.13945	2.03940		
17:23:27	2000	3000	3333	4057	2	0.97806	1.13945	2.03940		
17:23:38	2000	3000	3333	3719	2	0.97609	1.13950	2.03497		
17:23:48	2000	3000	3333	3719	2	0.97609	1.13950	2.03497		
17:23:58	2000	3000	3333	3719	2	0.97609	1.13950	2.03497		
17:24:49	2000	3000	3333	3734	2	0.97618	1.13953	2.03524		
17:24:59	2000	3000	3333	3734	2	0.97618	1.13953	2.03524		
17:25:09	2000	3000	3333	3734	2	0.97618	1.13953	2.03524		
17:26:00	2000	3000	3333	3008	2	0.97052	1.13944	2.02211		
17:26:10	2000	3000	3333	3008	2	0.97052	1.13944	2.02211		
17:26:21	2000	3000	3333	3008	2	0.97052	1.13944	2.02211		
17:27:12	2000	3000	3333	3082	2	0.97122	1.13944	2.02372		
17:27:22	2000	3000	3333	2948	2	0.96994	1.13946	2.02081		
17:27:32	2000	2900	3333	2948	2	0.96994	1.13946	2.02081		
17:27:42	2000	2900	3333	2948	2	0.96994	1.13946	2.02081		
17:28:23	2000	3000	3333	3163	2	0.97195	1.13939	2.02529		
17:28:33	2000	3000	3333	3303	2	0.97312	1.13937	2.02795		
17:28:43	2000	3000	3333	3303	2	0.97312	1.13937	2.02795		
17:29:54	2000	3000	3333	3103	2	0.97141	1.13940	2.02408		
17:30:04	2000	3000	3333	3103	2	0.97141	1.13940	2.02408		
17:30:15	2000	3000	3333	3408	2	0.97394	1.13938	2.02983		
17:30:25	2000	3000	3333	3408	2	0.97394	1.13938	2.02983		
17:33:38	2000	3000	3333	1797	2	0.95115	1.13938	1.97765		
17:33:48	2000	2700	3333	1797	2	0.95115	1.13938	1.97765		
17:34:49	2000	2500	3333	1646	2	0.94678	1.13932	1.96755		
17:35:00	2000	2200	3333	1646	2	0.94678	1.13932	1.96755		
17:35:10	2000	2000	3333	1777	2	0.95061	1.13932	1.97631		
17:35:20	2000	1700	3333	1777	2	0.95061	1.13932	1.97631		
17:35:30	2000	1700	3333	1777	2	0.95061	1.13932	1.97631		
17:36:21	2000	1700	3333	2040	2	0.95685	1.13915	1.99030		
17:36:31	2000	1800	3333	2040	2	0.95685	1.13915	1.99030		
17:36:41	2000	1800	3333	1956	2	0.95502	1.13904	1.98592		
17:36:52	2000	1900	3333	1959	2	0.95511	1.13902	1.98608		
17:37:02	2000	1900	3333	2005	2	0.95609	1.13904	1.98838		
17:37:12	2000	1900	3333	2005	2	0.95609	1.13904	1.98838		
17:37:22	2000	1900	3333	1935	2	0.95454	1.13910	1.98493		
17:37:32	2000	1900	3333	1935	2	0.95454	1.13910	1.98493		
17:37:43	2000	1900	3333	1935	2	0.95454	1.13910	1.98493		
17:43:48	2000	1900	3333	1682	2	0.94789	1.13881	1.96919		
17:43:58	2000	1800	3333	1682	2	0.94789	1.13881	1.96919		
17:44:49	2000	1800	3333	2149	2	0.95898	1.13887	1.99468		
17:45:00	2000	1900	3333	2149	2	0.95898	1.13887	1.99468		
17:45:20	2000	1900	3333	1821	2	0.95177	1.13900	1.97842		
17:45:30	2000	1800	3333	1781	2	0.95072	1.13899	1.97600		
17:45:40	2000	1800	3333	1781	2	0.95072	1.13899	1.97600		
17:45:50	2000	1900	3333	1823	2	0.95183	1.13903	1.97860		
17:46:01	2000	1800	3333	1823	2	0.95183	1.13903	1.97860		
17:46:11	2000	1800	3333	1823	2	0.95183	1.13903	1.97860		
17:46:52	2000	1800	3333	1881	2	0.95327	1.13900	1.98184		
17:47:02	2000	1800	3333	1881	2	0.95327	1.13900	1.98184		
17:47:12	2000	1800	3333	1881	2	0.95327	1.13900	1.98184		
17:48:44	2000	2400	3333	5240	2	0.98297	1.13890	2.04965		
17:48:54	2000	2900	3333	5090	2	0.98247	1.13891	2.04853		
17:49:04	2000	3000	3333	5090	2	0.98247	1.13891	2.04853		
17:49:14	2000	3000	3333	5090	2	0.98247	1.13891	2.04853		
17:49:35	2000	3000	3333	3611	2	0.97538	1.13878	2.03207		
17:49:45	2000	3000	3333	3638	2	0.97556	1.13880	2.03252		
17:49:55	2000	3000	3333	3638	2	0.97556	1.13880	2.03252		
17:50:05	2000	3000	3333	3638	2	0.97556	1.13880	2.03252		
17:51:16	2000	3000	3333	3134	2	0.97169	1.13874	2.02355		
17:51:27	2000	3000	3333	2973	2	0.97018	1.13878	2.02017		
17:51:37	2000	3000	3333	2973	2	0.97018	1.13878	2.02017		
17:52:38	2000	3000	3333	2735	2	0.96763	1.13870	2.01419		
17:52:48	2000	3000	3333	2827	2	0.96867	1.13868	2.01653		
17:52:58	2000	2900	3333	2827	2	0.96867	1.13868	2.01653		
17:53:49	2000	2800	3333	3069	2	0.97110	1.13863	2.02200		
17:53:59	2000	2900	3333	3069	2	0.97110	1.13863	2.02200		
17:55:10	2000	2800	3333	2800	2	0.96837	1.13868	2.01584		
17:55:20	2000	2800	3333	2800	2	0.96837	1.13868	2.01584		
17:55:30	2000	2800	3333	2719	2	0.96744	1.13864	2.01365		
17:55:40	2000	2800	3333	2565	2	0.96552	1.13861	2.00920		
17:55:51	2000	2700	3333	2584	2	0.96578	1.13862	2.00980		
17:56:01	2000	2600	3333	2584	2	0.96578	1.13862	2.00980		
17:56:42	2000	2600	3333	2788	2	0.96824	1.13882	2.01579		
17:56:52	2000	2600	3333	2788	2	0.96824	1.13882	2.01579		
17:59:35	2000	2700	3333	3152	2	0.97185	1.13863	2.02371		
17:59:45	2000	2800	3333	3152	2	0.97185	1.13863	2.02371		
17:59:55	2000	2900	3333	3152	2	0.97185	1.13863	2.02371		
18:00:16	2000	3000	3333	3229	2	0.97251	1.13866	2.02529		
18:00:26	2000	3000	3333	3229	2	0.97251	1.13866	2.02529		
18:00:36	2000	3000	3333	3229	2	0.97251	1.13866	2.02529		
18:02:18	2000	3000	3333	3097	2	0.97136	1.13866	2.02265		
18:02:28	2000	3000	3333	3507	2	0.97466	1.13864	2.03017		
18:02:38	2000	3000	3333	3761	2	0.97635	1.13864	2.03404		
18:02:48	2000	3000	3333	3310	2	0.97318	1.13861	2.02672		
18:02:58	2000	3000	3333	3310	2	0.97318	1.13861	2.02672		
18:03:09	2000	3000	3333	3640	2	0.97558	1.13865	2.03229		
18:03:19	2000	3000	3333	3814	2	0.97668	1.13864	2.03478		
18:03:29	2000	3000	3333	3070	2	0.97111	1.13863	2.02203		
18:03:39	2000	3000	3333	3070	2	0.97111	1.13863	2.02203		
18:05:31	2000	3000	3333	8589	2	0.98958	1.13858	2.06419		
18:05:41	2000	3000	3333	9955	2	0.99100	1.13858	2.06926		
18:05:52	2000	3000	3333	9955	2	0.99100	1.13852	2.06932		
18:06:02	2000	3000	3333	9955	2	0.99100	1.13852	2.06932		
18:08:33	2000	3000	3333	8990	2	0.99004	1.13842	2.06496		
18:08:43	2000	3000	3333	7173	2	0.98753	1.13844	2.05926		
18:08:53	2000	3000	3333	7173	2	0.98753	1.13844	2.05926		
18:10:45	2000	3000	3333	9955	2	0.99100	1.13821	2.08504		
18:10:56	2000	3000	3333	9955	2	0.99100	1.13821	2.08504		
18:11:06	2000	3000	3333	9955	2	0.99100	1.13821	2.08504		
18:11:57	2000	3000	3333	9955	2	0.99100	1.13834	2.08332		
18:12:07	2000	3000	3333	9955	2	0.99100	1.13834	2.08332		
18:12:17	2000	3000	3333	9955	2	0.99100	1.13834	2.08332		
18:14:19	2000	3000	3333	9955	2	0.99100	1.13818	2.17017		
18:14:29	2000	3000	3333	9955	2	0.99100	1.13818	2.17017		
18:14:40	2000	3000	3333	9955	2	0.99100	1.13818	2.17017		
18:17:12	2000	3000	3333	9955	2	0.99100	1.13808	2.16796		
18:17:22	2000	3000	3333	9955	2	0.99100	1.13808	2.16796		
18:17:43	2000	3000	3333	9955	2	0.99100	1.13818	2.17253		
18:17:53	2000	3000	3333	9955	2	0.99100	1.13818	2.17253		
18:18:03	2000	3000	3333	9955	2	0.99100	1.13820	2.16776		
18:18:13	2000	3000	3333	9955	2	0.99100	1.13822	2.17014		
18:18:23	2000	3000	3333	9955	2	0.99100	1.13822	2.17014		
18:18:44	2000	3000	3333	9955	2	0.99100	1.13824	2.12747		
18:18:54	2000	3000	3333	9955	2	0.99100	1.13824	2.12747		
18:19:14	2000	3000	3333	9955	2	0.99100	1.13818	2.12592		
18:19:24	2000	3000	3333	9955	2	0.99100	1.13818	2.12592		
18:21:56	2000	3000	3333	9955	2	0.99100	1.13808	2.12365		
18:22:07	2000	3000	3333	9955	2	0.99100	1.13810	2.12382		
18:22:17	2000	3000	3333	9955	2	0.99100	1.13810	2.12382		
18:22:27	2000	3000	3333	9955	2	0.99100	1.13810	2.12382		
18:23:38	2000	3000	3333	9955	2	0.99100	1.13813	2.11891		
18:23:48	2000	3000	3333	9955	2	0.99100	1.13813	2.11891		
18:23:59	2000	3000	3333	9955	2	0.99100	1.13813	2.11891		
18:25:40	2000	3000	3333	9955	2	0.99100	1.13819	2.11875		
18:25:51	2000	3000	3333	9955	2	0.99100	1.13817	2.11980		
18:26:01	2000	3000	3333	9955	2	0.99100	1.13816	2.12139		
18:26:11	2000	3000	3333	9955	2	0.99100	1.13821	2.11932		
18:26:21	2000	3000	3333	9955	2	0.99100	1.13821	2.11694		
18:26:31	2000	3000	3333	9955	2	0.99100	1.13821	2.11694		
18:26:41	2000	3000	3333	9955	2	0.99100	1.13821	2.11694		
18:28:03	2000	3000	3333	9955	2	0.99100	1.13830	2.11772		
18:28:13	2000	3000	3333	9955	2	0.99100	1.13830	2.11772		
18:31:16	2000	3000	3333	9955	2	0.99100	1.13826	2.11649		
18:31:26	2000	3000	3333	9955	2	0.99100	1.13824	2.11561		
18:31:36	2000	3000	3333	9955	2	0.99100	1.13824	2.11561		
18:35:20	2000	3000	3333	9955	2	0.99100	1.13812	2.12197		
18:35:30	2000	3000	3333	9955	2	0.99100	1.13812	2.12197		
18:35:40	2000	3000	3333	9955	2	0.99100	1.13812	2.12197		
18:37:42	2000	3000	3333	9955	2	0.99100	1.13814	2.11901		
18:37:53	2000	3000	3333	9955	2	0.99100	1.13814	2.11901		
18:38:03	2000	3000	3333	9955	2	0.99100	1.13814	2.11901		
18:38:13	2000	3000	3333	9955	2	0.99100	1.13807	2.11968		
18:38:23	2000	3000	3333	9955	2	0.99100	1.13809	2.13654		
18:38:33	2000	3000	3333	9955	2	0.99100	1.13811	2.13533		
18:38:43	2000	3000	3333	9955	2	0.99100	1.13811	2.13533		
18:38:53	2000	3000	3333	9955	2	0.99100	1.13811	2.13533		
18:40:56	2000	3000	3333	9955	2	0.99100	1.13813	2.11463		
18:41:06	2000	3000	3333	9955	2	0.99100	1.13821	2.12362		
18:41:16	2000	3000	3333	9955	2	0.99100	1.13821	2.12362		
18:42:17	2000	3000	3333	9955	2	0.99100	1.13806	2.13702		
18:42:27	2000	3000	3333	9955	2	0.99100	1.13806	2.13702		
18:44:08	2000	3000	3333	9955	2	0.99100	1.13811	2.11673		
18:44:18	2000	3000	3333	9955	2	0.99100	1.13811	2.11673		
18:44:28	2000	3000	3333	9955	2	0.99100	1.13805	2.12569		
18:44:38	2000	3000	3333	9955	2	0.99100	1.13804	2.12705		
18:44:48	2000	3000	3333	9955	2	0.99100	1.13806	2.12180		
18:44:58	2000	3000	3333	9955	2	0.99100	1.13811	2.12076		
18:45:09	2000	3000	3333	9955	2	0.99100	1.13811	2.12076		
18:46:50	2000	3000	3333	9955	2	0.99100	1.13800	2.10987		
18:47:01	2000	3000	3333	9955	2	0.99100	1.13798	2.11188		
18:47:11	2000	3000	3333	9955	2	0.99100	1.13796	2.11042		
18:47:21	2000	3000	3333	9955	2	0.99100	1.13796	2.11042		
18:47:31	2000	3000	3333	9955	2	0.99100	1.13796	2.11042		
18:50:55	2000	3000	3333	9955	2	0.99100	1.13789	2.11576		
18:51:05	2000	3000	3333	9955	2	0.99100	1.13791	2.11311		
18:51:15	2000	3000	3333	9955	2	0.99100	1.13790	2.11368		
18:51:25	2000	3000	3333	9955	2	0.99100	1.13795	2.11467		
18:51:36	2000	3000	3333	9955	2	0.99100	1.13795	2.11467		
18:52:57	2000	3000	3333	9955	2	0.99100	1.13795	2.11341		
18:53:07	2000	3000	3333	9955	2	0.99100	1.13799	2.11481		
18:53:17	2000	3000	3333	9955	2	0.99100	1.13798	2.11438		
18:53:28	2000	3000	3333	9955	2	0.99100	1.13797	2.11348		
18:53:38	2000	3000	3333	9955	2	0.99100	1.13797	2.11742		
18:53:48	2000	3000	3333	9955	2	0.99100	1.13793	2.11608		
18:53:58	2000	3000	3333	9955	2	0.99100	1.13795	2.11450		
18:54:08	2000	3000	3333	9955	2	0.99100	1.13795	2.11384		
18:54:18	2000	3000	3333	9955	2	0.99100	1.13795	2.11384		
18:54:39	2000	3000	3333	9955	2	0.99100	1.13792	2.11240		
18:54:49	2000	3000	3333	9955	2	0.99100	1.13792	2.11240		
18:57:21	2000	3000	3333	9955	2	0.99100	1.13806	2.12875		
18:57:32	2000	3000	3333	9955	2	0.99100	1.13806	2.12875		
18:57:42	2000	3000	3333	9955	2	0.99100	1.13806	2.12875		
18:59:03	2000	3000	3333	9955	2	0.99100	1.13799	2.12534		
18:59:13	2000	3000	3333	9955	2	0.99100	1.13799	2.12534		
18:59:24	2000	3000	3333	9955	2	0.99100	1.13799	2.12534		
19:00:15	2000	3000	3333	9955	2	0.99100	1.13798	2.11943		
19:00:25	2000	3000	3333	9955	2	0.99100	1.13798	2.11943		
19:00:35	2000	3000	3333	9955	2	0.99100	1.13798	2.11943		
19:02:27	2000	3000	3333	9955	2	0.99100	1.13809	2.13736		
19:02:37	2000	3000	3333	9955	2	0.99100	1.13802	2.13668		
19:02:47	2000	3000	3333	9955	2	0.99100	1.13802	2.13668		
19:02:57	2000	3000	3333	9955	2	0.99100	1.13802	2.13668		
19:06:31	2000	3000	3333	9955	2	0.99100	1.13783	2.12509		
19:06:41	2000	3000	3333	9955	2	0.99100	1.13787	2.12205		
19:06:51	2000	3000	3333	9955	2	0.99100	1.13783	2.12893		
19:07:01	2000	3000	3333	9955	2	0.99100	1.13780	2.12538		
19:07:11	2000	3000	3333	9955	2	0.99100	1.13775	2.12383		
19:07:22	2000	3000	3333	9955	2	0.99100	1.13775	2.12383		
19:08:33	2000	3000	3333	9955	2	0.99100	1.13768	2.12619		
19:08:43	2000	3000	3333	9955	2	0.99100	1.13768	2.12875		
19:08:53	2000	3000	3333	9955	2	0.99100	1.13774	2.12349		
19:09:03	2000	3000	3333	9955	2	0.99100	1.13774	2.12349		
19:09:44	2000	3000	3333	9955	2	0.99100	1.13765	2.11475		
19:09:54	2000	3000	3333	9955	2	0.99100	1.13765	2.11475		
19:10:04	2000	3000	3333	9955	2	0.99100	1.13765	2.11475		
19:10:45	2000	3000	3333	9955	2	0.99100	1.13753	2.11057		
19:10:55	2000	3000	3333	9955	2	0.99100	1.13753	2.11145		
19:11:06	2000	3000	3333	9955	2	0.99100	1.13761	2.11709		
19:11:16	2000	3000	3333	9955	2	0.99100	1.13761	2.11709		
19:11:26	2000	3000	3333	9955	2	0.99100	1.13761	2.11709		
19:12:17	2000	3000	3333	9955	2	0.99100	1.13767	2.11157		
19:12:27	2000	3000	3333	9955	2	0.99100	1.13767	2.11157		
19:12:37	2000	3000	3333	9955	2	0.99100	1.13767	2.11157		
19:12:58	2000	3000	3333	9955	2	0.99100	1.13765	2.10086		
19:13:08	2000	3000	3333	9955	2	0.99100	1.13765	2.10086		
19:13:18	2000	3000	3333	9955	2	0.99100	1.13765	2.10086		
19:13:59	2000	3000	3333	9955	2	0.99100	1.13757	2.10184		
19:14:09	2000	3000	3333	9955	2	0.99100	1.13757	2.10184		
19:14:19	2000	3000	3333	9955	2	0.99100	1.13757	2.10184		
19:14:29	2000	3000	3333	9955	2	0.99100	1.13755	2.09021		
19:14:39	2000	3000	3333	9955	2	0.99100	1.13755	2.09021		
19:15:20	2000	3000	3333	9955	2	0.99100	1.13768	2.10699		
19:15:30	2000	3000	3333	9955	2	0.99100	1.13761	2.10796		
19:15:40	2000	3000	3333	9955	2	0.99100	1.13760	2.10892		
19:15:51	2000	3000	3333	9955	2	0.99100	1.13760	2.10892		
19:19:13	2000	3000	3333	9955	2	0.99100	1.13768	2.10683		
19:19:23	2000	3000	3333	9955	2	0.99100	1.13768	2.10683		
19:20:24	2000	3000	3333	9955	2	0.99100	1.13773	2.11744		
19:20:34	2000	3000	3333	9955	2	0.99100	1.13773	2.12060		
19:20:44	2000	3000	3333	9955	2	0.99100	1.13771	2.11795		
19:20:55	2000	3000	3333	9955	2	0.99100	1.13771	2.11795		
19:21:35	2000	3000	3333	9955	2	0.99100	1.13775	2.11033		
19:21:45	2000	3000	3333	9955	2	0.99100	1.13773	2.10851		
19:21:56	2000	3000	3333	9955	2	0.99100	1.13775	2.10603		
19:22:06	2000	3000	3333	9955	2	0.99100	1.13775	2.10603		
19:22:16	2000	3000	3333	9955	2	0.99100	1.13775	2.10603		
19:22:26	2000	3000	3333	9955	2	0.99100	1.13771	2.11280		
19:22:36	2000	3000	3333	9955	2	0.99100	1.13771	2.11280		
19:22:47	2000	3000	3333	9955	2	0.99100	1.13775	2.12149		
19:22:57	2000	3000	3333	9955	2	0.99100	1.13773	2.12171		
19:23:07	2000	3000	3333	9955	2	0.99100	1.13773	2.12171		
19:23:17	2000	3000	3333	9955	2	0.99100	1.13773	2.12171		
19:25:19	2000	3000	3333	9955	2	0.99100	1.13766	2.13089		
19:25:30	2000	3000	3333	9955	2	0.99100	1.13766	2.13089		
19:25:40	2000	3000	3333	9955	2	0.99100	1.13766	2.13089		
19:28:43	2000	3000	3333	9955	2	0.99100	1.13753	2.13351		
19:28:53	2000	3000	3333	9955	2	0.99100	1.13753	2.13351		
19:29:03	2000	3000	3333	9955	2	0.99100	1.13748	2.12997		
19:29:14	2000	3000	3333	9955	2	0.99100	1.13745	2.13529		
19:29:24	2000	3000	3333	9955	2	0.99100	1.13745	2.13529		
19:29:54	2000	3000	3333	9955	2	0.99100	1.13748	2.13472		
19:30:05	2000	3000	3333	9955	2	0.99100	1.13748	2.13472		
19:30:35	2000	3000	3333	9955	2	0.99100	1.13744	2.12781		
19:30:45	2000	3000	3333	9955	2	0.99100	1.13744	2.12781		
19:31:36	2000	3000	3333	9955	2	0.99100	1.13738	2.12521		
19:31:46	2000	3000	3333	9955	2	0.99100	1.13737	2.14219		
19:31:57	2000	3000	3333	9955	2	0.99100	1.13737	2.14219		
19:34:19	2000	3000	3333	9955	2	0.99100	1.13730	2.12231		
19:34:29	2000	3000	3333	9955	2	0.99100	1.13730	2.12231		
19:34:40	2000	3000	3333	9955	2	0.99100	1.13730	2.12231		
19:36:11	2000	3000	3333	9955	2	0.99100	1.13738	2.13442		
19:36:21	2000	3000	3333	9955	2	0.99100	1.13741	2.14113		
19:36:32	2000	3000	3333	9955	2	0.99100	1.13738	2.13930		
19:36:42	2000	3000	3333	9955	2	0.99100	1.13738	2.13326		
19:36:52	2000	3000	3333	9955	2	0.99100	1.13734	2.13409		
19:37:02	2000	3000	3333	9955	2	0.99100	1.13738	2.13330		
19:37:12	2000	3000	3333	9955	2	0.99100	1.13738	2.13330		
19:37:22	2000	3000	3333	9955	2	0.99100	1.13739	2.13551		
19:37:32	2000	3000	3333	9955	2	0.99100	1.13739	2.13975		
19:37:43	2000	3000	3333	9955	2	0.99100	1.13739	2.13975		
19:37:53	2000	3000	3333	9955	2	0.99100	1.13739	2.13975		
19:38:44	2000	3000	3333	9955	2	0.99100	1.13738	2.14311		
19:38:54	2000	3000	3333	9955	2	0.99100	1.13738	2.14311		
19:39:25	2000	3000	3333	9955	2	0.99100	1.13732	2.13615		
19:39:35	2000	3000	3333	9955	2	0.99100	1.13732	2.13615		
19:40:15	2000	3000	3333	9955	2	0.99100	1.13734	2.12937		
19:40:26	2000	3000	3333	9955	2	0.99100	1.13734	2.12937		
19:40:46	2000	3000	3333	9955	2	0.99100	1.13735	2.13026		
19:40:56	2000	3000	3333	9955	2	0.99100	1.13730	2.13433		
19:41:06	2000	3000	3333	9955	2	0.99100	1.13730	2.13433		
19:41:37	2000	3000	3333	9955	2	0.99100	1.13734	2.14033		
19:41:47	2000	3000	3333	9955	2	0.99100	1.13733	2.13384		
19:41:57	2000	3000	3333	9955	2	0.99100	1.13733	2.13384		
19:42:17	2000	3000	3333	9955	2	0.99100	1.13733	2.13519		
19:42:27	2000	3000	3333	9955	2	0.99100	1.13733	2.13519		
19:43:18	2000	3000	3333	9955	2	0.99100	1.13732	2.13428		
19:43:28	2000	3000	3333	9955	2	0.99100	1.13730	2.14280		
19:43:38	2000	3000	3333	9955	2	0.99100	1.13726	2.13514		
19:43:48	2000	3000	3333	9955	2	0.99100	1.13723	2.13267		
19:43:59	2000	3000	3333	9955	2	0.99100	1.13723	2.13267		
19:45:10	2000	3000	3333	9955	2	0.99100	1.13730	2.12376		
19:45:20	2000	3000	3333	9955	2	0.99100	1.13730	2.12376		
19:45:30	2000	3000	3333	9955	2	0.99100	1.13730	2.12376		
19:45:51	2000	3000	3333	9955	2	0.99100	1.13731	2.13026		
19:46:01	2000	3000	3333	9955	2	0.99100	1.13731	2.13026		
19:46:11	2000	3000	3333	9955	2	0.99100	1.13731	2.13026		
19:47:12	2000	3000	3333	9955	2	0.99100	1.13731	2.13055		
19:47:22	2000	3000	3333	9955	2	0.99100	1.13727	2.12558		
19:47:33	2000	3000	3333	9955	2	0.99100	1.13732	2.12431		
19:47:43	2000	3000	3333	9955	2	0.99100	1.13735	2.12538		
19:47:53	2000	3000	3333	9955	2	0.99100	1.13737	2.12426		
19:48:03	2000	3000	3333	9955	2	0.99100	1.13729	2.13296		
19:48:13	2000	3000	3333	9955	2	0.99100	1.13729	2.13296		
19:48:23	2000	3000	3333	9955	2	0.99100	1.13729	2.13296		
19:48:44	2000	3000	3333	9955	2	0.99100	1.13727	2.12628		
19:48:54	2000	3000	3333	9955	2	0.99100	1.13726	2.13016		
19:49:04	2000	3000	3333	9955	2	0.99100	1.13726	2.13016		
19:49:14	2000	3000	3333	9955	2	0.99100	1.13726	2.13016		
19:51:27	2000	3000	3333	9955	2	0.99100	1.13712	2.13311		
19:51:37	2000	3000	3333	9955	2	0.99100	1.13707	2.14002		
19:51:47	2000	3000	3333	9955	2	0.99100	1.13707	2.14002		
19:53:29	2000	3000	3333	9955	2	0.99100	1.13701	2.12850		
19:53:39	2000	3000	3333	9955	2	0.99100	1.13702	2.12487		
19:53:49	2000	3000	3333	9955	2	0.99100	1.13702	2.12487		
19:54:29	2000	3000	3333	9955	2	0.99100	1.13701	2.12952		
19:54:39	2000	3000	3333	9955	2	0.99100	1.13701	2.12952		
19:56:21	2000	3000	3333	9955	2	0.99100	1.13676	2.12036		
19:56:31	2000	3000	3333	9955	2	0.99100	1.13676	2.12036		
19:56:41	2000	3000	3333	9955	2	0.99100	1.13676	2.12036		
19:57:12	2000	3000	3333	9955	2	0.99100	1.13678	2.12922		
19:57:22	2000	3000	3333	9955	2	0.99100	1.13679	2.13232		
19:57:32	2000	3000	3333	9955	2	0.99100	1.13675	2.11984		
19:57:42	2000	3000	3333	9955	2	0.99100	1.13675	2.11984		
19:57:52	2000	3000	3333	9955	2	0.99100	1.13675	2.11984		
20:00:15	2000	3000	3333	9955	2	0.99100	1.13671	2.13896		
20:00:25	2000	3000	3333	9955	2	0.99100	1.13675	2.13565		
20:00:35	2000	3000	3333	9955	2	0.99100	1.13670	2.12618		
20:00:46	2000	3000	3333	9955	2	0.99100	1.13672	2.14874		
20:00:56	2000	3000	3333	9955	2	0.99100	1.13672	2.14874		
20:01:06	2000	3000	3333	9955	2	0.99100	1.13672	2.14874		
20:01:26	2000	3000	3333	9955	2	0.99100	1.13672	2.13204		
20:01:36	2000	3000	3333	9955	2	0.99100	1.13672	2.13204		
20:01:46	2000	3000	3333	9955	2	0.99100	1.13672	2.13204		
20:02:58	2000	3000	3333	9955	2	0.99100	1.13666	2.13204		
20:03:08	2000	3000	3333	9955	2	0.99100	1.13666	2.13204		
20:03:28	2000	3000	3333	9955	2	0.99100	1.13659	2.13996		
20:03:38	2000	3000	3333	9955	2	0.99100	1.13656	2.13209		
20:03:49	2000	3000	3333	9955	2	0.99100	1.13660	2.13342		
20:03:59	2000	3000	3333	9955	2	0.99100	1.13660	2.13342		
20:04:40	2000	3000	3333	9955	2	0.99100	1.13661	2.13031		
20:04:50	2000	3000	3333	9955	2	0.99100	1.13661	2.13031		
20:06:01	2000	3000	3333	9955	2	0.99100	1.13649	2.13817		
20:06:11	2000	3000	3333	9955	2	0.99100	1.13648	2.14236		
20:06:21	2000	3000	3333	9955	2	0.99100	1.13648	2.14236		
20:06:41	2000	3000	3333	9955	2	0.99100	1.13639	2.13490		
20:06:51	2000	3000	3333	9955	2	0.99100	1.13636	2.14192		
20:07:01	2000	3000	3333	9955	2	0.99100	1.13638	2.13522		
20:07:12	2000	3000	3333	9955	2	0.99100	1.13638	2.13522		
20:07:22	2000	3000	3333	9955	2	0.99100	1.13633	2.13145		
20:07:32	2000	3000	3333	9955	2	0.99100	1.13632	2.12742		
20:07:42	2000	3000	3333	9955	2	0.99100	1.13632	2.12742		
20:08:23	2000	3000	3333	9955	2	0.99100	1.13629	2.12118		
20:08:33	2000	3000	3333	9955	2	0.99100	1.13626	2.12255		
20:08:43	2000	3000	3333	9955	2	0.99100	1.13626	2.12255		
20:08:53	2000	3000	3333	9955	2	0.99100	1.13626	2.12255		
20:09:04	2000	3000	3333	9955	2	0.99100	1.13623	2.12039		
20:09:14	2000	3000	3333	9955	2	0.99100	1.13623	2.12039		
20:09:24	2000	3000	3333	9955	2	0.99100	1.13623	2.12039		
20:10:05	2000	3000	3333	9955	2	0.99100	1.13626	2.12573		
20:10:15	2000	3000	3333	9955	2	0.99100	1.13628	2.12393		
20:10:25	2000	3000	3333	9955	2	0.99100	1.13633	2.12557		
20:10:35	2000	3000	3333	9955	2	0.99100	1.13631	2.12391		
20:10:46	2000	3000	3333	9955	2	0.99100	1.13634	2.12700		
20:10:56	2000	3000	3333	9955	2	0.99100	1.13634	2.12700		
20:11:06	2000	3000	3333	9955	2	0.99100	1.13635	2.12647		
20:11:16	2000	3000	3333	9955	2	0.99100	1.13636	2.12980		
20:11:26	2000	3000	3333	9955	2	0.99100	1.13636	2.12980		
20:11:36	2000	3000	3333	9955	2	0.99100	1.13636	2.12980		
20:12:17	2000	3000	3333	9955	2	0.99100	1.13635	2.13410		
20:12:27	2000	3000	3333	9955	2	0.99100	1.13635	2.13410		
20:12:38	2000	3000	3333	9955	2	0.99100	1.13635	2.13410		
20:12:48	2000	3000	3333	9955	2	0.99100	1.13634	2.13854		
20:12:58	2000	3000	3333	9955	2	0.99100	1.13634	2.13854		
20:13:08	2000	3000	3333	9955	2	0.99100	1.13634	2.13854		
20:13:18	2000	3000	3333	9955	2	0.99100	1.13630	2.13578		
20:13:28	2000	3000	3333	9955	2	0.99100	1.13630	2.13578		
20:15:10	2000	3000	3333	9955	2	0.99100	1.13627	2.13884		
20:15:20	2000	3000	3333	9955	2	0.99100	1.13628	2.13438		
20:15:31	2000	3000	3333	9955	2	0.99100	1.13628	2.13525		
20:15:41	2000	3000	3333	9955	2	0.99100	1.13628	2.13079		
20:15:51	2000	3000	3333	9955	2	0.99100	1.13628	2.13079		
20:17:52	2000	3000	3333	9955	2	0.99100	1.13595	2.11977		
20:18:02	2000	3000	3333	9955	2	0.99100	1.13594	2.12797		
20:18:12	2000	3000	3333	9955	2	0.99100	1.13594	2.12797		
20:18:33	2000	3000	3333	9955	2	0.99100	1.13594	2.12890		
20:18:43	2000	3000	3333	9955	2	0.99100	1.13594	2.12890		
20:20:04	2000	3000	3333	9955	2	0.99100	1.13598	2.12775		
20:20:14	2000	3000	3333	9955	2	0.99100	1.13598	2.12775		
20:21:56	2000	3000	3333	9955	2	0.99100	1.13597	2.14364		
20:22:06	2000	3000	3333	9955	2	0.99100	1.13597	2.14364		
20:22:16	2000	3000	3333	9955	2	0.99100	1.13597	2.14364		
20:22:26	2000	3000	3333	9955	2	0.99100	1.13601	2.14999		
20:22:36	2000	3000	3333	9955	2	0.99100	1.13602	2.14282		
20:22:47	2000	3000	3333	9955	2	0.99100	1.13600	2.13819		
20:22:57	2000	3000	3333	9955	2	0.99100	1.13600	2.13819		
20:23:07	2000	3000	3333	9955	2	0.99100	1.13600	2.13819		
20:24:39	2000	3000	3333	9955	2	0.99100	1.13599	2.11571		
20:24:49	2000	3000	3333	9955	2	0.99100	1.13599	2.11571		
20:24:59	2000	3000	3333	9955	2	0.99100	1.13599	2.11571		
20:27:01	2000	3000	3333	9955	2	0.99100	1.13603	2.10699		
20:27:11	2000	3000	3333	9955	2	0.99100	1.13600	2.10967		
20:27:21	2000	3000	3333	9955	2	0.99100	1.13600	2.10967		
20:28:12	2000	3000	3333	9955	2	0.99100	1.13596	2.09337		
20:28:23	2000	3000	3333	9955	2	0.99100	1.13602	2.08973		
20:28:33	2000	3000	3333	9955	2	0.99100	1.13602	2.08973		
20:28:43	2000	3000	3333	9955	2	0.99100	1.13607	2.09519		
20:28:53	2000	3000	3333	9955	2	0.99100	1.13605	2.10391		
20:29:03	2000	3000	3333	9955	2	0.99100	1.13605	2.10895		
20:29:13	2000	3000	3333	9955	2	0.99100	1.13605	2.10895		
20:29:54	2000	3000	3333	9955	2	0.99100	1.13608	2.10724		
20:30:04	2000	3000	3333	9955	2	0.99100	1.13609	2.10709		
20:30:14	2000	3000	3333	9955	2	0.99100	1.13609	2.10709		
20:32:06	2000	3000	3333	9955	2	0.99100	1.13600	2.11021		
20:32:16	2000	3000	3333	9955	2	0.99100	1.13598	2.10968		
20:32:27	2000	3000	3333	9955	2	0.99100	1.13599	2.10974		
20:32:37	2000	3000	3333	9955	2	0.99100	1.13599	2.10974		
20:32:47	2000	3000	3333	9955	2	0.99100	1.13599	2.10974		
20:32:57	2000	3000	3333	9955	2	0.99100	1.13595	2.11221		
20:33:07	2000	3000	3333	9955	2	0.99100	1.13595	2.11221		
20:33:18	2000	3000	3333	9955	2	0.99100	1.13597	2.10990		
20:33:28	2000	3000	3333	9955	2	0.99100	1.13597	2.10990		
20:33:38	2000	3000	3333	9955	2	0.99100	1.13597	2.10990		
20:33:58	2000	3000	3333	9955	2	0.99100	1.13609	2.15501		
20:34:08	2000	3000	3333	9955	2	0.99100	1.13611	2.15861		
20:34:19	2000	3000	3333	9955	2	0.99100	1.13611	2.15861		
20:34:29	2000	3000	3333	9955	2	0.99100	1.13611	2.15861		
20:34:49	2000	3000	3333	9955	2	0.99100	1.13611	2.12128		
20:34:59	2000	3000	3333	9955	2	0.99100	1.13614	2.11175		
20:35:10	2000	3000	3333	9955	2	0.99100	1.13607	2.10905		
20:35:20	2000	3000	3333	9955	2	0.99100	1.13609	2.11075		
20:35:30	2000	3000	3333	9955	2	0.99100	1.13609	2.11075		
20:35:40	2000	3000	3333	9955	2	0.99100	1.13603	2.12562		
20:35:50	2000	3000	3333	9955	2	0.99100	1.13603	2.11780		
20:36:00	2000	3000	3333	9955	2	0.99100	1.13600	2.11653		
20:36:11	2000	3000	3333	9955	2	0.99100	1.13598	2.11469		
20:36:21	2000	3000	3333	9955	2	0.99100	1.13596	2.11612		
20:36:31	2000	3000	3333	9955	2	0.99100	1.13596	2.11338		
20:36:41	2000	3000	3333	9955	2	0.99100	1.13596	2.11338		
20:36:51	2000	3000	3333	9955	2	0.99100	1.13596	2.11338		
20:37:12	2000	3000	3333	9955	2	0.99100	1.13586	2.11350		
20:37:22	2000	3000	3333	9955	2	0.99100	1.13586	2.11350		
20:37:32	2000	3000	3333	9955	2	0.99100	1.13586	2.11350		
20:38:13	2000	3000	3333	9955	2	0.99100	1.13582	2.12135		
20:38:23	2000	3000	3333	9955	2	0.99100	1.13583	2.12553		
20:38:33	2000	3000	3333	9955	2	0.99100	1.13583	2.12553		
20:40:05	2000	3000	3333	9955	2	0.99100	1.13580	2.13159		
20:40:15	2000	3000	3333	9955	2	0.99100	1.13587	2.12976		
20:40:25	2000	3000	3333	9955	2	0.99100	1.13587	2.12976		
20:41:06	2000	3000	3333	9955	2	0.99100	1.13586	2.14542		
20:41:16	2000	3000	3333	9955	2	0.99100	1.13586	2.14542		
20:41:36	2000	3000	3333	9955	2	0.99100	1.13588	2.14079		
20:41:46	2000	3000	3333	9955	2	0.99100	1.13585	2.14978		
20:41:56	2000	3000	3333	9955	2	0.99100	1.13581	2.14293		
20:42:06	2000	3000	3333	9955	2	0.99100	1.13581	2.14293		
20:42:26	2000	3000	3333	9955	2	0.99100	1.13585	2.14803		
20:42:36	2000	3000	3333	9955	2	0.99100	1.13585	2.14803		
20:43:36	2000	3000	3333	9955	2	0.99100	1.13580	2.14603		
20:43:46	2000	3000	3333	9955	2	0.99100	1.13581	2.15028		
20:43:56	2000	3000	3333	9955	2	0.99100	1.13584	2.13195		
20:44:07	2000	3000	3333	9955	2	0.99100	1.13584	2.13195		
20:44:57	2000	3000	3333	9955	2	0.99100	1.13577	2.12831		
20:45:07	2000	3000	3333	9955	2	0.99100	1.13577	2.13019		
20:45:17	2000	3000	3333	9955	2	0.99100	1.13582	2.14885		
20:45:27	2000	3000	3333	9955	2	0.99100	1.13579	2.12619		
20:45:37	2000	3000	3333	9955	2	0.99100	1.13573	2.12710		
20:45:47	2000	3000	3333	9955	2	0.99100	1.13572	2.12105		
20:45:57	2000	3000	3333	9955	2	0.99100	1.13573	2.12277		
20:46:07	2000	3000	3333	9955	2	0.99100	1.13573	2.12277		
20:46:58	2000	3000	3333	9955	2	0.99100	1.13564	2.12300		
20:47:09	2000	3000	3333	9955	2	0.99100	1.13566	2.12415		
20:47:19	2000	3000	3333	9955	2	0.99100	1.13566	2.12415		
20:47:59	2000	3000	3333	9955	2	0.99100	1.13563	2.06555		
20:48:10	2000	3000	3333	9955	2	0.99100	1.13563	2.06555		
20:48:20	2000	3000	3333	9955	2	0.99100	1.13563	2.06555		
20:49:21	2000	3000	3333	6411	2	0.98606	1.13556	2.05069		
20:49:31	2000	3000	3333	6119	2	0.98540	1.13552	2.04911		
20:49:41	2000	3000	3333	4231	2	0.97895	1.13555	2.03445		
20:49:52	2000	3000	3333	4231	2	0.97895	1.13555	2.03445		
20:50:02	2000	3000	3333	4231	2	0.97895	1.13555	2.03445		
20:50:12	2000	3000	3333	4205	2	0.97883	1.13556	2.03418		
20:50:22	2000	3000	3333	3910	2	0.97724	1.13557	2.03059		
20:50:32	2000	3000	3333	3910	2	0.97724	1.13557	2.03059		
20:50:42	2000	3000	3333	3910	2	0.97724	1.13557	2.03059		
20:51:13	2000	3000	3333	4274	2	0.97916	1.13556	2.03495		
20:51:23	2000	3000	3333	4274	2	0.97916	1.13556	2.03495		
20:51:33	2000	3000	3333	4274	2	0.97916	1.13556	2.03495		
20:52:04	2000	3000	3333	1991	2	0.95580	1.13550	1.98153		
20:52:14	2000	3000	3333	1991	2	0.95580	1.13550	1.98153		
20:52:24	2000	3000	3333	1991	2	0.95580	1.13550	1.98153		
20:52:44	2000	2700	3333	2010	2	0.95620	1.13557	1.98257		
20:52:55	2000	2300	3333	2010	2	0.95620	1.13557	1.98257		
20:53:25	2000	2000	3333	2389	2	0.96303	1.13553	1.99807		
20:53:35	2000	2100	3333	2389	2	0.96303	1.13553	1.99807		
20:54:36	2000	2100	3333	2333	2	0.96215	1.13553	1.99608		
20:54:47	2000	2200	3333	2654	2	0.96665	1.13556	2.00640		
20:54:57	2000	2300	3333	2378	2	0.96286	1.13558	1.99778		
20:55:07	2000	2400	3333	2378	2	0.96286	1.13558	1.99778		
20:55:17	2000	2400	3333	2770	2	0.96803	1.13554	2.00950		
20:55:27	2000	2500	3333	2764	2	0.96796	1.13562	2.00949		
20:55:38	2000	2600	3333	3237	2	0.97258	1.13559	2.01998		
20:55:48	2000	2700	3333	3237	2	0.97258	1.13559	2.01998		
20:56:38	2000	3000	3333	6565	2	0.98638	1.13582	2.05190		
20:56:48	2000	3000	3333	7093	2	0.98739	1.13578	2.05413		
20:56:59	2000	3000	3333	7093	2	0.98739	1.13578	2.05413		
20:57:09	2000	3000	3333	7470	2	0.98802	1.13579	2.05559		
20:57:19	2000	3000	3333	7470	2	0.98802	1.13579	2.05559		
20:57:29	2000	3000	3333	8323	2	0.98924	1.13582	2.05843		
20:57:39	2000	3000	3333	8487	2	0.98945	1.13573	2.05874		
20:57:49	2000	3000	3333	7201	2	0.98758	1.13572	2.05445		
20:57:59	2000	3000	3333	7201	2	0.98758	1.13572	2.05445		
20:59:00	2000	3000	3333	8835	2	0.98986	1.13569	2.05961		
20:59:10	2000	3000	3333	8835	2	0.98986	1.13569	2.05961		
20:59:31	2000	3000	3333	4587	2	0.98057	1.13563	2.03829		
20:59:41	2000	3000	3333	4587	2	0.98057	1.13563	2.03829		
20:59:51	2000	3000	3333	4587	2	0.98057	1.13563	2.03829		
21:00:01	2000	3000	3333	6131	2	0.98543	1.13561	2.04934		
21:00:12	2000	3000	3333	5662	2	0.98423	1.13559	2.04657		
21:00:22	2000	3000	3333	9955	2	0.99100	1.13559	2.06324		
21:00:32	2000	3000	3333	9955	2	0.99100	1.13559	2.06324		
21:00:42	2000	3000	3333	9955	2	0.99100	1.13559	2.06324		
21:01:43	2000	3000	3333	9955	2	0.99100	1.13552	2.09800		
21:01:53	2000	3000	3333	9955	2	0.99100	1.13552	2.09800		
21:02:04	2000	3000	3333	9955	2	0.99100	1.13552	2.09268		
21:02:14	2000	3000	3333	9955	2	0.99100	1.13552	2.09268		
21:02:24	2000	3000	3333	9955	2	0.99100	1.13552	2.09268		
21:04:56	2000	3000	3333	4585	2	0.98056	1.13540	2.03786		
21:05:07	2000	3000	3333	4246	2	0.97902	1.13539	2.03433		
21:05:17	2000	3000	3333	4246	2	0.97902	1.13539	2.03433		
21:05:58	2000	3000	3333	9955	2	0.99100	1.13571	2.13582		
21:06:08	2000	3000	3333	9955	2	0.99100	1.13571	2.13582		
21:06:18	2000	3000	3333	9955	2	0.99100	1.13572	2.12371		
21:06:28	2000	3000	3333	9955	2	0.99100	1.13567	2.12481		
21:06:38	2000	3000	3333	9955	2	0.99100	1.13567	2.12481		
21:07:09	2000	3000	3333	9955	2	0.99100	1.13546	2.12200		
21:07:19	2000	3000	3333	9955	2	0.99100	1.13537	2.12502		
21:07:29	2000	3000	3333	9955	2	0.99100	1.13537	2.12502		
21:07:39	2000	3000	3333	9955	2	0.99100	1.13552	2.09946		
21:07:50	2000	3000	3333	9955	2	0.99100	1.13552	2.09946		
21:08:00	2000	3000	3333	6243	2	0.98569	1.13542	2.04959		
21:08:10	2000	3000	3333	6243	2	0.98569	1.13542	2.04959		
21:08:40	2000	3000	3333	5983	2	0.98507	1.13537	2.04809		
21:08:50	2000	3000	3333	5983	2	0.98507	1.13537	2.04809		
21:10:11	2000	3000	3333	9955	2	0.99100	1.13539	2.06926		
21:10:21	2000	3000	3333	9955	2	0.99100	1.13539	2.06926		
21:11:02	2000	3000	3333	7337	2	0.98781	1.13521	2.05405		
21:11:12	2000	3000	3333	9955	2	0.99100	1.13515	2.06459		
21:11:22	2000	3000	3333	9955	2	0.99100	1.13515	2.06459		
21:12:03	2000	3000	3333	9955	2	0.99100	1.13507	2.06139		
21:12:13	2000	3000	3333	9955	2	0.99100	1.13507	2.06139		
21:12:23	2000	3000	3333	9955	2	0.99100	1.13507	2.06139		
21:14:05	2000	3000	3333	3271	2	0.97286	1.13512	2.01979		
21:14:16	2000	3000	3333	3605	2	0.97534	1.13509	2.02539		
21:14:26	2000	3000	3333	3383	2	0.97374	1.13508	2.02173		
21:14:36	2000	3000	3333	3383	2	0.97374	1.13508	2.02173		
21:14:46	2000	3000	3333	3383	2	0.97374	1.13508	2.02173		
21:14:56	2000	3000	3333	3235	2	0.97256	1.13505	2.01898		
21:15:06	2000	3000	3333	3136	2	0.97171	1.13503	2.01699		
21:15:17	2000	3000	3333	3136	2	0.97171	1.13503	2.01699		
21:15:27	2000	3000	3333	3136	2	0.97171	1.13503	2.01699		
21:15:47	2000	3000	3333	3391	2	0.97381	1.13497	2.02168		
21:15:57	2000	3000	3333	3143	2	0.97177	1.13503	2.01714		
21:16:08	2000	3000	3333	3143	2	0.97177	1.13503	2.01714		
21:16:18	2000	3000	3333	2888	2	0.96931	1.13490	2.01130		
21:16:28	2000	3000	3333	2888	2	0.96931	1.13490	2.01130		
21:16:38	2000	3000	3333	2888	2	0.96931	1.13490	2.01130		
21:17:49	2000	3000	3333	3112	2	0.97150	1.13504	2.01653		
21:17:59	2000	3000	3333	3112	2	0.97150	1.13504	2.01653		
21:20:22	2000	3000	3333	3250	2	0.97269	1.13503	2.01923		
21:20:32	2000	3000	3333	3250	2	0.97269	1.13503	2.01923		
21:21:02	2000	3000	3333	3053	2	0.97095	1.13499	2.01520		
21:21:12	2000	3000	3333	2762	2	0.96794	1.13500	2.00834		
21:21:22	2000	3000	3333	2762	2	0.96794	1.13500	2.00834		
21:21:32	2000	2900	3333	2814	2	0.96852	1.13500	2.00967		
21:21:42	2000	2900	3333	2827	2	0.96866	1.13504	2.01007		
21:21:52	2000	2800	3333	2827	2	0.96866	1.13504	2.01007		
21:23:13	2000	2900	3333	3454	2	0.97428	1.13508	2.02295		
21:23:24	2000	3000	3333	3998	2	0.97774	1.13510	2.03088		
21:23:34	2000	3000	3333	3998	2	0.97774	1.13510	2.03088		
21:23:54	2000	3000	3333	3347	2	0.97347	1.13510	2.02113		
21:24:04	2000	3000	3333	3347	2	0.97347	1.13510	2.02113		
21:24:25	2000	3000	3333	2982	2	0.97027	1.13512	2.01388		
21:24:35	2000	3000	3333	3058	2	0.97100	1.13513	2.01555		
21:24:45	2000	3000	3333	3028	2	0.97071	1.13515	2.01494		
21:24:55	2000	3000	3333	2836	2	0.96877	1.13516	2.01052		
21:25:05	2000	3000	3333	2882	2	0.96925	1.13511	2.01153		
21:25:16	2000	2900	3333	3128	2	0.97163	1.13510	2.01695		
21:25:26	2000	2900	3333	2870	2	0.96913	1.13509	2.01121		
21:25:36	2000	2900	3333	2883	2	0.96927	1.13511	2.01157		
21:25:46	2000	2900	3333	2883	2	0.96927	1.13511	2.01157		
21:25:56	2000	2900	3333	2883	2	0.96927	1.13511	2.01157		
21:27:08	2000	2700	3333	1969	2	0.95532	1.13505	1.97965		
21:27:18	2000	2500	3333	1969	2	0.95532	1.13505	1.97965		
21:27:28	2000	2400	3333	1958	2	0.95509	1.13502	1.97906		
21:27:38	2000	2200	3333	1958	2	0.95509	1.13502	1.97906		
21:27:48	2000	2100	3333	1910	2	0.95397	1.13515	1.97675		
21:27:59	2000	1900	3333	2021	2	0.95644	1.13509	1.98228		
21:28:09	2000	1900	3333	1967	2	0.95528	1.13512	1.97968		
21:28:19	2000	1900	3333	1967	2	0.95528	1.13512	1.97968		
21:28:29	2000	1900	3333	1967	2	0.95528	1.13512	1.97968		
21:29:10	2000	1900	3333	1741	2	0.94962	1.13507	1.96668		
21:29:20	2000	1800	3333	1741	2	0.94962	1.13507	1.96668		
21:29:30	2000	1800	3333	1741	2	0.94962	1.13507	1.96668		
21:30:11	2000	1800	3333	1675	2	0.94770	1.13510	1.96234		
21:30:21	2000	1700	3333	1699	2	0.94839	1.13503	1.96381		
21:30:31	2000	1700	3333	1699	2	0.94839	1.13503	1.96381		
21:30:51	2000	1700	3333	1791	2	0.95098	1.13508	1.96981		
21:31:02	2000	1700	3333	1772	2	0.95048	1.13511	1.96870		
21:31:12	2000	1700	3333	1772	2	0.95048	1.13511	1.96870		
21:31:53	2000	1700	3333	1618	2	0.94590	1.13513	1.95830		
21:32:03	2000	1700	3333	1618	2	0.94590	1.13513	1.95830		
21:32:13	2000	1600	3333	1518	2	0.94245	1.13515	1.95045		
21:32:23	2000	1600	3333	1845	2	0.95239	1.13518	1.97320		
21:32:33	2000	1700	3333	1845	2	0.95239	1.13518	1.97320		
21:34:04	2000	1600	3333	1754	2	0.94999	1.13507	1.96752		
21:34:14	2000	1700	3333	1837	2	0.95218	1.13512	1.97261		
21:34:24	2000	1700	3333	1771	2	0.95044	1.13518	1.96875		
21:34:34	2000	1700	3333	1750	2	0.94986	1.13515	1.96737		
21:34:44	2000	1700	3333	1750	2	0.94986	1.13515	1.96737		
21:35:15	2000	1700	3333	1737	2	0.94949	1.13514	1.96651		
21:35:25	2000	1700	3333	1744	2	0.94970	1.13519	1.96707		
21:35:35	2000	1700	3333	1744	2	0.94970	1.13519	1.96707		
21:38:07	2000	1700	3333	1740	2	0.94960	1.13522	1.96690		
21:38:17	2000	1700	3333	1740	2	0.94960	1.13522	1.96690		
21:38:27	2000	1700	3333	1740	2	0.94960	1.13522	1.96690		
21:41:10	2000	1700	3333	1899	2	0.95372	1.13531	1.97644		
21:41:20	2000	1700	3333	1899	2	0.95372	1.13531	1.97644		
21:41:30	2000	1800	3333	1899	2	0.95372	1.13531	1.97644		
21:43:12	2000	1800	3333	2156	2	0.95911	1.13517	1.98851		
21:43:22	2000	1900	3333	2156	2	0.95911	1.13517	1.98851		
21:43:32	2000	2000	3333	2156	2	0.95911	1.13517	1.98851		
21:43:43	2000	2000	3333	2225	2	0.96036	1.13524	1.99148		
21:43:53	2000	2100	3333	2225	2	0.96036	1.13524	1.99148		
21:44:03	2000	2100	3333	2159	2	0.95918	1.13521	1.98873		
21:44:13	2000	2100	3333	2276	2	0.96123	1.13519	1.99338		
21:44:23	2000	2200	3333	2229	2	0.96043	1.13518	1.99154		
21:44:34	2000	2200	3333	2382	2	0.96292	1.13516	1.99717		
21:44:44	2000	2300	3333	2615	2	0.96617	1.13518	2.00462		
21:44:54	2000	2300	3333	2615	2	0.96617	1.13518	2.00462		
21:49:07	2000	2300	3333	1777	2	0.95062	1.13518	1.96916		
21:49:17	2000	2200	3333	1962	2	0.95518	1.13516	1.97951		
21:49:27	2000	2200	3333	1962	2	0.95518	1.13516	1.97951		
21:50:08	2000	2100	3333	1791	2	0.95099	1.13518	1.97000		
21:50:18	2000	1900	3333	1791	2	0.95099	1.13518	1.97000		
21:53:01	2000	1800	3333	1714	2	0.94884	1.13530	1.96530		
21:53:12	2000	1800	3333	1714	2	0.94884	1.13530	1.96530		
21:53:22	2000	1700	3333	1714	2	0.94884	1.13530	1.96530		
21:54:53	2000	1700	3333	1741	2	0.94961	1.13530	1.96705		
21:55:04	2000	1700	3333	1741	2	0.94961	1.13530	1.96705		
21:55:14	2000	1700	3333	1806	2	0.95138	1.13531	1.97112		
21:55:24	2000	1700	3333	1806	2	0.95138	1.13531	1.97112		
21:55:34	2000	1700	3333	1806	2	0.95138	1.13531	1.97112		
21:56:45	2000	1800	3333	1996	2	0.95590	1.13537	1.98153		
21:56:56	2000	1800	3333	1993	2	0.95584	1.13535	1.98136		
21:57:06	2000	1900	3333	2033	2	0.95669	1.13530	1.98321		
21:57:16	2000	1900	3333	2033	2	0.95669	1.13530	1.98321		
21:57:46	2000	1900	3333	1844	2	0.95235	1.13536	1.97342		
21:57:57	2000	1900	3333	1855	2	0.95265	1.13539	1.97415		
21:58:07	2000	1900	3333	1908	2	0.95392	1.13540	1.97707		
21:58:17	2000	1900	3333	1901	2	0.95377	1.13537	1.97667		
21:58:27	2000	1900	3333	1901	2	0.95377	1.13537	1.97667		
22:00:39	2000	1800	3333	1820	2	0.95175	1.13563	1.97251		
22:00:49	2000	1800	3333	1927	2	0.95437	1.13564	1.97851		
22:01:00	2000	1900	3333	1951	2	0.95492	1.13560	1.97969		
22:01:10	2000	1900	3333	1929	2	0.95442	1.13564	1.97862		
22:01:20	2000	1900	3333	1929	2	0.95442	1.13564	1.97862		
22:01:40	2000	1900	3333	1893	2	0.95357	1.13572	1.97682		
22:01:50	2000	1900	3333	1893	2	0.95357	1.13572	1.97682		
22:05:24	2000	1800	3333	1772	2	0.95047	1.13590	1.97006		
22:05:35	2000	1800	3333	1758	2	0.95008	1.13588	1.96914		
22:05:45	2000	1800	3333	1758	2	0.95008	1.13588	1.96914		
22:05:55	2000	1800	3333	1758	2	0.95008	1.13588	1.96914		
22:06:26	2000	1700	3333	1732	2	0.94935	1.13594	1.96757		
22:06:36	2000	1700	3333	1709	2	0.94869	1.13593	1.96605		
22:06:46	2000	1700	3333	1726	2	0.94918	1.13595	1.96720		
22:06:56	2000	1700	3333	1726	2	0.94918	1.13595	1.96720		
22:07:06	2000	1700	3333	1726	2	0.94918	1.13595	1.96720		
22:08:28	2000	1700	3333	1713	2	0.94883	1.13610	1.96665		
22:08:38	2000	1700	3333	1713	2	0.94883	1.13610	1.96665		
22:13:43	2000	1600	3333	1568	2	0.94422	1.13619	1.95630		
22:13:53	2000	1600	3333	1568	2	0.94422	1.13619	1.95630		
22:14:03	2000	1600	3333	1568	2	0.94422	1.13619	1.95630		
22:15:04	2000	1600	3333	1518	2	0.94242	1.13614	1.95210		
22:15:14	2000	1500	3333	1518	2	0.94242	1.13614	1.95210		
22:15:25	2000	1500	3333	1518	2	0.94242	1.13614	1.95210		
22:15:45	2000	1500	3333	1584	2	0.94475	1.13618	1.95749		
22:15:55	2000	1500	3333	1584	2	0.94475	1.13618	1.95749		
22:16:05	2000	1500	3333	1551	2	0.94362	1.13610	1.95477		
22:16:16	2000	1500	3333	1551	2	0.94362	1.13610	1.95477		
22:16:26	2000	1500	3333	1613	2	0.94572	1.13615	1.95965		
22:16:36	2000	1500	3333	1613	2	0.94572	1.13615	1.95965		
22:16:46	2000	1500	3333	1613	2	0.94572	1.13615	1.95965		
22:17:17	2000	1600	3333	1690	2	0.94813	1.13605	1.96497		
22:17:27	2000	1600	3333	1690	2	0.94813	1.13605	1.96497		
22:17:37	2000	1600	3333	1690	2	0.94813	1.13605	1.96497		
22:27:07	2000	1600	3333	1464	2	0.94038	1.13563	1.94656		
22:27:17	2000	1600	3333	1527	2	0.94277	1.13565	1.95205		
22:27:28	2000	1500	3333	1527	2	0.94277	1.13565	1.95205		
22:27:38	2000	1500	3333	1527	2	0.94277	1.13565	1.95205		
22:27:58	2000	1400	3333	1051	2	0.91791	1.13562	1.89525		
22:28:08	2000	1300	3333	1051	2	0.91791	1.13562	1.89525		
22:28:19	2000	1200	3333	1051	2	0.91791	1.13562	1.89525		
22:28:59	2000	1150	3130	834	2	0.89768	1.13563	1.84910		
22:29:09	2000	1050	2882	834	2	0.89776	1.13561	1.84925		
22:29:20	2000	900	2633	834	2	0.89776	1.13561	1.84925		
22:29:30	2000	900	2552	834	2	0.89776	1.13561	1.84925		
22:32:13	2000	950	2662	1360	2	0.93595	1.13573	1.93663		
22:32:23	2000	1000	2778	1377	2	0.93671	1.13572	1.93834		
22:32:33	2000	1050	2967	1352	2	0.93560	1.13562	1.93564		
22:32:43	2000	1150	3171	1398	2	0.93766	1.13555	1.94021		
22:32:53	2000	1200	3333	1470	2	0.94059	1.13563	1.94705		
22:33:04	2000	1400	3333	1470	2	0.94059	1.13563	1.94705		
22:33:34	2000	1400	3333	1521	2	0.94255	1.13542	1.95116		
22:33:44	2000	1400	3333	1521	2	0.94255	1.13542	1.95116		
22:33:54	2000	1400	3333	1546	2	0.94344	1.13536	1.95308		
22:34:04	2000	1500	3333	1546	2	0.94344	1.13536	1.95308		
22:34:35	2000	1500	3333	1666	2	0.94741	1.13532	1.96206		
22:34:45	2000	1500	3333	1666	2	0.94741	1.13532	1.96206		
22:35:05	2000	1500	3333	1655	2	0.94708	1.13519	1.96109		
22:35:16	2000	1500	3333	1444	2	0.93959	1.13522	1.94406		
22:35:26	2000	1500	3333	1444	2	0.93959	1.13522	1.94406		
22:36:17	2000	1600	3333	1837	2	0.95219	1.13519	1.97276		
22:36:27	2000	1500	3333	1150	2	0.92469	1.13513	1.90992		
22:36:37	2000	1400	3333	1150	2	0.92469	1.13513	1.90992		
22:36:47	2000	1300	3333	1150	2	0.92469	1.13513	1.90992		
22:37:28	2000	1300	3333	1396	2	0.93756	1.13508	1.93919		
22:37:38	2000	1300	3333	1437	2	0.93930	1.13506	1.94311		
22:37:48	2000	1200	3333	1437	2	0.93930	1.13506	1.94311		
22:37:59	2000	1300	3333	1437	2	0.93930	1.13506	1.94311		
22:38:19	2000	1300	3333	1482	2	0.94106	1.13502	1.94707		
22:38:29	2000	1400	3333	1482	2	0.94106	1.13502	1.94707		
22:38:39	2000	1400	3333	1493	2	0.94152	1.13499	1.94806		
22:38:50	2000	1400	3333	1493	2	0.94152	1.13499	1.94806		
22:39:00	2000	1400	3333	1493	2	0.94152	1.13499	1.94806		
22:40:11	2000	1400	3333	1438	2	0.93932	1.13480	1.94273		
22:40:21	2000	1400	3333	1438	2	0.93932	1.13480	1.94273		
22:40:31	2000	1400	3333	1438	2	0.93932	1.13480	1.94273		
22:41:43	2000	1400	3333	1390	2	0.93732	1.13479	1.93814		
22:41:53	2000	1400	3333	1390	2	0.93732	1.13479	1.93814		
22:42:54	2000	1400	3333	1427	2	0.93889	1.13471	1.94159		
22:43:04	2000	1400	3333	1427	2	0.93889	1.13471	1.94159		
22:46:58	2000	1400	3333	1352	2	0.93560	1.13487	1.93436		
22:47:08	2000	1300	3333	1352	2	0.93560	1.13487	1.93436		
22:47:18	2000	1300	3333	1352	2	0.93560	1.13487	1.93436		
22:47:29	2000	1300	3333	1333	2	0.93469	1.13480	1.93216		
22:47:39	2000	1300	3333	1185	2	0.92685	1.13490	1.91444		
22:47:49	2000	1200	3333	1185	2	0.92685	1.13490	1.91444		
22:47:59	2000	1200	3333	1215	2	0.92860	1.13489	1.91842		
22:48:09	2000	1200	3302	1215	2	0.92860	1.13489	1.91842		
22:48:20	2000	1200	3254	1215	2	0.92860	1.13489	1.91842		
22:50:32	2000	1200	3206	1199	2	0.92766	1.13468	1.91592		
22:50:42	2000	1200	3211	1199	2	0.92766	1.13468	1.91592		
22:50:52	2000	1200	3216	1199	2	0.92766	1.13468	1.91592		
23:00:12	2000	1150	3194	1153	2	0.92492	1.13503	1.91026		
23:00:22	2000	1150	3172	1153	2	0.92492	1.13503	1.91026		
23:00:32	2000	1150	3150	1153	2	0.92492	1.13503	1.91026		
23:00:52	2000	1150	3134	1153	2	0.92488	1.13506	1.91023		
23:01:03	2000	1150	3112	1137	2	0.92390	1.13511	1.90808		
23:01:13	2000	1100	3083	1119	2	0.92273	1.13512	1.90541		
23:01:23	2000	1100	3071	1119	2	0.92273	1.13512	1.90541		
23:01:33	2000	1100	3059	1119	2	0.92273	1.13512	1.90541		
23:03:05	2000	1100	3057	1149	2	0.92464	1.13524	1.90998		
23:03:15	2000	1100	3061	1163	2	0.92555	1.13525	1.91208		
23:03:25	2000	1100	3070	1163	2	0.92555	1.13525	1.91208		
23:04:06	2000	1100	3072	1125	2	0.92312	1.13539	1.90677		
23:04:16	2000	1100	3075	1125	2	0.92312	1.13539	1.90677		
23:06:59	2000	1100	3094	1173	2	0.92617	1.13550	1.91390		
23:07:09	2000	1150	3103	1173	2	0.92617	1.13550	1.91390		
23:07:29	2000	1150	3105	1170	2	0.92598	1.13549	1.91346		
23:07:39	2000	1150	3108	1170	2	0.92598	1.13549	1.91346		
23:08:10	2000	1150	3109	1128	2	0.92334	1.13539	1.90727		
23:08:20	2000	1150	3108	1123	2	0.92300	1.13533	1.90640		
23:08:30	2000	1100	3090	1123	2	0.92300	1.13533	1.90640		
23:10:53	2000	1100	3056	1079	2	0.91996	1.13546	1.89967		
23:11:03	2000	1100	3032	1103	2	0.92166	1.13551	1.90363		
23:11:13	2000	1100	3008	1103	2	0.92166	1.13551	1.90363		
23:11:23	2000	1100	2999	1103	2	0.92166	1.13551	1.90363		
23:11:54	2000	1050	2974	1055	2	0.91826	1.13554	1.89592		
23:12:04	2000	1050	2950	1055	2	0.91826	1.13554	1.89592		
23:12:14	2000	1050	2941	1055	2	0.91826	1.13554	1.89592		
23:15:07	2000	1050	2905	1004	2	0.91426	1.13568	1.88703		
23:15:17	2000	1000	2868	1004	2	0.91426	1.13568	1.88703		
23:17:09	2000	1000	2862	1085	2	0.92043	1.13545	1.90073		
23:17:20	2000	1000	2873	1085	2	0.92043	1.13545	1.90073		
23:20:43	2000	1050	2895	1116	2	0.92250	1.13557	1.90566		
23:20:53	2000	1050	2917	1116	2	0.92250	1.13557	1.90566		
23:21:03	2000	1050	2962	1127	2	0.92328	1.13559	1.90746		
23:21:13	2000	1100	3007	1127	2	0.92328	1.13559	1.90746		
23:21:24	2000	1100	3022	1127	2	0.92328	1.13559	1.90746		
23:21:44	2000	1100	3028	1100	2	0.92147	1.13568	1.90348		
23:21:54	2000	1100	3022	1100	2	0.92147	1.13568	1.90348		
23:22:04	2000	1100	3017	1100	2	0.92147	1.13568	1.90348		
23:23:16	2000	1100	2998	1076	2	0.91976	1.13577	1.89974		
23:23:26	2000	1050	2979	1076	2	0.91976	1.13577	1.89974		
23:23:36	2000	1050	2961	1076	2	0.91976	1.13577	1.89974		
23:25:18	2000	1050	2954	1082	2	0.92021	1.13603	1.90119		
23:25:28	2000	1050	2947	1082	2	0.92021	1.13603	1.90119		
23:25:38	2000	1050	2946	1097	2	0.92123	1.13605	1.90356		
23:25:48	2000	1050	2954	1097	2	0.92123	1.13605	1.90356		
23:25:58	2000	1050	2961	1097	2	0.92123	1.13605	1.90356		
23:29:22	2000	1050	2975	1112	2	0.92228	1.13634	1.90644		
23:29:32	2000	1100	2993	1134	2	0.92369	1.13635	1.90967		
23:29:42	2000	1100	3007	1121	2	0.92288	1.13634	1.90782		
23:29:52	2000	1100	3016	1121	2	0.92288	1.13634	1.90782		
23:30:33	2000	1100	3035	1150	2	0.92473	1.13634	1.91204		
23:30:43	2000	1100	3055	1150	2	0.92473	1.13634	1.91204		
23:31:03	2000	1100	3060	1127	2	0.92328	1.13634	1.90872		
23:31:14	2000	1100	3058	1127	2	0.92328	1.13634	1.90872		
23:31:24	2000	1100	3063	1135	2	0.92378	1.13630	1.90981		
23:31:34	2000	1100	3069	1140	2	0.92410	1.13632	1.91056		
23:31:44	2000	1100	3066	1140	2	0.92410	1.13632	1.91056		
23:38:21	2000	1100	3064	1144	2	0.92436	1.13628	1.91110		
23:38:31	2000	1100	3070	1144	2	0.92436	1.13628	1.91110		
23:39:53	2000	1100	3053	1080	2	0.92007	1.13645	1.90157		
23:40:03	2000	1100	3033	1080	2	0.92007	1.13645	1.90157		
23:41:04	2000	1100	3026	1120	2	0.92278	1.13637	1.90763		
23:41:14	2000	1100	3019	1120	2	0.92278	1.13637	1.90763		
23:42:25	2000	1100	3016	1137	2	0.92392	1.13637	1.91024		
23:42:36	2000	1100	3001	1103	2	0.92165	1.13635	1.90501		
23:42:46	2000	1100	3017	1123	2	0.92301	1.13636	1.90815		
23:42:56	2000	1100	3032	1122	2	0.92294	1.13636	1.90798		
23:43:06	2000	1100	3033	1122	2	0.92294	1.13636	1.90798		
23:43:37	2000	1100	3031	1116	2	0.92252	1.13637	1.90705		
23:43:47	2000	1100	3024	1116	2	0.92252	1.13637	1.90705		
23:43:57	2000	1100	3029	1116	2	0.92252	1.13637	1.90705		
23:44:17	2000	1100	3017	1093	2	0.92096	1.13638	1.90349		
23:44:28	2000	1100	3007	1093	2	0.92096	1.13638	1.90349		
23:44:38	2000	1100	2996	1093	2	0.92096	1.13638	1.90349		
23:46:10	2000	1100	2995	1112	2	0.92227	1.13638	1.90648		
23:46:20	2000	1100	2993	1112	2	0.92227	1.13638	1.90648		
23:46:30	2000	1100	2992	1112	2	0.92227	1.13638	1.90648		
23:47:31	2000	1100	2993	1098	2	0.92130	1.13642	1.90433		
23:47:41	2000	1100	2995	1098	2	0.92130	1.13642	1.90433		
23:47:51	2000	1100	3000	1107	2	0.92190	1.13641	1.90570		
23:48:02	2000	1100	2998	1107	2	0.92190	1.13641	1.90570		
23:48:12	2000	1100	2996	1107	2	0.92190	1.13641	1.90570		
23:49:43	2000	1050	2959	1010	2	0.91477	1.13641	1.88940		
23:49:53	2000	1050	2921	994	2	0.91343	1.13640	1.88633		
23:50:04	2000	1050	2883	994	2	0.91343	1.13640	1.88633		
23:50:24	2000	1000	2838	989	2	0.91304	1.13642	1.88547		
23:50:34	2000	1000	2792	996	2	0.91364	1.13643	1.88686		
23:50:44	2000	950	2745	996	2	0.91364	1.13643	1.88686		
23:51:46	2000	950	2698	960	4	0.91055	1.13649	1.87991		
23:51:56	2000	950	2656	960	4	0.91055	1.13649	1.87991		
23:52:16	2000	950	2608	963	5	0.91078	1.13655	1.88053		
23:52:26	2000	950	2564	963	5	0.91078	1.13655	1.88053		
23:53:17	2000	950	2505	944	7	0.90908	1.13667	1.87683		
23:53:27	2000	950	2436	917	7	0.90656	1.13665	1.87106		
23:53:37	2000	900	2402	917	7	0.90649	1.13665	1.87090		
23:53:48	2000	900	2368	917	7	0.90649	1.13665	1.87090		
23:56:41	2000	900	2314	904	14	0.90524	1.13689	1.86843		
23:56:51	2000	900	2258	906	14	0.90547	1.13692	1.86900		
23:57:01	2000	900	2220	906	14	0.90547	1.13692	1.86900		
23:57:11	2000	900	2188	901	15	0.90495	1.13691	1.86781		
23:57:22	2000	900	2157	901	15	0.90495	1.13691	1.86781		
23:57:32	2000	900	2127	901	15	0.90495	1.13691	1.86781		
23:58:12	2000	900	2121	917	18	0.90647	1.13700	1.87142		
23:58:23	2000	900	2116	917	18	0.90647	1.13700	1.87142		
23:58:33	2000	900	2111	917	18	0.90647	1.13700	1.87142		
23:59:34	2000	900	2108	942	23	0.90889	1.13708	1.87708		
23:59:44	2000	900	2106	942	23	0.90889	1.13708	1.87708		
23:59:54	2000	900	2104	942	23	0.90889	1.13708	1.87708		
