

			DELHI AIRPORT : 30 m Base line


Time	RVR	 MOR	RVR	MOR	BLM	Trf	 Ref(v)	PD(v)
	(limited)	(limited)	(actual)	(actual)



			DELHI AIRPORT : 30 m Base line


Time	RVR	 MOR	RVR	MOR	BLM	Trf	 Ref(v)	PD(v)
	(limited)	(limited)	(actual)	(actual)



			DELHI AIRPORT : 30 m Base line


Time	RVR	 MOR	RVR	MOR	BLM	Trf	 Ref(v)	PD(v)
	(limited)	(limited)	(actual)	(actual)

15:47:45	2000	3000	2653	9955	2	0.99100	1.12999	2.20758		
15:47:56	2000	3000	3333	9955	2	0.99100	1.12996	2.20850		
15:48:06	2000	3000	3333	9955	2	0.99100	1.12996	2.20850		
15:51:29	2000	3000	3333	9955	2	0.99100	1.12986	2.21493		
15:51:40	2000	3000	3333	9955	2	0.99100	1.12984	2.21478		
15:51:50	2000	3000	3333	9955	2	0.99100	1.12983	2.21577		
15:52:00	2000	3000	3333	9955	2	0.99100	1.12985	2.21578		
15:52:10	2000	3000	3333	9955	2	0.99100	1.12985	2.21690		
15:52:20	2000	3000	3333	9955	2	0.99100	1.12985	2.21635		
15:52:30	2000	3000	3333	9955	2	0.99100	1.12987	2.21794		
15:52:40	2000	3000	3333	9955	2	0.99100	1.12986	2.21693		
15:52:50	2000	3000	3333	9955	2	0.99100	1.12986	2.21738		
15:53:00	2000	3000	3333	9955	2	0.99100	1.12988	2.21746		
15:53:10	2000	3000	3333	9955	2	0.99100	1.12985	2.21792		
15:53:20	2000	3000	3333	9955	2	0.99100	1.12988	2.21800		
15:53:30	2000	3000	3333	9955	2	0.99100	1.12984	2.21693		
15:53:40	2000	3000	3333	9955	2	0.99100	1.12985	2.21794		
15:53:51	2000	3000	3333	9955	2	0.99100	1.12983	2.21925		
15:54:01	2000	3000	3333	9955	2	0.99100	1.12983	2.21925		
15:57:42	2000	3000	3333	9955	2	0.99100	1.12985	2.21329		
15:57:52	2000	3000	3333	9955	2	0.99100	1.12985	2.21329		
16:00:24	2000	3000	3333	9955	2	0.99100	1.12997	2.21077		
16:00:34	2000	3000	3333	9955	2	0.99100	1.12997	2.21077		
16:00:44	2000	3000	3333	9955	2	0.99100	1.12997	2.21077		
16:00:54	2000	3000	3333	9955	2	0.99100	1.13001	2.20837		
16:01:04	2000	3000	3333	9955	2	0.99100	1.13001	2.20837		
16:01:14	2000	3000	3333	9955	2	0.99100	1.13001	2.20837		
16:01:34	2000	3000	3333	9955	2	0.99100	1.13003	2.20865		
16:01:44	2000	3000	3333	9955	2	0.99100	1.13010	2.21004		
16:01:54	2000	3000	3333	9955	2	0.99100	1.13010	2.21004		
16:02:45	2000	3000	3333	9955	2	0.99100	1.13017	2.20955		
16:02:55	2000	3000	3333	9955	2	0.99100	1.13020	2.20977		
16:03:05	2000	3000	3333	9955	2	0.99100	1.13020	2.20977		
16:04:46	2000	3000	3333	9955	2	0.99100	1.13026	2.21395		
16:04:56	2000	3000	3333	9955	2	0.99100	1.13026	2.21395		
16:05:26	2000	3000	3333	9955	2	0.99100	1.13027	2.21322		
16:05:36	2000	3000	3333	9955	2	0.99100	1.13027	2.21322		
16:05:46	2000	3000	3333	9955	2	0.99100	1.13026	2.21361		
16:05:56	2000	3000	3333	9955	2	0.99100	1.13026	2.21361		
16:06:06	2000	3000	3333	9955	2	0.99100	1.13028	2.21443		
16:06:16	2000	3000	3333	9955	2	0.99100	1.13028	2.21443		
16:06:36	2000	3000	3333	9955	2	0.99100	1.13024	2.21408		
16:06:46	2000	3000	3333	9955	2	0.99100	1.13021	2.21470		
16:06:57	2000	3000	3333	9955	2	0.99100	1.13016	2.21604		
16:07:07	2000	3000	3333	9955	2	0.99100	1.13016	2.21604		
16:07:17	2000	3000	3333	9955	2	0.99100	1.13016	2.21604		
16:10:08	2000	3000	3333	9955	2	0.99100	1.13018	2.21325		
16:10:18	2000	3000	3333	9955	2	0.99100	1.13018	2.21325		
16:10:38	2000	3000	3333	9955	2	0.99100	1.13022	2.21340		
16:10:48	2000	3000	3333	9955	2	0.99100	1.13022	2.21340		
16:10:58	2000	3000	3333	9955	2	0.99100	1.13022	2.21340		
16:12:29	2000	3000	3333	9955	2	0.99100	1.13018	2.22875		
16:12:39	2000	3000	3333	9955	2	0.99100	1.13018	2.22875		
16:14:00	2000	3000	3333	9955	2	0.99100	1.13022	2.22314		
16:14:10	2000	3000	3333	9955	2	0.99100	1.13022	2.22314		
16:15:00	2000	3000	3333	9955	2	0.99100	1.13024	2.22128		
16:15:10	2000	3000	3333	9955	2	0.99100	1.13024	2.22128		
16:15:20	2000	3000	3333	9955	2	0.99100	1.13024	2.22128		
16:21:43	2000	3000	3333	9955	2	0.99100	1.13025	2.22049		
16:21:53	2000	3000	3333	9955	2	0.99100	1.13023	2.22038		
16:22:03	2000	3000	3333	9955	2	0.99100	1.13026	2.22496		
16:22:13	2000	3000	3333	9955	2	0.99100	1.13026	2.22496		
16:22:24	2000	3000	3333	9955	2	0.99100	1.13026	2.22496		
16:24:14	2000	3000	3333	9955	2	0.99100	1.13033	2.20924		
16:24:24	2000	3000	3333	9955	2	0.99100	1.13032	2.21130		
16:24:35	2000	3000	3333	9955	2	0.99100	1.13032	2.21327		
16:24:45	2000	3000	3333	9955	2	0.99100	1.13032	2.20679		
16:24:55	2000	3000	3333	9955	2	0.99100	1.13029	2.21542		
16:25:05	2000	3000	3333	9955	2	0.99100	1.13030	2.21219		
16:25:15	2000	3000	3333	9955	2	0.99100	1.13031	2.20958		
16:25:25	2000	3000	3333	9955	2	0.99100	1.13028	2.20809		
16:25:35	2000	3000	3333	9955	2	0.99100	1.13028	2.20809		
16:25:45	2000	3000	3333	9955	2	0.99100	1.13028	2.21637		
16:25:55	2000	3000	3333	9955	2	0.99100	1.13031	2.20245		
16:26:05	2000	3000	3333	9955	2	0.99100	1.13032	2.20801		
16:26:15	2000	3000	3333	9955	2	0.99100	1.13030	2.20780		
16:26:25	2000	3000	3333	9955	2	0.99100	1.13029	2.21155		
16:26:35	2000	3000	3333	9955	2	0.99100	1.13029	2.20423		
16:26:46	2000	3000	3333	9955	2	0.99100	1.13031	2.20809		
16:26:56	2000	3000	3333	9955	2	0.99100	1.13033	2.21208		
16:27:06	2000	3000	3333	9955	2	0.99100	1.13033	2.20374		
16:27:16	2000	3000	3333	9955	2	0.99100	1.13033	2.20374		
16:27:26	2000	3000	3333	9955	2	0.99100	1.13038	2.20425		
16:27:36	2000	3000	3333	9955	2	0.99100	1.13031	2.20415		
16:27:46	2000	3000	3333	9955	2	0.99100	1.13036	2.20514		
16:27:56	2000	3000	3333	9955	2	0.99100	1.13040	2.21107		
16:28:06	2000	3000	3333	9955	2	0.99100	1.13040	2.20319		
16:28:16	2000	3000	3333	9955	2	0.99100	1.13040	2.20016		
16:28:26	2000	3000	3333	9955	2	0.99100	1.13040	2.20016		
16:28:36	2000	3000	3333	9955	2	0.99100	1.13040	2.20385		
16:28:46	2000	3000	3333	9955	2	0.99100	1.13042	2.20620		
16:28:57	2000	3000	3333	9955	2	0.99100	1.13040	2.20845		
16:29:07	2000	3000	3333	9955	2	0.99100	1.13041	2.20995		
16:29:17	2000	3000	3333	9955	2	0.99100	1.13041	2.20995		
16:29:27	2000	3000	3333	9955	2	0.99100	1.13040	2.21208		
16:29:37	2000	3000	3333	9955	2	0.99100	1.13045	2.20863		
16:29:47	2000	3000	3333	9955	2	0.99100	1.13045	2.21750		
16:29:57	2000	3000	3333	9955	2	0.99100	1.13047	2.20313		
16:30:07	2000	3000	3333	9955	2	0.99100	1.13047	2.20254		
16:30:17	2000	3000	3333	9955	2	0.99100	1.13047	2.21785		
16:30:27	2000	3000	3333	9955	2	0.99100	1.13047	2.21785		
16:30:37	2000	3000	3333	9955	2	0.99100	1.13049	2.20706		
16:30:47	2000	3000	3333	9955	2	0.99100	1.13050	2.20710		
16:30:57	2000	3000	3333	9955	2	0.99100	1.13051	2.20802		
16:31:08	2000	3000	3333	9955	2	0.99100	1.13054	2.20471		
16:31:18	2000	3000	3333	9955	2	0.99100	1.13052	2.21985		
16:31:28	2000	3000	3333	9955	2	0.99100	1.13053	2.20657		
16:31:38	2000	3000	3333	9955	2	0.99100	1.13052	2.20833		
16:31:48	2000	3000	3333	9955	2	0.99100	1.13050	2.20547		
16:31:58	2000	3000	3333	9955	2	0.99100	1.13050	2.20667		
16:32:08	2000	3000	3333	9955	2	0.99100	1.13059	2.19940		
16:32:18	2000	3000	3333	9955	2	0.99100	1.13059	2.21121		
16:32:28	2000	3000	3333	9955	2	0.99100	1.13059	2.21178		
16:32:38	2000	3000	3333	9955	2	0.99100	1.13063	2.20282		
16:32:48	2000	3000	3333	9955	2	0.99100	1.13057	2.19434		
16:32:58	2000	3000	3333	9955	2	0.99100	1.13065	2.21545		
16:33:08	2000	3000	3333	9955	2	0.99100	1.13058	2.20230		
16:33:19	2000	3000	3333	9955	2	0.99100	1.13058	2.19834		
16:33:29	2000	3000	3333	9955	2	0.99100	1.13061	2.20437		
16:33:39	2000	3000	3333	9955	2	0.99100	1.13063	2.20153		
16:33:49	2000	3000	3333	9955	2	0.99100	1.13058	2.19662		
16:33:59	2000	3000	3333	9955	2	0.99100	1.13057	2.18996		
16:34:09	2000	3000	3333	9955	2	0.99100	1.13063	2.20104		
16:34:19	2000	3000	3333	9955	2	0.99100	1.13063	2.20650		
16:34:29	2000	3000	3333	9955	2	0.99100	1.13065	2.19861		
16:34:39	2000	3000	3333	9955	2	0.99100	1.13066	2.20994		
16:34:49	2000	3000	3333	9955	2	0.99100	1.13070	2.19955		
16:34:59	2000	3000	3333	9955	2	0.99100	1.13070	2.19041		
16:35:09	2000	3000	3333	9955	2	0.99100	1.13073	2.20278		
16:35:19	2000	3000	3333	9955	2	0.99100	1.13076	2.20035		
16:35:30	2000	3000	3333	9955	2	0.99100	1.13074	2.20149		
16:35:40	2000	3000	3333	9955	2	0.99100	1.13074	2.20149		
16:35:50	2000	3000	3333	9955	2	0.99100	1.13073	2.21143		
16:36:00	2000	3000	3333	9955	2	0.99100	1.13073	2.21143		
16:36:10	2000	3000	3333	9955	2	0.99100	1.13076	2.22316		
16:36:20	2000	3000	3333	9955	2	0.99100	1.13078	2.20946		
16:36:30	2000	3000	3333	9955	2	0.99100	1.13071	2.20242		
16:36:40	2000	3000	3333	9955	2	0.99100	1.13075	2.21022		
16:36:50	2000	3000	3333	9955	2	0.99100	1.13075	2.20145		
16:37:00	2000	3000	3333	9955	2	0.99100	1.13079	2.20183		
16:37:10	2000	3000	3333	9955	2	0.99100	1.13073	2.20442		
16:37:20	2000	3000	3333	9955	2	0.99100	1.13073	2.21091		
16:37:31	2000	3000	3333	9955	2	0.99100	1.13076	2.20005		
16:37:41	2000	3000	3333	9955	2	0.99100	1.13076	2.19814		
16:37:51	2000	3000	3333	9955	2	0.99100	1.13076	2.20820		
16:38:01	2000	3000	3333	9955	2	0.99100	1.13072	2.20445		
16:38:11	2000	3000	3333	9955	2	0.99100	1.13078	2.20905		
16:38:21	2000	3000	3333	9955	2	0.99100	1.13078	2.20905		
16:38:32	2000	3000	3333	9955	2	0.99100	1.13073	2.20004		
16:38:42	2000	3000	3333	9955	2	0.99100	1.13073	2.20004		
16:38:52	2000	3000	3333	9955	2	0.99100	1.13077	2.20862		
16:39:02	2000	3000	3333	9955	2	0.99100	1.13078	2.22061		
16:39:12	2000	3000	3333	9955	2	0.99100	1.13084	2.21811		
16:39:23	2000	3000	3333	9955	2	0.99100	1.13084	2.20383		
16:39:33	2000	3000	3333	9955	2	0.99100	1.13084	2.20383		
16:39:43	2000	3000	3333	9955	2	0.99100	1.13079	2.21756		
16:39:53	2000	3000	3333	9955	2	0.99100	1.13081	2.21321		
16:40:03	2000	3000	3333	9955	2	0.99100	1.13080	2.22083		
16:40:13	2000	3000	3333	9955	2	0.99100	1.13084	2.20308		
16:40:24	2000	3000	3333	9955	2	0.99100	1.13075	2.20097		
16:40:34	2000	3000	3333	9955	2	0.99100	1.13077	2.20566		
16:40:44	2000	3000	3333	9955	2	0.99100	1.13080	2.20320		
16:40:54	2000	3000	3333	9955	2	0.99100	1.13076	2.20458		
16:41:04	2000	3000	3333	9955	2	0.99100	1.13076	2.20458		
16:41:15	2000	3000	3333	9955	2	0.99100	1.13078	2.20090		
16:41:25	2000	3000	3333	9955	2	0.99100	1.13076	2.20189		
16:41:35	2000	3000	3333	9955	2	0.99100	1.13075	2.20374		
16:41:45	2000	3000	3333	9955	2	0.99100	1.13075	2.20374		
16:43:26	2000	3000	3333	9955	2	0.99100	1.13066	2.19939		
16:43:36	2000	3000	3333	9955	2	0.99100	1.13068	2.20485		
16:43:46	2000	3000	3333	9955	2	0.99100	1.13068	2.20485		
16:43:56	2000	3000	3333	9955	2	0.99100	1.13067	2.20132		
16:44:06	2000	3000	3333	9955	2	0.99100	1.13069	2.20171		
16:44:16	2000	3000	3333	9955	2	0.99100	1.13069	2.20239		
16:44:26	2000	3000	3333	9955	2	0.99100	1.13065	2.20325		
16:44:36	2000	3000	3333	9955	2	0.99100	1.13069	2.19755		
16:44:46	2000	3000	3333	9955	2	0.99100	1.13061	2.19974		
16:44:57	2000	3000	3333	9955	2	0.99100	1.13061	2.19974		
16:45:17	2000	3000	3333	9955	2	0.99100	1.13061	2.19578		
16:45:27	2000	3000	3333	9955	2	0.99100	1.13058	2.19940		
16:45:37	2000	3000	3333	9955	2	0.99100	1.13060	2.19729		
16:45:47	2000	3000	3333	9955	2	0.99100	1.13057	2.19490		
16:45:57	2000	3000	3333	9955	2	0.99100	1.13066	2.19424		
16:46:07	2000	3000	3333	9955	2	0.99100	1.13060	2.19042		
16:46:17	2000	3000	3333	9955	2	0.99100	1.13060	2.18564		
16:46:27	2000	3000	3333	9955	2	0.99100	1.13060	2.18564		
16:46:37	2000	3000	3333	9955	2	0.99100	1.13060	2.18564		
16:50:56	2000	3000	3333	9955	2	0.99100	1.13065	2.18277		
16:51:06	2000	3000	3333	9955	2	0.99100	1.13066	2.18869		
16:51:16	2000	3000	3333	9955	2	0.99100	1.13065	2.18637		
16:51:26	2000	3000	3333	9955	2	0.99100	1.13067	2.17720		
16:51:36	2000	3000	3333	9955	2	0.99100	1.13067	2.17720		
16:53:28	2000	3000	3333	9955	2	0.99100	1.13072	2.19837		
16:53:38	2000	3000	3333	9955	2	0.99100	1.13073	2.20104		
16:53:48	2000	3000	3333	9955	2	0.99100	1.13080	2.19803		
16:53:58	2000	3000	3333	9955	2	0.99100	1.13077	2.19983		
16:54:09	2000	3000	3333	9955	2	0.99100	1.13078	2.19619		
16:54:19	2000	3000	3333	9955	2	0.99100	1.13082	2.19759		
16:54:29	2000	3000	3333	9955	2	0.99100	1.13082	2.20364		
16:54:39	2000	3000	3333	9955	2	0.99100	1.13088	2.19753		
16:54:49	2000	3000	3333	9955	2	0.99100	1.13082	2.19061		
16:55:00	2000	3000	3333	9955	2	0.99100	1.13077	2.18745		
16:55:10	2000	3000	3333	9955	2	0.99100	1.13081	2.19365		
16:55:20	2000	3000	3333	9955	2	0.99100	1.13081	2.19068		
16:55:30	2000	3000	3333	9955	2	0.99100	1.13076	2.19047		
16:55:40	2000	3000	3333	9955	2	0.99100	1.13083	2.18580		
16:55:50	2000	3000	3333	9955	2	0.99100	1.13083	2.18580		
16:56:01	2000	3000	3333	9955	2	0.99100	1.13080	2.18488		
16:56:11	2000	3000	3333	9955	2	0.99100	1.13080	2.18488		
16:56:41	2000	3000	3333	9955	2	0.99100	1.13080	2.18737		
16:56:51	2000	3000	3333	9955	2	0.99100	1.13077	2.17751		
16:57:02	2000	3000	3333	9955	2	0.99100	1.13077	2.17751		
16:58:23	2000	3000	3333	9955	2	0.99100	1.13050	2.19819		
16:58:33	2000	3000	3333	9955	2	0.99100	1.13050	2.19819		
16:58:44	2000	3000	3333	9955	2	0.99100	1.13050	2.19819		
17:00:05	2000	3000	3333	9955	2	0.99100	1.13039	2.17934		
17:00:15	2000	3000	3333	9955	2	0.99100	1.13039	2.17934		
17:01:26	2000	3000	3333	9955	2	0.99100	1.13000	2.17837		
17:01:37	2000	3000	3333	9955	2	0.99100	1.13000	2.17837		
17:01:47	2000	3000	3333	9955	2	0.99100	1.13000	2.17837		
17:02:58	2000	3000	3333	9955	2	0.99100	1.12969	2.17895		
17:03:08	2000	3000	3333	9955	2	0.99100	1.12969	2.17895		
17:24:19	2000	3000	3333	9955	2	0.99100	1.12912	2.20571		
17:24:29	2000	3000	3333	9955	2	0.99100	1.12912	2.20571		
17:24:49	2000	3000	3333	9955	2	0.99100	1.12906	2.21138		
17:24:59	2000	3000	3333	9955	2	0.99100	1.12906	2.21138		
17:28:52	2000	3000	3333	9955	2	0.99100	1.12879	2.23345		
17:29:02	2000	3000	3333	9955	2	0.99100	1.12879	2.23345		
17:29:12	2000	3000	3333	9955	2	0.99100	1.12879	2.23345		
17:29:23	2000	3000	3333	9955	2	0.99100	1.12881	2.22827		
17:29:33	2000	3000	3333	9955	2	0.99100	1.12881	2.22827		
17:29:43	2000	3000	3333	9955	2	0.99100	1.12881	2.22827		
17:31:35	2000	3000	3333	9955	2	0.99100	1.12882	2.23472		
17:31:45	2000	3000	3333	9955	2	0.99100	1.12882	2.23472		
17:31:55	2000	3000	3333	9955	2	0.99100	1.12882	2.23472		
17:42:02	2000	3000	3333	9955	2	0.99100	1.12965	2.23350		
17:42:12	2000	3000	3333	9955	2	0.99100	1.12965	2.23350		
17:42:22	2000	3000	3333	9955	2	0.99100	1.12965	2.23350		
17:42:32	2000	3000	3333	9955	2	0.99100	1.12967	2.23048		
17:42:42	2000	3000	3333	9955	2	0.99100	1.12967	2.23048		
17:42:53	2000	3000	3333	9955	2	0.99100	1.12967	2.23048		
18:04:35	2000	3000	3333	9955	2	0.99100	1.13021	2.23779		
18:04:45	2000	3000	3333	9955	2	0.99100	1.13022	2.25761		
18:04:55	2000	3000	3333	9955	2	0.99100	1.13022	2.25761		
18:05:05	2000	3000	3333	9955	2	0.99100	1.13022	2.25761		
18:05:25	2000	3000	3333	9955	2	0.99100	1.13022	2.24941		
18:05:35	2000	3000	3333	9955	2	0.99100	1.13022	2.23119		
18:05:45	2000	3000	3333	9955	2	0.99100	1.13020	2.23877		
18:05:55	2000	3000	3333	9955	2	0.99100	1.13023	2.22715		
18:06:05	2000	3000	3333	9955	2	0.99100	1.13022	2.23380		
18:06:15	2000	3000	3333	9955	2	0.99100	1.13027	2.23336		
18:06:25	2000	3000	3333	9955	2	0.99100	1.13026	2.22074		
18:06:36	2000	3000	3333	9955	2	0.99100	1.13026	2.22074		
18:06:46	2000	3000	3333	9955	2	0.99100	1.13024	2.21362		
18:06:56	2000	3000	3333	9955	2	0.99100	1.13024	2.21362		
18:07:06	2000	3000	3333	9955	2	0.99100	1.13024	2.21362		
18:09:47	2000	3000	3333	9955	2	0.99100	1.13030	2.23078		
18:09:57	2000	3000	3333	9955	2	0.99100	1.13038	2.21561		
18:10:07	2000	3000	3333	9955	2	0.99100	1.13038	2.21561		
18:10:27	2000	3000	3333	9955	2	0.99100	1.13035	2.22018		
18:10:37	2000	3000	3333	9955	2	0.99100	1.13035	2.22018		
18:10:47	2000	3000	3333	9955	2	0.99100	1.13035	2.23498		
18:10:58	2000	3000	3333	9955	2	0.99100	1.13035	2.23498		
18:11:08	2000	3000	3333	9955	2	0.99100	1.13029	2.22177		
18:11:18	2000	3000	3333	9955	2	0.99100	1.13029	2.22177		
18:11:28	2000	3000	3333	9955	2	0.99100	1.13029	2.22177		
18:11:48	2000	3000	3333	9955	2	0.99100	1.13038	2.24332		
18:11:58	2000	3000	3333	9955	2	0.99100	1.13032	2.23546		
18:12:08	2000	3000	3333	9955	2	0.99100	1.13032	2.23546		
18:12:18	2000	3000	3333	9955	2	0.99100	1.13032	2.23546		
18:14:19	2000	3000	3333	9955	2	0.99100	1.13039	2.23845		
18:14:29	2000	3000	3333	9955	2	0.99100	1.13038	2.23780		
18:14:39	2000	3000	3333	9955	2	0.99100	1.13038	2.23780		
18:14:49	2000	3000	3333	9955	2	0.99100	1.13038	2.23780		
18:15:30	2000	3000	3333	9955	2	0.99100	1.13045	2.24139		
18:15:40	2000	3000	3333	9955	2	0.99100	1.13045	2.24139		
18:15:50	2000	3000	3333	9955	2	0.99100	1.13045	2.24139		
18:18:11	2000	3000	3333	9955	2	0.99100	1.13047	2.22991		
18:18:21	2000	3000	3333	9955	2	0.99100	1.13047	2.22991		
18:18:31	2000	3000	3333	9955	2	0.99100	1.13047	2.22991		
18:19:31	2000	3000	3333	9955	2	0.99100	1.13044	2.20811		
18:19:42	2000	3000	3333	9955	2	0.99100	1.13044	2.20811		
18:20:32	2000	3000	3333	9955	2	0.99100	1.13052	2.22502		
18:20:42	2000	3000	3333	9955	2	0.99100	1.13052	2.22502		
18:21:12	2000	3000	3333	9955	2	0.99100	1.13046	2.22271		
18:21:22	2000	3000	3333	9955	2	0.99100	1.13046	2.22271		
18:21:32	2000	3000	3333	9955	2	0.99100	1.13046	2.22271		
18:23:54	2000	3000	3333	9955	2	0.99100	1.13055	2.21965		
18:24:04	2000	3000	3333	9955	2	0.99100	1.13055	2.21965		
18:24:25	2000	3000	3333	9955	2	0.99100	1.13054	2.22931		
18:24:35	2000	3000	3333	9955	2	0.99100	1.13054	2.22931		
18:25:36	2000	3000	3333	9955	2	0.99100	1.13056	2.22337		
18:25:46	2000	3000	3333	9955	2	0.99100	1.13056	2.22337		
18:25:56	2000	3000	3333	9955	2	0.99100	1.13056	2.22337		
18:26:17	2000	3000	3333	9955	2	0.99100	1.13064	2.22817		
18:26:27	2000	3000	3333	9955	2	0.99100	1.13061	2.22214		
18:26:37	2000	3000	3333	9955	2	0.99100	1.13061	2.22214		
18:33:11	2000	3000	3333	9955	2	0.99100	1.13086	2.23129		
18:33:21	2000	3000	3333	9955	2	0.99100	1.13086	2.23129		
18:37:53	2000	3000	3333	9955	2	0.99100	1.13084	2.19256		
18:38:03	2000	3000	3333	9955	2	0.99100	1.13084	2.19256		
18:38:13	2000	3000	3333	9955	2	0.99100	1.13084	2.19256		
18:49:53	2000	3000	3333	9955	2	0.99100	1.13070	2.21734		
18:50:03	2000	3000	3333	9955	2	0.99100	1.13070	2.21734		
19:15:10	2000	3000	3333	9955	2	0.99100	1.12901	2.20898		
19:15:20	2000	3000	3333	9955	2	0.99100	1.12901	2.20898		
19:45:30	2000	3000	3333	9955	2	0.99100	1.13027	2.21749		
19:45:40	2000	3000	3333	9955	2	0.99100	1.13027	2.21749		
20:19:47	2000	3000	3333	9955	2	0.99100	1.12879	2.24827		
20:19:57	2000	3000	3333	9955	2	0.99100	1.12879	2.24827		
20:20:07	2000	3000	3333	9955	2	0.99100	1.12879	2.24827		
20:34:03	2000	3000	3333	9955	2	0.99100	1.12925	2.22884		
20:34:13	2000	3000	3333	9955	2	0.99100	1.12925	2.22884		
20:34:23	2000	3000	3333	9955	2	0.99100	1.12925	2.22884		
21:10:56	2000	3000	3333	9955	2	0.99100	1.12914	2.26094		
21:11:07	2000	3000	3333	9955	2	0.99100	1.12914	2.26094		
21:11:17	2000	3000	3333	9955	2	0.99100	1.12914	2.26094		
