

			DELHI AIRPORT : 30 m Base line


Time	RVR	 MOR	RVR	MOR	BLM	Trf	 Ref(v)	PD(v)
	(limited)	(limited)	(actual)	(actual)



			DELHI AIRPORT : 30 m Base line


Time	RVR	 MOR	RVR	MOR	BLM	Trf	 Ref(v)	PD(v)
	(limited)	(limited)	(actual)	(actual)

10:14:26	1050	850	178	857	2906	0.90027	1.12311	1.83457		
10:14:36	1000	800	351	823	2904	0.89645	1.12311	1.82594		
10:14:46	1000	800	524	822	2902	0.89627	1.12311	1.82554		
10:14:56	1000	800	699	834	2900	0.89771	1.12303	1.82866		
10:15:06	1050	800	876	848	2899	0.89927	1.12294	1.83204		
10:15:16	1050	800	1053	848	2899	0.89927	1.12294	1.83204		
10:15:26	1050	800	1052	848	2899	0.89927	1.12294	1.83204		
10:16:06	1050	850	1057	860	2893	0.90068	1.12294	1.83521		
10:16:16	1050	800	1062	860	2893	0.90068	1.12294	1.83521		
10:16:27	1050	850	1066	860	2893	0.90068	1.12294	1.83521		
10:16:37	1050	850	1065	841	2891	0.89855	1.12291	1.83035		
10:16:47	1050	850	1068	871	2891	0.90179	1.12288	1.83763		
10:16:57	1050	850	1069	851	2890	0.89963	1.12283	1.83266		
10:17:07	1050	850	1068	851	2890	0.89963	1.12283	1.83266		
10:18:07	1050	850	1068	865	2887	0.90113	1.12284	1.83607		
10:18:17	1050	850	1069	865	2887	0.90113	1.12284	1.83607		
10:18:27	1050	850	1072	865	2887	0.90113	1.12284	1.83607		
10:24:10	1050	800	1060	777	2807	0.89062	1.12285	1.81237		
10:24:20	1050	800	1051	783	2805	0.89144	1.12281	1.81414		
10:24:30	1000	800	1048	824	2803	0.89658	1.12280	1.82573		
10:24:40	1000	800	1043	824	2802	0.89657	1.12275	1.82562		
10:24:50	1000	800	1040	832	2799	0.89752	1.12273	1.82773		
10:25:00	1000	800	1034	815	2797	0.89547	1.12274	1.82314		
10:25:11	1000	800	1043	838	2795	0.89817	1.12274	1.82922		
10:25:21	1050	800	1051	842	2793	0.89864	1.12273	1.83026		
10:25:31	1050	800	1054	842	2793	0.89864	1.12273	1.83026		
10:25:41	1050	800	1053	815	2789	0.89549	1.12268	1.82308		
10:25:51	1000	800	1048	796	2788	0.89303	1.12272	1.81759		
10:26:01	1000	800	1045	793	2786	0.89276	1.12271	1.81697		
10:26:11	1000	800	1040	806	2785	0.89439	1.12268	1.82059		
10:26:21	1000	800	1037	815	2784	0.89541	1.12267	1.82289		
10:26:31	1000	775	1025	762	2783	0.88861	1.12269	1.80756		
10:26:41	1000	775	1024	807	2781	0.89450	1.12269	1.82085		
10:26:51	1000	775	1027	817	2780	0.89575	1.12265	1.82361		
10:27:01	1000	775	1026	781	2778	0.89116	1.12266	1.81328		
10:27:12	1000	775	1026	808	2777	0.89460	1.12262	1.82098		
10:27:22	1000	800	1030	841	2776	0.89846	1.12264	1.82971		
10:27:32	1000	800	1040	831	2775	0.89735	1.12261	1.82716		
10:27:42	1000	800	1040	809	2775	0.89472	1.12262	1.82124		
10:27:52	1000	800	1040	820	2774	0.89604	1.12263	1.82423		
10:28:02	1000	800	1046	820	2774	0.89604	1.12263	1.82423		
10:28:12	1000	800	1044	796	2771	0.89304	1.12260	1.81743		
10:28:22	1000	800	1036	780	2770	0.89109	1.12260	1.81301		
10:28:32	1000	775	1029	780	2770	0.89109	1.12260	1.81301		
10:28:42	1000	775	1025	780	2770	0.89109	1.12260	1.81301		
10:29:02	1000	775	1018	774	2766	0.89026	1.12263	1.81120		
10:29:12	1000	750	1005	725	2761	0.88333	1.12265	1.79559		
10:29:23	950	750	995	725	2758	0.88330	1.12266	1.79554		
10:29:33	950	750	998	800	2759	0.89362	1.12267	1.81885		
10:29:43	1000	750	1001	800	2759	0.89362	1.12267	1.81885		
10:29:53	950	750	1000	773	2758	0.89006	1.12268	1.81083		
10:30:03	950	750	1000	775	2757	0.89042	1.12269	1.81166		
10:30:13	1000	750	1002	741	2755	0.88562	1.12271	1.80086		
10:30:23	1000	775	1009	775	2755	0.89034	1.12274	1.81156		
10:30:33	1000	750	1004	761	2755	0.88841	1.12271	1.80716		
10:30:43	1000	750	1002	788	2755	0.89201	1.12275	1.81533		
10:30:53	950	750	999	748	2755	0.88663	1.12276	1.80322		
10:31:03	950	750	996	759	2755	0.88821	1.12277	1.80679		
10:31:13	1000	750	1001	774	2754	0.89016	1.12279	1.81124		
10:31:23	950	750	997	750	2756	0.88688	1.12281	1.80387		
10:31:34	950	750	1000	782	2757	0.89131	1.12283	1.81389		
10:31:44	950	750	996	755	2757	0.88761	1.12284	1.80555		
10:31:54	950	750	997	758	2757	0.88808	1.12284	1.80662		
10:32:04	950	750	997	758	2757	0.88808	1.12284	1.80662		
10:32:14	950	750	995	758	2757	0.88808	1.12284	1.80662		
10:32:24	1000	750	1001	788	2759	0.89213	1.12283	1.81574		
10:32:34	950	750	999	771	2760	0.88987	1.12285	1.81067		
10:32:44	950	750	999	756	2760	0.88774	1.12289	1.80593		
10:32:54	950	750	997	742	2761	0.88582	1.12287	1.80156		
10:33:04	950	750	991	724	2762	0.88303	1.12282	1.79519		
10:33:14	950	750	993	770	2763	0.88972	1.12274	1.81015		
10:33:24	950	750	992	779	2763	0.89089	1.12275	1.81282		
10:33:34	1000	750	1002	842	2762	0.89861	1.12270	1.83014		
10:33:45	1000	775	1014	842	2762	0.89861	1.12270	1.83014		
10:34:15	1000	775	1026	825	2757	0.89666	1.12271	1.82577		
10:34:25	1000	800	1039	816	2755	0.89558	1.12266	1.82324		
10:34:35	1000	800	1044	801	2753	0.89375	1.12276	1.81929		
10:34:45	1000	800	1047	802	2747	0.89382	1.12270	1.81934		
10:34:55	1000	800	1043	811	2743	0.89495	1.12263	1.82177		
10:35:05	1000	800	1036	794	2741	0.89287	1.12266	1.81713		
10:35:15	1000	800	1034	806	2737	0.89432	1.12269	1.82045		
10:35:25	1000	775	1028	776	2734	0.89045	1.12267	1.81168		
10:35:35	1000	775	1030	814	2729	0.89537	1.12267	1.82279		
10:35:45	1000	800	1038	855	2721	0.90005	1.12273	1.83345		
10:35:56	1000	800	1047	879	2722	0.90271	1.12276	1.83949		
10:36:06	1050	800	1055	849	2721	0.89941	1.12279	1.83211		
10:36:16	1050	800	1064	867	2730	0.90141	1.12281	1.83664		
10:36:26	1050	850	1075	857	2733	0.90031	1.12285	1.83423		
10:36:36	1050	850	1079	843	2731	0.89874	1.12285	1.83069		
10:36:46	1050	850	1074	819	2723	0.89590	1.12287	1.82432		
10:36:56	1050	800	1068	833	2718	0.89754	1.12285	1.82797		
10:37:06	1050	800	1066	833	2718	0.89754	1.12285	1.82797		
10:37:16	1050	800	1061	835	2713	0.89784	1.12283	1.82862		
10:37:26	1050	800	1054	802	2710	0.89385	1.12287	1.81968		
10:37:36	1050	800	1051	819	2707	0.89598	1.12283	1.82442		
10:37:46	1050	800	1055	847	2703	0.89923	1.12285	1.83180		
10:37:56	1000	800	1050	794	2700	0.89282	1.12296	1.81750		
10:38:07	1000	800	1047	812	2696	0.89510	1.12288	1.82253		
10:38:17	1000	800	1047	835	2691	0.89777	1.12294	1.82865		
10:38:27	1050	800	1051	825	2685	0.89661	1.12292	1.82599		
10:38:37	1000	800	1050	811	2678	0.89497	1.12293	1.82232		
10:38:47	1000	800	1045	811	2671	0.89498	1.12291	1.82231		
10:38:57	1000	800	1050	822	2665	0.89634	1.12295	1.82543		
10:39:07	1050	800	1053	833	2656	0.89758	1.12290	1.82816		
10:39:17	1050	800	1053	831	2646	0.89731	1.12293	1.82760		
10:39:27	1050	800	1055	835	2641	0.89777	1.12292	1.82862		
10:39:37	1050	800	1059	837	2633	0.89804	1.12296	1.82928		
10:39:47	1050	800	1061	822	2625	0.89634	1.12296	1.82546		
10:39:57	1050	800	1063	833	2606	0.89764	1.12299	1.82843		
10:40:07	1050	800	1063	828	2597	0.89699	1.12303	1.82704		
10:40:18	1050	800	1060	806	2588	0.89431	1.12304	1.82099		
10:40:28	1050	800	1059	822	2580	0.89635	1.12300	1.82553		
10:40:38	1050	800	1058	827	2572	0.89683	1.12299	1.82660		
10:40:48	1050	800	1060	830	2564	0.89726	1.12302	1.82763		
10:40:58	1050	800	1060	830	2564	0.89726	1.12302	1.82763		
10:41:08	1050	800	1061	830	2564	0.89726	1.12302	1.82763		
13:57:24	1500	950	1556	1596	2	0.94516	1.12810	1.94449		
13:57:34	2000	1200	2326	2483	2	0.96440	1.12811	1.98813		
13:57:44	2000	1500	3091	2470	2	0.96421	1.12813	1.98774		
13:57:54	2000	1700	3333	2445	2	0.96386	1.12819	1.98704		
13:58:04	2000	2000	3333	2428	2	0.96362	1.12816	1.98644		
13:58:14	2000	2300	3333	2421	2	0.96351	1.12816	1.98621		
13:58:24	2000	2400	3333	2421	2	0.96351	1.12816	1.98621		
13:58:35	2000	2400	3333	2419	2	0.96347	1.12823	1.98624		
13:58:45	2000	2400	3333	2300	2	0.96163	1.12817	1.98195		
13:58:55	2000	2300	3333	2279	2	0.96128	1.12819	1.98120		
13:59:05	2000	2300	3333	2428	2	0.96361	1.12826	1.98661		
13:59:15	2000	2300	3333	2332	2	0.96214	1.12823	1.98321		
13:59:25	2000	2300	3333	2229	2	0.96043	1.12824	1.97935		
13:59:35	2000	2300	3333	2466	2	0.96417	1.12833	1.98799		
13:59:45	2000	2400	3333	2706	2	0.96729	1.12833	1.99506		
13:59:55	2000	2500	3333	2860	2	0.96902	1.12829	1.99892		
14:00:05	2000	2600	3333	3066	2	0.97107	1.12829	2.00357		
14:00:15	2000	2700	3333	2913	2	0.96958	1.12826	2.00013		
14:00:25	2000	2800	3333	2969	2	0.97014	1.12830	2.00149		
14:00:35	2000	2900	3333	3136	2	0.97171	1.12824	2.00494		
14:00:46	2000	2900	3333	2841	2	0.96881	1.12830	1.99847		
14:00:56	2000	2900	3333	2805	2	0.96842	1.12821	1.99743		
14:01:06	2000	2900	3333	2769	2	0.96802	1.12824	1.99656		
14:01:16	2000	2800	3333	2868	2	0.96911	1.12820	1.99897		
14:01:26	2000	2800	3333	2834	2	0.96874	1.12820	1.99814		
14:01:36	2000	2800	3333	3028	2	0.97072	1.12822	2.00265		
14:01:46	2000	2800	3333	2987	2	0.97032	1.12819	2.00169		
14:01:56	2000	2900	3333	2968	2	0.97014	1.12817	2.00124		
14:02:06	2000	2900	3333	3192	2	0.97220	1.12808	2.00576		
14:02:16	2000	3000	3333	3192	2	0.97220	1.12808	2.00576		
14:02:26	2000	3000	3333	3386	2	0.97377	1.12811	2.00938		
14:02:36	2000	3000	3333	3142	2	0.97176	1.12809	2.00479		
14:02:46	2000	3000	3333	3469	2	0.97439	1.12811	2.01078		
14:02:57	2000	3000	3333	3340	2	0.97341	1.12811	2.00856		
14:03:07	2000	3000	3333	3340	2	0.97341	1.12811	2.00856		
14:03:17	2000	3000	3333	3350	2	0.97350	1.12807	2.00868		
14:03:27	2000	3000	3333	3322	2	0.97327	1.12804	2.00812		
14:03:37	2000	3000	3333	3189	2	0.97217	1.12805	2.00565		
14:03:47	2000	3000	3333	3105	2	0.97143	1.12808	2.00402		
14:03:57	2000	3000	3333	3017	2	0.97061	1.12810	2.00219		
14:04:07	2000	3000	3333	3017	2	0.97061	1.12810	2.00219		
14:04:17	2000	3000	3333	3432	2	0.97412	1.12805	2.01006		
14:04:27	2000	3000	3333	3432	2	0.97412	1.12805	2.01006		
14:04:37	2000	3000	3333	4268	2	0.97913	1.12799	2.02132		
14:04:47	2000	3000	3333	4006	2	0.97778	1.12799	2.01826		
14:04:57	2000	3000	3333	4420	2	0.97984	1.12794	2.02284		
14:05:08	2000	3000	3333	4380	2	0.97966	1.12790	2.02235		
14:05:18	2000	3000	3333	4893	2	0.98177	1.12787	2.02709		
14:05:28	2000	3000	3333	7519	2	0.98810	1.12783	2.04136		
14:05:38	2000	3000	3333	7359	2	0.98784	1.12786	2.04083		
14:05:48	2000	3000	3333	5428	2	0.98356	1.12777	2.03095		
14:05:58	2000	3000	3333	5476	2	0.98370	1.12783	2.03138		
14:08:55	2000	3000	3333	6013	2	0.98514	1.12775	2.03451		
14:09:05	2000	3000	3333	5915	2	0.98490	1.12778	2.03401		
14:09:15	2000	3000	3333	5067	2	0.98240	1.12776	2.02830		
14:09:25	2000	3000	3333	5843	2	0.98471	1.12774	2.03352		
14:09:35	2000	3000	3333	6412	2	0.98606	1.12772	2.03654		
14:09:45	2000	3000	3333	6295	2	0.98581	1.12770	2.03592		
14:09:55	2000	3000	3333	6198	2	0.98558	1.12765	2.03533		
14:10:06	2000	3000	3333	6398	2	0.98603	1.12766	2.03636		
14:10:16	2000	3000	3333	6617	2	0.98649	1.12767	2.03742		
14:10:26	2000	3000	3333	6860	2	0.98697	1.12766	2.03848		
14:10:36	2000	3000	3333	6181	2	0.98555	1.12765	2.03524		
14:10:46	2000	3000	3333	6181	2	0.98555	1.12765	2.03524		
14:10:56	2000	3000	3333	7554	2	0.98816	1.12748	2.04085		
14:11:06	2000	3000	3333	8002	2	0.98882	1.12755	2.04247		
14:11:16	2000	3000	3333	8472	2	0.98943	1.12749	2.04376		
14:11:26	2000	3000	3333	7220	2	0.98761	1.12746	2.03958		
14:11:36	2000	3000	3333	7905	2	0.98868	1.12745	2.04198		
14:11:46	2000	3000	3333	7713	2	0.98840	1.12738	2.04122		
14:11:56	2000	3000	3333	8798	2	0.98982	1.12730	2.04430		
14:12:07	2000	3000	3333	7319	2	0.98778	1.12730	2.03967		
14:12:17	2000	3000	3333	6722	2	0.98670	1.12723	2.03710		
14:12:27	2000	3000	3333	7474	2	0.98803	1.12724	2.04013		
14:12:37	2000	3000	3333	8969	2	0.99002	1.12718	2.04452		
14:12:47	2000	3000	3333	7582	2	0.98820	1.12716	2.04037		
14:12:57	2000	3000	3333	7379	2	0.98788	1.12716	2.03964		
14:13:07	2000	3000	3333	7812	2	0.98855	1.12712	2.04108		
14:13:17	2000	3000	3333	9955	2	0.99100	1.12713	2.09230		
14:13:27	2000	3000	3333	9955	2	0.99100	1.12708	2.10835		
14:13:37	2000	3000	3333	9955	2	0.99100	1.12708	2.10321		
14:13:47	2000	3000	3333	9955	2	0.99100	1.12708	2.10137		
14:13:57	2000	3000	3333	9955	2	0.99100	1.12708	2.09839		
14:14:07	2000	3000	3333	9955	2	0.99100	1.12708	2.09843		
14:14:18	2000	3000	3333	9955	2	0.99100	1.12710	2.10317		
14:14:28	2000	3000	3333	9955	2	0.99100	1.12707	2.09792		
14:14:38	2000	3000	3333	9955	2	0.99100	1.12711	2.10441		
14:14:48	2000	3000	3333	9955	2	0.99100	1.12711	2.10773		
14:14:58	2000	3000	3333	9955	2	0.99100	1.12713	2.10950		
14:15:08	2000	3000	3333	9955	2	0.99100	1.12708	2.11044		
14:15:18	2000	3000	3333	9955	2	0.99100	1.12705	2.11066		
14:15:28	2000	3000	3333	9955	2	0.99100	1.12699	2.11013		
14:15:38	2000	3000	3333	9955	2	0.99100	1.12696	2.11403		
14:15:48	2000	3000	3333	9955	2	0.99100	1.12696	2.11294		
14:15:58	2000	3000	3333	9955	2	0.99100	1.12696	2.10666		
14:16:08	2000	3000	3333	9955	2	0.99100	1.12696	2.10654		
14:16:19	2000	3000	3333	9955	2	0.99100	1.12692	2.10404		
14:16:29	2000	3000	3333	9955	2	0.99100	1.12690	2.10839		
14:16:39	2000	3000	3333	9955	2	0.99100	1.12688	2.10463		
14:16:49	2000	3000	3333	9955	2	0.99100	1.12688	2.10912		
14:16:59	2000	3000	3333	9955	2	0.99100	1.12685	2.11180		
14:17:09	2000	3000	3333	9955	2	0.99100	1.12683	2.11382		
14:17:20	2000	3000	3333	9955	2	0.99100	1.12677	2.11321		
14:17:30	2000	3000	3333	9955	2	0.99100	1.12677	2.11016		
14:17:40	2000	3000	3333	9955	2	0.99100	1.12679	2.10741		
14:17:50	2000	3000	3333	9955	2	0.99100	1.12684	2.11297		
14:18:00	2000	3000	3333	9955	2	0.99100	1.12681	2.11194		
14:18:11	2000	3000	3333	9955	2	0.99100	1.12677	2.10804		
14:18:21	2000	3000	3333	9955	2	0.99100	1.12676	2.10700		
14:18:31	2000	3000	3333	9955	2	0.99100	1.12677	2.10746		
14:18:41	2000	3000	3333	9955	2	0.99100	1.12676	2.10617		
14:18:51	2000	3000	3333	9955	2	0.99100	1.12678	2.10829		
14:19:02	2000	3000	3333	9955	2	0.99100	1.12671	2.11476		
14:19:12	2000	3000	3333	9955	2	0.99100	1.12671	2.11047		
14:19:22	2000	3000	3333	9955	2	0.99100	1.12675	2.10829		
14:19:32	2000	3000	3333	9955	2	0.99100	1.12670	2.10867		
14:19:42	2000	3000	3333	9955	2	0.99100	1.12673	2.10597		
14:19:52	2000	3000	3333	9955	2	0.99100	1.12670	2.10435		
14:20:03	2000	3000	3333	9955	2	0.99100	1.12670	2.10435		
14:20:13	2000	3000	3333	9955	2	0.99100	1.12667	2.10609		
14:20:23	2000	3000	3333	9955	2	0.99100	1.12675	2.10375		
14:20:33	2000	3000	3333	9955	2	0.99100	1.12674	2.10278		
14:20:43	2000	3000	3333	9955	2	0.99100	1.12672	2.10462		
14:20:54	2000	3000	3333	9955	2	0.99100	1.12672	2.10915		
14:21:04	2000	3000	3333	9955	2	0.99100	1.12674	2.10075		
14:21:14	2000	3000	3333	9955	2	0.99100	1.12675	2.10183		
14:21:24	2000	3000	3333	9955	2	0.99100	1.12674	2.10224		
14:21:34	2000	3000	3333	9955	2	0.99100	1.12680	2.09914		
14:21:45	2000	3000	3333	9955	2	0.99100	1.12679	2.09882		
14:21:55	2000	3000	3333	9955	2	0.99100	1.12679	2.09882		
14:22:35	2000	3000	3333	9955	2	0.99100	1.12681	2.10110		
14:22:45	2000	3000	3333	9955	2	0.99100	1.12681	2.10110		
14:22:56	2000	3000	3333	9955	2	0.99100	1.12681	2.09822		
14:23:06	2000	3000	3333	9955	2	0.99100	1.12688	2.09905		
14:23:16	2000	3000	3333	9955	2	0.99100	1.12680	2.10162		
14:23:26	2000	3000	3333	9955	2	0.99100	1.12682	2.10205		
14:23:36	2000	3000	3333	9955	2	0.99100	1.12685	2.09849		
14:23:46	2000	3000	3333	9955	2	0.99100	1.12687	2.10056		
14:23:56	2000	3000	3333	9955	2	0.99100	1.12687	2.10021		
14:24:06	2000	3000	3333	9955	2	0.99100	1.12684	2.10009		
14:24:16	2000	3000	3333	9955	2	0.99100	1.12685	2.09822		
14:24:26	2000	3000	3333	9955	2	0.99100	1.12688	2.09780		
14:24:36	2000	3000	3333	9955	2	0.99100	1.12688	2.09780		
14:25:17	2000	3000	3333	9955	2	0.99100	1.12688	2.10382		
14:25:27	2000	3000	3333	9955	2	0.99100	1.12688	2.10612		
14:25:37	2000	3000	3333	9955	2	0.99100	1.12681	2.10640		
14:25:47	2000	3000	3333	9955	2	0.99100	1.12686	2.10470		
14:25:57	2000	3000	3333	9955	2	0.99100	1.12686	2.10470		
14:26:07	2000	3000	3333	9955	2	0.99100	1.12686	2.10470		
14:27:28	2000	3000	3333	9955	2	0.99100	1.12687	2.11007		
14:27:38	2000	3000	3333	9955	2	0.99100	1.12688	2.10629		
14:27:48	2000	3000	3333	9955	2	0.99100	1.12688	2.10629		
14:29:49	2000	3000	3333	9955	2	0.99100	1.12685	2.10582		
14:29:59	2000	3000	3333	9955	2	0.99100	1.12686	2.10463		
14:30:09	2000	3000	3333	9955	2	0.99100	1.12689	2.10852		
14:30:19	2000	3000	3333	9955	2	0.99100	1.12689	2.10852		
14:31:30	2000	3000	3333	9955	2	0.99100	1.12678	2.11753		
14:31:40	2000	3000	3333	9955	2	0.99100	1.12675	2.12137		
14:31:50	2000	3000	3333	9955	2	0.99100	1.12671	2.12290		
14:32:00	2000	3000	3333	9955	2	0.99100	1.12677	2.11972		
14:32:10	2000	3000	3333	9955	2	0.99100	1.12672	2.11585		
14:32:20	2000	3000	3333	9955	2	0.99100	1.12669	2.11778		
14:32:30	2000	3000	3333	9955	2	0.99100	1.12669	2.11778		
14:32:40	2000	3000	3333	9955	2	0.99100	1.12669	2.11778		
14:34:31	2000	3000	3333	9955	2	0.99100	1.12660	2.12179		
14:34:41	2000	3000	3333	9955	2	0.99100	1.12652	2.12442		
14:34:51	2000	3000	3333	9955	2	0.99100	1.12653	2.11886		
14:35:01	2000	3000	3333	9955	2	0.99100	1.12653	2.11886		
14:35:11	2000	3000	3333	9955	2	0.99100	1.12653	2.11886		
14:36:42	2000	3000	3333	9955	2	0.99100	1.12644	2.12591		
14:36:52	2000	3000	3333	9955	2	0.99100	1.12646	2.12342		
14:37:02	2000	3000	3333	9955	2	0.99100	1.12639	2.12976		
14:37:12	2000	3000	3333	9955	2	0.99100	1.12640	2.12446		
14:37:22	2000	3000	3333	9955	2	0.99100	1.12643	2.13290		
14:37:32	2000	3000	3333	9955	2	0.99100	1.12641	2.12500		
14:37:42	2000	3000	3333	9955	2	0.99100	1.12642	2.12587		
14:37:52	2000	3000	3333	9955	2	0.99100	1.12645	2.11954		
14:38:03	2000	3000	3333	9955	2	0.99100	1.12645	2.11954		
14:38:13	2000	3000	3333	9955	2	0.99100	1.12642	2.13121		
14:38:23	2000	3000	3333	9955	2	0.99100	1.12643	2.13091		
14:38:33	2000	3000	3333	9955	2	0.99100	1.12643	2.12777		
14:38:43	2000	3000	3333	9955	2	0.99100	1.12644	2.13093		
14:38:53	2000	3000	3333	9955	2	0.99100	1.12644	2.13093		
14:39:03	2000	3000	3333	9955	2	0.99100	1.12644	2.13093		
14:42:25	2000	3000	3333	9955	2	0.99100	1.12628	2.14075		
14:42:35	2000	3000	3333	9955	2	0.99100	1.12628	2.13869		
14:42:45	2000	3000	3333	9955	2	0.99100	1.12628	2.13869		
14:42:55	2000	3000	3333	9955	2	0.99100	1.12628	2.13869		
14:44:46	2000	3000	3333	9955	2	0.99100	1.12598	2.15167		
14:44:56	2000	3000	3333	9955	2	0.99100	1.12600	2.16043		
14:45:06	2000	3000	3333	9955	2	0.99100	1.12600	2.16043		
14:45:16	2000	3000	3333	9955	2	0.99100	1.12600	2.16043		
14:47:17	2000	3000	3333	9955	2	0.99100	1.12570	2.38715		
14:47:27	2000	3000	3333	9955	2	0.99100	1.12562	2.42022		
14:47:37	2000	3000	3333	9955	2	0.99100	1.12555	2.41604		
14:47:47	2000	3000	3333	9955	2	0.99100	1.12552	2.41724		
14:47:57	2000	3000	3333	9955	2	0.99100	1.12552	2.41724		
14:51:09	2000	3000	3333	9955	2	0.99100	1.12472	2.63415		
14:51:19	2000	3000	3333	9955	2	0.99100	1.12464	2.62541		
14:51:29	2000	3000	3333	9955	2	0.99100	1.12463	2.45676		
14:51:39	2000	3000	3333	9955	2	0.99100	1.12452	2.72899		
14:51:49	2000	3000	3333	9955	2	0.99100	1.12448	2.84402		
14:51:59	2000	3000	3333	9955	2	0.99100	1.12442	2.82580		
14:52:09	2000	3000	3333	9955	2	0.99100	1.12442	2.82580		
14:52:19	2000	3000	3333	9955	2	0.99100	1.12432	2.81936		
14:52:29	2000	3000	3333	9955	2	0.99100	1.12430	2.81438		
14:52:39	2000	3000	3333	9955	2	0.99100	1.12422	2.78160		
14:52:49	2000	3000	3333	9955	2	0.99100	1.12418	2.84306		
14:52:59	2000	3000	3333	9955	2	0.99100	1.12416	2.78564		
14:53:10	2000	3000	3333	9955	2	0.99100	1.12416	2.78564		
14:53:20	2000	3000	3333	9955	2	0.99100	1.12416	2.78564		
14:56:02	2000	3000	3333	9955	2	0.99100	1.12369	2.69454		
14:56:13	2000	3000	3333	9955	2	0.99100	1.12369	2.69454		
14:56:23	2000	3000	3333	9955	2	0.99100	1.12369	2.69454		
15:15:21	2000	3000	3333	9955	2	0.99100	1.12281	2.70047		
15:15:31	2000	3000	3333	9955	2	0.99100	1.12281	2.70047		
15:21:04	2000	3000	3333	9955	2	0.99100	1.12300	2.79370		
15:21:14	2000	3000	3333	9955	2	0.99100	1.12300	2.79370		
15:23:55	2000	3000	3333	9955	2	0.99100	1.12274	2.71872		
15:24:05	2000	3000	3333	9955	2	0.99100	1.12272	2.76522		
15:24:15	2000	3000	3333	9955	2	0.99100	1.12272	2.76522		


			DELHI AIRPORT : 30 m Base line


Time	RVR	 MOR	RVR	MOR	BLM	Trf	 Ref(v)	PD(v)
	(limited)	(limited)	(actual)	(actual)

