

			DELHI AIRPORT : 30 m Base line


Time	RVR	 MOR	RVR	MOR	BLM	Trf	 Ref(v)	PD(v)
	(limited)	(limited)	(actual)	(actual)

12:16:19	2000	3000	1659	9955	1104	0.99100	1.12000	2.10333		
12:16:29	2000	3000	3318	9955	1104	0.99100	1.12000	2.10333		
12:16:59	2000	3000	3333	9955	1076	0.99100	1.11987	2.11204		
12:17:09	2000	3000	3333	9955	1071	0.99100	1.11988	2.10993		
12:17:19	2000	3000	3333	9955	1066	0.99100	1.11989	2.10498		
12:17:29	2000	3000	3333	9955	1061	0.99100	1.11991	2.10883		
12:17:39	2000	3000	3333	9955	1056	0.99100	1.11993	2.09980		
12:17:49	2000	3000	3333	9955	1050	0.99100	1.11994	2.11063		
12:17:59	2000	3000	3333	9955	1050	0.99100	1.11994	2.11063		
12:18:09	2000	3000	3333	9955	1047	0.99100	1.11997	2.11123		
12:18:19	2000	3000	3333	9955	1046	0.99100	1.11998	2.10951		
12:18:30	2000	3000	3333	9955	1046	0.99100	1.12005	2.11591		
12:18:40	2000	3000	3333	9955	1047	0.99100	1.12005	2.11616		
12:18:50	2000	3000	3333	9955	1047	0.99100	1.12005	2.11616		
12:19:00	2000	3000	3333	9955	1047	0.99100	1.12005	2.11616		
12:19:10	2000	3000	3333	9955	1057	0.99100	1.12014	2.11227		
12:19:20	2000	3000	3333	9955	1064	0.99100	1.12026	2.11190		
12:19:30	2000	3000	3333	9955	1071	0.99100	1.12032	2.11627		
12:19:40	2000	3000	3333	9955	1079	0.99100	1.12036	2.10771		
12:19:50	2000	3000	3333	9955	1079	0.99100	1.12036	2.10771		
12:20:20	2000	3000	3333	9955	1116	0.99100	1.12054	2.10134		
12:20:30	2000	3000	3333	9955	1128	0.99100	1.12054	2.10580		
12:20:41	2000	3000	3333	9955	1141	0.99100	1.12057	2.12645		
12:20:51	2000	3000	3333	9955	1154	0.99100	1.12059	2.10969		
12:21:01	2000	3000	3333	9955	1167	0.99100	1.12066	2.10583		
12:21:11	2000	3000	3333	9955	1182	0.99100	1.12067	2.11243		
12:21:21	2000	3000	3333	9955	1198	0.99100	1.12071	2.09519		
12:21:31	2000	3000	3333	9955	1227	0.99100	1.12079	2.08559		
12:21:41	2000	3000	3333	9955	1242	0.99100	1.12083	2.08045		
12:21:51	2000	3000	3333	9955	1254	0.99100	1.12083	2.07107		
12:22:01	2000	3000	3333	9955	1265	0.99100	1.12075	2.08520		
12:22:11	2000	3000	3333	9955	1265	0.99100	1.12075	2.08520		
12:22:21	2000	3000	3333	9955	1285	0.99100	1.12082	2.09364		
12:22:31	2000	3000	3333	9955	1285	0.99100	1.12082	2.09364		
12:22:41	2000	3000	3333	9955	1285	0.99100	1.12082	2.09364		
12:24:52	2000	3000	3333	9955	1378	0.99100	1.12041	2.08930		
12:25:03	2000	3000	3333	9955	1381	0.99100	1.12032	2.08983		
12:25:13	2000	3000	3333	9955	1385	0.99100	1.12027	2.08648		
12:25:23	2000	3000	3333	9955	1388	0.99100	1.12029	2.09311		
12:25:33	2000	3000	3333	9955	1391	0.99100	1.12025	2.09395		
12:25:43	2000	3000	3333	9955	1391	0.99100	1.12025	2.09395		
12:26:23	2000	3000	3333	9955	1376	0.99100	1.12022	2.09234		
12:26:33	2000	3000	3333	9955	1380	0.99100	1.12016	2.13506		
12:26:43	2000	3000	3333	9955	1380	0.99100	1.12016	2.13506		
12:26:53	2000	3000	3333	9955	1380	0.99100	1.12016	2.13506		
12:29:25	2000	3000	3333	9955	1452	0.99100	1.11970	2.20598		
12:29:35	2000	3000	3333	9955	1452	0.99100	1.11970	2.20598		
12:29:45	2000	3000	3333	9955	1452	0.99100	1.11970	2.20598		
12:30:25	2000	3000	3333	9955	1429	0.99100	1.11952	2.15364		
12:30:35	2000	3000	3333	9955	1427	0.99100	1.11951	2.14489		
12:30:45	2000	3000	3333	9955	1425	0.99100	1.11954	2.14284		
12:30:55	2000	3000	3333	9955	1422	0.99100	1.11951	2.13760		
12:31:05	2000	3000	3333	9955	1422	0.99100	1.11951	2.13760		
12:31:15	2000	3000	3333	9955	1422	0.99100	1.11951	2.13760		
12:31:46	2000	3000	3333	9955	1415	0.99100	1.11965	2.13076		
12:31:56	2000	3000	3333	9955	1413	0.99100	1.11969	2.14676		
12:32:06	2000	3000	3333	9955	1413	0.99100	1.11969	2.14676		
12:39:27	2000	3000	3333	9955	1211	0.99100	1.11948	2.20338		
12:39:37	2000	3000	3333	9955	1211	0.99100	1.11948	2.20338		
12:39:47	2000	3000	3333	9955	1211	0.99100	1.11948	2.20338		
12:42:40	2000	3000	3333	9955	1094	0.99100	1.11945	2.18685		
12:42:50	2000	3000	3333	9955	1094	0.99100	1.11945	2.18685		
12:43:00	2000	3000	3333	9955	1094	0.99100	1.11945	2.18685		


			DELHI AIRPORT : 30 m Base line


Time	RVR	 MOR	RVR	MOR	BLM	Trf	 Ref(v)	PD(v)
	(limited)	(limited)	(actual)	(actual)

