

			DELHI AIRPORT : 30 m Base line


Time	RVR	 MOR	RVR	MOR	BLM	Trf	 Ref(v)	PD(v)
	(limited)	(limited)	(actual)	(actual)

00:57:21	2000	3000	3333	9955	777	0.99100	1.13926	2.79693		
00:57:31	2000	3000	3333	9955	781	0.99100	1.13932	2.81287		
00:57:41	2000	3000	3333	9955	785	0.99100	1.13920	2.80308		
00:57:51	2000	3000	3333	9955	788	0.99100	1.13922	2.78351		
00:58:02	2000	3000	3333	9955	791	0.99100	1.13917	2.79090		
00:58:12	2000	3000	3333	9955	795	0.99100	1.13921	2.80716		
00:58:22	2000	3000	3333	9955	799	0.99100	1.13920	2.81300		
00:58:32	2000	3000	3333	9955	802	0.99100	1.13923	2.81423		
00:58:42	2000	3000	3333	9955	805	0.99100	1.13917	2.88600		
00:58:53	2000	3000	3333	9955	805	0.99100	1.13917	2.88600		
00:59:03	2000	3000	3333	9955	812	0.99100	1.13921	2.82625		
00:59:13	2000	3000	3333	9955	816	0.99100	1.13921	2.81389		
00:59:23	2000	3000	3333	9955	819	0.99100	1.13918	2.79095		
00:59:33	2000	3000	3333	9955	823	0.99100	1.13919	2.80790		
00:59:43	2000	3000	3333	9955	826	0.99100	1.13921	2.82046		
00:59:54	2000	3000	3333	9955	829	0.99100	1.13920	2.81929		
01:00:04	2000	3000	3333	9955	836	0.99100	1.13916	2.80029		
01:00:14	2000	3000	3333	9955	840	0.99100	1.13917	2.78012		
01:00:24	2000	3000	3333	9955	844	0.99100	1.13911	2.78904		
01:00:34	2000	3000	3333	9955	846	0.99100	1.13918	2.79188		
01:00:45	2000	3000	3333	9955	849	0.99100	1.13918	2.79151		
01:00:55	2000	3000	3333	9955	853	0.99100	1.13918	2.83027		
01:01:05	2000	3000	3333	9955	856	0.99100	1.13919	2.77858		
01:01:15	2000	3000	3333	9955	859	0.99100	1.13918	2.83288		
01:01:25	2000	3000	3333	9955	862	0.99100	1.13921	2.81990		
01:01:36	2000	3000	3333	9955	865	0.99100	1.13916	2.80190		
01:01:46	2000	3000	3333	9955	869	0.99100	1.13916	2.82101		
01:01:56	2000	3000	3333	9955	873	0.99100	1.13918	2.80515		
01:02:06	2000	3000	3333	9955	876	0.99100	1.13916	2.84425		
01:02:16	2000	3000	3333	9955	879	0.99100	1.13915	2.81666		
01:02:26	2000	3000	3333	9955	882	0.99100	1.13913	2.83229		
01:02:37	2000	3000	3333	9955	886	0.99100	1.13910	2.79193		
01:02:47	2000	3000	3333	9955	892	0.99100	1.13914	2.82310		
01:02:57	2000	3000	3333	9955	895	0.99100	1.13913	2.81310		
01:03:07	2000	3000	3333	9955	898	0.99100	1.13915	2.79889		
01:03:17	2000	3000	3333	9955	902	0.99100	1.13913	3.42569		
01:03:28	2000	3000	3333	9955	906	0.99100	1.13914	3.07522		
01:03:38	2000	3000	3333	9955	909	0.99100	1.13909	3.05272		
01:03:48	2000	3000	3333	9955	912	0.99100	1.13910	3.05395		
01:03:58	2000	3000	3333	9955	914	0.99100	1.13909	3.07179		
01:04:08	2000	3000	3333	9955	918	0.99100	1.13909	3.10252		
01:04:19	2000	3000	3333	9955	923	0.99100	1.13913	3.09766		
01:04:29	2000	3000	3333	9955	926	0.99100	1.13915	3.09324		
01:04:39	2000	3000	3333	9955	931	0.99100	1.13915	3.05182		
01:04:49	2000	3000	3333	9955	934	0.99100	1.13913	3.04984		
01:04:59	2000	3000	3333	9955	938	0.99100	1.13910	3.08032		
01:05:09	2000	3000	3333	9955	941	0.99100	1.13910	3.09907		
01:05:20	2000	3000	3333	9955	944	0.99100	1.13907	3.08825		
01:05:30	2000	3000	3333	9955	944	0.99100	1.13907	3.08825		


			DELHI AIRPORT : 30 m Base line


Time	RVR	 MOR	RVR	MOR	BLM	Trf	 Ref(v)	PD(v)
	(limited)	(limited)	(actual)	(actual)

04:33:20	2000	3000	1659	9955	3511	0.99100	1.13884	2.79782		
04:33:30	2000	3000	3318	9955	3511	0.99100	1.13885	2.79284		
04:33:40	2000	3000	3333	9955	3511	0.99100	1.13890	2.80337		
04:33:51	2000	3000	3333	9955	3511	0.99100	1.13887	2.82930		
04:34:01	2000	3000	3333	9955	3511	0.99100	1.13884	2.83933		
04:34:11	2000	3000	3333	9955	3511	0.99100	1.13884	2.80208		
04:34:21	2000	3000	3333	9955	3511	0.99100	1.13884	2.80208		
04:34:31	2000	3000	3333	9955	3512	0.99100	1.13884	2.83100		
04:34:41	2000	3000	3333	9955	3516	0.99100	1.13882	2.81558		
04:34:52	2000	3000	3333	9955	3518	0.99100	1.13882	2.82111		
04:35:02	2000	3000	3333	9955	3521	0.99100	1.13882	2.80094		
04:35:12	2000	3000	3333	9955	3523	0.99100	1.13884	2.80172		
04:35:22	2000	3000	3333	9955	3525	0.99100	1.13887	2.73684		
04:35:32	2000	3000	3333	9955	3527	0.99100	1.13885	2.72264		
04:35:42	2000	3000	3333	9955	3528	0.99100	1.13887	2.71921		
04:35:52	2000	3000	3333	9955	3530	0.99100	1.13888	2.71615		
04:36:02	2000	3000	3333	9955	3530	0.99100	1.13888	2.75221		
04:36:12	2000	3000	3333	9955	3531	0.99100	1.13895	2.72345		
04:36:23	2000	3000	3333	9955	3531	0.99100	1.13895	2.76464		
04:36:33	2000	3000	3333	9955	3531	0.99100	1.13891	2.76528		
04:36:43	2000	3000	3333	9955	3531	0.99100	1.13891	2.76528		
04:36:53	2000	3000	3333	9955	3529	0.99100	1.13891	2.74750		
04:37:03	2000	3000	3333	9955	3527	0.99100	1.13891	2.73680		
04:37:14	2000	3000	3333	9955	3527	0.99100	1.13895	2.69781		
04:37:24	2000	3000	3333	9955	3526	0.99100	1.13895	2.70120		
04:37:34	2000	3000	3333	9955	3526	0.99100	1.13889	2.72281		
04:37:44	2000	3000	3333	9955	3526	0.99100	1.13892	2.72541		
04:37:54	2000	3000	3333	9955	3527	0.99100	1.13886	2.73889		
04:38:04	2000	3000	3333	9955	3526	0.99100	1.13885	2.73972		
04:38:15	2000	3000	3333	9955	3526	0.99100	1.13886	2.77834		
04:38:25	2000	3000	3333	9955	3526	0.99100	1.13888	2.78177		
04:38:35	2000	3000	3333	9955	3526	0.99100	1.13886	2.75197		
04:38:45	2000	3000	3333	9955	3526	0.99100	1.13886	2.73428		
04:38:55	2000	3000	3333	9955	3526	0.99100	1.13886	2.74007		
04:39:06	2000	3000	3333	9955	3526	0.99100	1.13886	2.74007		
04:39:16	2000	3000	3333	9955	3526	0.99100	1.13889	2.75519		
04:39:26	2000	3000	3333	9955	3527	0.99100	1.13889	2.73710		
04:39:36	2000	3000	3333	9955	3528	0.99100	1.13886	2.73618		
04:39:46	2000	3000	3333	9955	3529	0.99100	1.13887	2.72656		
04:39:57	2000	3000	3333	9955	3530	0.99100	1.13894	2.73263		
04:40:07	2000	3000	3333	9955	3530	0.99100	1.13894	2.73263		
04:40:17	2000	3000	3333	9955	3532	0.99100	1.13892	2.73522		
04:40:27	2000	3000	3333	9955	3532	0.99100	1.13893	2.73340		
04:40:37	2000	3000	3333	9955	3533	0.99100	1.13892	2.73587		
04:40:47	2000	3000	3333	9955	3535	0.99100	1.13891	2.71077		
04:40:58	2000	3000	3333	9955	3537	0.99100	1.13890	2.71524		
04:41:08	2000	3000	3333	9955	3537	0.99100	1.13894	2.71256		
04:41:18	2000	3000	3333	9955	3537	0.99100	1.13894	2.71256		
04:41:28	2000	3000	3333	9955	3534	0.99100	1.13893	2.71901		
04:41:38	2000	3000	3333	9955	3532	0.99100	1.13894	2.72457		
04:41:48	2000	3000	3333	9955	3530	0.99100	1.13895	2.73845		
04:41:59	2000	3000	3333	9955	3529	0.99100	1.13895	2.74898		
04:42:09	2000	3000	3333	9955	3527	0.99100	1.13899	2.73104		
04:42:19	2000	3000	3333	9955	3525	0.99100	1.13896	2.73087		
04:42:29	2000	3000	3333	9955	3518	0.99100	1.13898	2.71504		
04:42:39	2000	3000	3333	9955	3514	0.99100	1.13899	2.71585		
04:42:50	2000	3000	3333	9955	3511	0.99100	1.13901	2.71773		
04:43:00	2000	3000	3333	9955	3510	0.99100	1.13894	2.71398		
04:43:10	2000	3000	3333	9955	3509	0.99100	1.13901	2.72635		
04:43:20	2000	3000	3333	9955	3507	0.99100	1.13898	2.73481		
04:43:30	2000	3000	3333	9955	3505	0.99100	1.13900	2.74142		
04:43:40	2000	3000	3333	9955	3503	0.99100	1.13903	2.75143		
04:43:51	2000	3000	3333	9955	3501	0.99100	1.13903	2.73901		
04:44:01	2000	3000	3333	9955	3499	0.99100	1.13903	2.71534		
04:44:11	2000	3000	3333	9955	3496	0.99100	1.13907	2.70908		
04:44:21	2000	3000	3333	9955	3494	0.99100	1.13905	2.71679		
04:44:31	2000	3000	3333	9955	3491	0.99100	1.13905	2.73359		
04:44:42	2000	3000	3333	9955	3490	0.99100	1.13907	2.70194		
04:44:52	2000	3000	3333	9955	3486	0.99100	1.13907	2.73281		
04:45:02	2000	3000	3333	9955	3484	0.99100	1.13900	2.76126		
04:45:12	2000	3000	3333	9955	3481	0.99100	1.13903	2.79231		
04:45:22	2000	3000	3333	9955	3478	0.99100	1.13905	2.73535		
04:45:32	2000	3000	3333	9955	3476	0.99100	1.13909	2.70626		
04:45:43	2000	3000	3333	9955	3474	0.99100	1.13902	2.72879		
04:45:53	2000	3000	3333	9955	3472	0.99100	1.13907	2.73891		
04:46:03	2000	3000	3333	9955	3471	0.99100	1.13912	2.81915		
04:46:13	2000	3000	3333	9955	3471	0.99100	1.13912	2.81915		
04:46:23	2000	3000	3333	9955	3472	0.99100	1.13913	2.83979		
04:46:34	2000	3000	3333	9955	3472	0.99100	1.13913	2.83979		
04:46:44	2000	3000	3333	9955	3474	0.99100	1.13919	2.88022		
04:46:54	2000	3000	3333	9955	3476	0.99100	1.13921	2.89735		
04:47:04	2000	3000	3333	9955	3478	0.99100	1.13925	2.87336		
04:47:14	2000	3000	3333	9955	3478	0.99100	1.13926	2.85394		
04:47:24	2000	3000	3333	9955	3478	0.99100	1.13927	2.85274		
04:47:34	2000	3000	3333	9955	3479	0.99100	1.13928	2.84960		
04:47:44	2000	3000	3333	9955	3479	0.99100	1.13928	2.86811		
04:47:54	2000	3000	3333	9955	3479	0.99100	1.13933	3.00392		
04:48:04	2000	3000	3333	9955	3476	0.99100	1.13942	2.96840		
04:48:14	2000	3000	3333	9955	3476	0.99100	1.13937	2.87284		
04:48:24	2000	3000	3333	9955	3476	0.99100	1.13937	2.87284		
04:48:35	2000	3000	3333	9955	3475	0.99100	1.13935	2.90546		
04:48:45	2000	3000	3333	9955	3475	0.99100	1.13935	2.90546		
04:48:55	2000	3000	3333	9955	3472	0.99100	1.13941	2.90838		
04:49:05	2000	3000	3333	9955	3469	0.99100	1.13935	2.83248		
04:49:15	2000	3000	3333	9955	3468	0.99100	1.13936	2.88649		
04:49:26	2000	3000	3333	9955	3470	0.99100	1.13935	2.95748		
04:49:36	2000	3000	3333	9955	3472	0.99100	1.13938	2.89706		
04:49:46	2000	3000	3333	9955	3472	0.99100	1.13938	2.89706		
04:49:56	2000	3000	3333	9955	3478	0.99100	1.13936	2.90864		
04:50:06	2000	3000	3333	9955	3478	0.99100	1.13936	2.90864		
04:50:17	2000	3000	3333	9955	3488	0.99100	1.13934	2.87599		
04:50:27	2000	3000	3333	9955	3493	0.99100	1.13928	2.84363		
04:50:37	2000	3000	3333	9955	3493	0.99100	1.13928	2.84363		
04:50:47	2000	3000	3333	9955	3503	0.99100	1.13924	2.83181		
04:50:57	2000	3000	3333	9955	3510	0.99100	1.13922	2.83368		
04:51:07	2000	3000	3333	9955	3516	0.99100	1.13923	2.83565		
04:51:18	2000	3000	3333	9955	3520	0.99100	1.13914	2.88062		
04:51:28	2000	3000	3333	9955	3523	0.99100	1.13915	2.85554		
04:51:38	2000	3000	3333	9955	3527	0.99100	1.13908	2.85660		
04:51:48	2000	3000	3333	9955	3530	0.99100	1.13909	2.89074		
04:51:58	2000	3000	3333	9955	3535	0.99100	1.13913	2.87828		
04:52:09	2000	3000	3333	9955	3538	0.99100	1.13911	2.87704		
04:52:19	2000	3000	3333	9955	3542	0.99100	1.13912	2.88093		
04:52:29	2000	3000	3333	9955	3544	0.99100	1.13912	2.90922		
04:52:39	2000	3000	3333	9955	3546	0.99100	1.13917	2.84805		
04:52:49	2000	3000	3333	9955	3548	0.99100	1.13914	2.85457		
04:53:00	2000	3000	3333	9955	3550	0.99100	1.13910	2.82377		
04:53:10	2000	3000	3333	9955	3551	0.99100	1.13908	2.80206		
04:53:20	2000	3000	3333	9955	3553	0.99100	1.13908	2.83252		
04:53:30	2000	3000	3333	9955	3553	0.99100	1.13908	2.83252		
04:53:50	2000	3000	3333	9955	3554	0.99100	1.13902	2.80066		
04:54:01	2000	3000	3333	9955	3554	0.99100	1.13904	2.80720		
04:54:11	2000	3000	3333	9955	3553	0.99100	1.13908	2.81713		
04:54:21	2000	3000	3333	9955	3553	0.99100	1.13908	2.81713		
04:54:31	2000	3000	3333	9955	3548	0.99100	1.13903	2.81297		
04:54:41	2000	3000	3333	9955	3547	0.99100	1.13906	2.83074		
04:54:51	2000	3000	3333	9955	3546	0.99100	1.13904	2.85432		
04:55:02	2000	3000	3333	9955	3544	0.99100	1.13905	2.82742		
04:55:12	2000	3000	3333	9955	3541	0.99100	1.13904	2.83254		
04:55:22	2000	3000	3333	9955	3538	0.99100	1.13898	2.87525		
04:55:32	2000	3000	3333	9955	3536	0.99100	1.13907	2.90241		
04:55:42	2000	3000	3333	9955	3536	0.99100	1.13907	2.90241		
04:55:53	2000	3000	3333	9955	3536	0.99100	1.13907	2.90241		
04:56:03	2000	3000	3333	9955	3524	0.99100	1.13909	2.83009		
04:56:13	2000	3000	3333	9955	3520	0.99100	1.13913	2.90066		
04:56:23	2000	3000	3333	9955	3518	0.99100	1.13907	2.83270		
04:56:33	2000	3000	3333	9955	3517	0.99100	1.13909	2.81440		
04:56:44	2000	3000	3333	9955	3515	0.99100	1.13907	2.82272		
04:56:54	2000	3000	3333	9955	3514	0.99100	1.13910	2.81589		
04:57:04	2000	3000	3333	9955	3513	0.99100	1.13908	2.82197		
04:57:14	2000	3000	3333	9955	3513	0.99100	1.13913	2.91132		
04:57:24	2000	3000	3333	9955	3512	0.99100	1.13907	2.94023		
04:57:34	2000	3000	3333	9955	3513	0.99100	1.13910	2.95890		
04:57:45	2000	3000	3333	9955	3512	0.99100	1.13910	2.97156		
04:57:55	2000	3000	3333	9955	3512	0.99100	1.13910	2.97156		
04:58:05	2000	3000	3333	9955	3511	0.99100	1.13908	2.95817		
04:58:15	2000	3000	3333	9955	3511	0.99100	1.13914	2.93762		
04:58:25	2000	3000	3333	9955	3512	0.99100	1.13913	2.92753		
04:58:36	2000	3000	3333	9955	3511	0.99100	1.13912	2.91401		
04:58:46	2000	3000	3333	9955	3512	0.99100	1.13910	2.92842		
04:58:56	2000	3000	3333	9955	3512	0.99100	1.13910	2.92842		
04:59:06	2000	3000	3333	9955	3515	0.99100	1.13904	2.95352		
04:59:16	2000	3000	3333	9955	3517	0.99100	1.13909	2.96603		
04:59:26	2000	3000	3333	9955	3519	0.99100	1.13924	2.96519		
04:59:36	2000	3000	3333	9955	3521	0.99100	1.13926	2.85289		
04:59:46	2000	3000	3333	9955	3523	0.99100	1.13926	2.84706		
04:59:56	2000	3000	3333	9955	3523	0.99100	1.13926	2.84706		
05:00:07	2000	3000	3333	9955	3525	0.99100	1.13924	2.73973		
05:00:17	2000	3000	3333	9955	3525	0.99100	1.13924	2.74610		
05:00:27	2000	3000	3333	9955	3525	0.99100	1.13918	2.74118		
05:00:37	2000	3000	3333	9955	3526	0.99100	1.13915	2.73658		
05:00:47	2000	3000	3333	9955	3528	0.99100	1.13912	2.75462		
05:00:58	2000	3000	3333	9955	3530	0.99100	1.13909	2.74734		
05:01:08	2000	3000	3333	9955	3531	0.99100	1.13911	2.74038		
05:01:18	2000	3000	3333	9955	3532	0.99100	1.13907	2.71679		
05:01:28	2000	3000	3333	9955	3533	0.99100	1.13913	2.73691		
05:01:38	2000	3000	3333	9955	3534	0.99100	1.13909	2.73048		
05:01:48	2000	3000	3333	9955	3534	0.99100	1.13908	2.73661		
05:01:59	2000	3000	3333	9955	3533	0.99100	1.13911	2.73123		
05:02:09	2000	3000	3333	9955	3533	0.99100	1.13905	2.74265		
05:02:19	2000	3000	3333	9955	3532	0.99100	1.13907	2.72134		
05:02:29	2000	3000	3333	9955	3531	0.99100	1.13899	2.72984		
05:02:39	2000	3000	3333	9955	3529	0.99100	1.13897	2.75278		
05:02:50	2000	3000	3333	9955	3527	0.99100	1.13897	2.74886		
05:03:00	2000	3000	3333	9955	3524	0.99100	1.13895	2.72132		
05:03:10	2000	3000	3333	9955	3522	0.99100	1.13895	2.70971		
05:03:20	2000	3000	3333	9955	3520	0.99100	1.13894	2.76390		
05:03:30	2000	3000	3333	9955	3521	0.99100	1.13898	2.79847		
05:03:40	2000	3000	3333	9955	3521	0.99100	1.13898	2.79847		
05:03:51	2000	3000	3333	9955	3523	0.99100	1.13902	2.75302		
05:04:01	2000	3000	3333	9955	3525	0.99100	1.13894	2.75144		
05:04:11	2000	3000	3333	9955	3528	0.99100	1.13894	2.73827		
05:04:21	2000	3000	3333	9955	3530	0.99100	1.13897	2.76719		
05:04:31	2000	3000	3333	9955	3532	0.99100	1.13896	2.77158		
05:04:42	2000	3000	3333	9955	3534	0.99100	1.13895	2.77127		
05:04:52	2000	3000	3333	9955	3535	0.99100	1.13897	2.76963		
05:05:02	2000	3000	3333	9955	3536	0.99100	1.13901	2.73919		
05:05:12	2000	3000	3333	9955	3536	0.99100	1.13903	2.72888		
05:05:22	2000	3000	3333	9955	3535	0.99100	1.13899	2.78376		
05:05:32	2000	3000	3333	9955	3534	0.99100	1.13898	2.75771		
05:05:43	2000	3000	3333	9955	3532	0.99100	1.13896	2.75410		
05:05:53	2000	3000	3333	9955	3530	0.99100	1.13899	2.75766		
05:06:03	2000	3000	3333	9955	3527	0.99100	1.13907	2.81328		
05:06:13	2000	3000	3333	9955	3526	0.99100	1.13912	2.86295		
05:06:23	2000	3000	3333	9955	3524	0.99100	1.13917	2.87185		
05:06:34	2000	3000	3333	9955	3522	0.99100	1.13918	2.79179		
05:06:44	2000	3000	3333	9955	3518	0.99100	1.13917	2.81935		
05:06:54	2000	3000	3333	9955	3516	0.99100	1.13915	2.78159		
05:07:04	2000	3000	3333	9955	3512	0.99100	1.13912	2.78043		
05:07:14	2000	3000	3333	9955	3507	0.99100	1.13916	2.79863		
05:07:24	2000	3000	3333	9955	3502	0.99100	1.13912	2.82131		
05:07:35	2000	3000	3333	9955	3497	0.99100	1.13915	2.83949		
05:07:45	2000	3000	3333	9955	3492	0.99100	1.13910	2.80381		
05:07:55	2000	3000	3333	9955	3487	0.99100	1.13912	2.83900		
05:08:05	2000	3000	3333	9955	3484	0.99100	1.13909	2.80397		
05:08:15	2000	3000	3333	9955	3480	0.99100	1.13909	2.82481		
05:08:26	2000	3000	3333	9955	3479	0.99100	1.13907	2.76870		
05:08:36	2000	3000	3333	9955	3477	0.99100	1.13908	2.79616		
05:08:46	2000	3000	3333	9955	3477	0.99100	1.13908	2.79616		
05:08:56	2000	3000	3333	9955	3473	0.99100	1.13903	2.75341		
05:09:06	2000	3000	3333	9955	3471	0.99100	1.13897	2.77828		
05:09:17	2000	3000	3333	9955	3469	0.99100	1.13899	2.75685		
05:09:27	2000	3000	3333	9955	3467	0.99100	1.13895	2.77855		
05:09:37	2000	3000	3333	9955	3466	0.99100	1.13892	2.74866		
05:09:47	2000	3000	3333	9955	3464	0.99100	1.13893	2.75555		
05:09:57	2000	3000	3333	9955	3463	0.99100	1.13890	2.73054		
05:10:07	2000	3000	3333	9955	3463	0.99100	1.13891	2.75744		
05:10:17	2000	3000	3333	9955	3463	0.99100	1.13897	2.75149		
05:10:27	2000	3000	3333	9955	3464	0.99100	1.13895	2.74917		
05:10:37	2000	3000	3333	9955	3466	0.99100	1.13903	2.85066		
05:10:48	2000	3000	3333	9955	3467	0.99100	1.13898	2.84719		
05:10:58	2000	3000	3333	9955	3468	0.99100	1.13907	2.69830		
05:11:08	2000	3000	3333	9955	3468	0.99100	1.13907	2.69830		
05:11:18	2000	3000	3333	9955	3471	0.99100	1.13908	2.79188		
05:11:28	2000	3000	3333	9955	3473	0.99100	1.13910	2.72572		
05:11:39	2000	3000	3333	9955	3473	0.99100	1.13910	2.72572		
05:11:49	2000	3000	3333	9955	3476	0.99100	1.13906	2.75916		
05:11:59	2000	3000	3333	9955	3477	0.99100	1.13909	2.69205		
05:12:09	2000	3000	3333	9955	3477	0.99100	1.13903	2.71474		
05:12:19	2000	3000	3333	9955	3476	0.99100	1.13907	2.71360		
05:12:29	2000	3000	3333	3358	3476	0.97356	1.13905	2.48413		
05:12:40	2000	3000	3333	3358	3476	0.97356	1.13905	2.48413		
05:12:50	2000	3000	3333	9955	3478	0.99100	1.13909	2.75823		
05:13:00	2000	3000	3333	9955	3480	0.99100	1.13915	2.80291		
05:13:10	2000	3000	3333	9955	3482	0.99100	1.13919	2.73354		
05:13:20	2000	3000	3333	9955	3484	0.99100	1.13918	2.71228		
05:13:31	2000	3000	3333	9955	3487	0.99100	1.13920	2.72238		
05:13:41	2000	3000	3333	9955	3491	0.99100	1.13913	2.77536		
05:13:51	2000	3000	3333	9955	3497	0.99100	1.13915	2.74011		
05:14:01	2000	3000	3333	9955	3501	0.99100	1.13913	2.73523		
05:14:11	2000	3000	3333	9955	3506	0.99100	1.13914	2.72502		
05:14:22	2000	3000	3333	9955	3511	0.99100	1.13913	2.74870		
05:14:32	2000	3000	3333	9955	3518	0.99100	1.13914	2.72631		
05:14:42	2000	3000	3333	9955	3524	0.99100	1.13906	2.69679		
05:14:52	2000	3000	3333	9955	3532	0.99100	1.13902	2.71449		
05:15:02	2000	3000	3333	9955	3539	0.99100	1.13897	2.74788		
05:15:12	2000	3000	3333	9955	3546	0.99100	1.13898	2.70016		
05:15:23	2000	3000	3333	9955	3552	0.99100	1.13904	2.69933		
05:15:33	2000	3000	3333	9955	3558	0.99100	1.13902	2.68987		
05:15:43	2000	3000	3333	9955	3563	0.99100	1.13909	2.66077		
05:15:53	2000	3000	3333	9955	3567	0.99100	1.13907	2.68770		
05:16:03	2000	3000	3333	9955	3570	0.99100	1.13900	2.69707		
05:16:14	2000	3000	3333	9955	3572	0.99100	1.13901	2.67232		
05:16:24	2000	3000	3333	9955	3573	0.99100	1.13900	2.65346		
05:16:34	2000	3000	3333	9955	3574	0.99100	1.13894	2.65301		
05:16:44	2000	3000	3333	9955	3573	0.99100	1.13895	2.67964		
05:16:54	2000	3000	3333	9955	3572	0.99100	1.13895	2.65944		
05:17:04	2000	3000	3333	9955	3569	0.99100	1.13891	2.66898		
05:17:14	2000	3000	3333	9955	3565	0.99100	1.13890	2.70920		
05:17:25	2000	3000	3333	9955	3555	0.99100	1.13892	2.66792		
05:17:35	2000	3000	3333	9955	3549	0.99100	1.13885	2.66157		
05:17:45	2000	3000	3333	9955	3545	0.99100	1.13885	2.67951		
05:17:55	2000	3000	3333	9955	3540	0.99100	1.13890	2.66603		
05:18:05	2000	3000	3333	9955	3536	0.99100	1.13889	2.67352		
05:18:16	2000	3000	3333	9955	3532	0.99100	1.13885	2.65454		
05:18:26	2000	3000	3333	9955	3529	0.99100	1.13888	2.64834		
05:18:36	2000	3000	3333	9955	3529	0.99100	1.13888	2.64834		
05:18:46	2000	3000	3333	9955	3523	0.99100	1.13891	2.67411		
05:18:56	2000	3000	3333	9955	3522	0.99100	1.13896	2.69279		
05:19:07	2000	3000	3333	9955	3522	0.99100	1.13896	2.69279		
05:19:17	2000	3000	3333	9955	3522	0.99100	1.13896	2.69279		
05:19:27	2000	3000	3333	9955	3521	0.99100	1.13899	2.87095		
05:19:37	2000	3000	3333	9955	3523	0.99100	1.13903	2.87960		
05:19:47	2000	3000	3333	9955	3526	0.99100	1.13901	2.76479		
05:19:57	2000	3000	3333	9955	3529	0.99100	1.13908	2.78061		
05:20:08	2000	3000	3333	9955	3529	0.99100	1.13908	2.78061		
05:20:18	2000	3000	3333	9955	3529	0.99100	1.13908	2.78061		
05:20:38	2000	3000	3333	9955	3546	0.99100	1.13923	2.76523		
05:20:48	2000	3000	3333	9955	3547	0.99100	1.13924	2.78296		
05:20:59	2000	3000	3333	9955	3548	0.99100	1.13921	2.76268		
05:21:09	2000	3000	3333	9955	3548	0.99100	1.13915	2.78934		
05:21:19	2000	3000	3333	9955	3548	0.99100	1.13917	2.73168		
05:21:29	2000	3000	3333	9955	3548	0.99100	1.13917	2.73168		
05:21:39	2000	3000	3333	9955	3548	0.99100	1.13917	2.73168		
05:21:49	2000	3000	3333	9955	3540	0.99100	1.13906	2.72115		
05:21:59	2000	3000	3333	9955	3539	0.99100	1.13904	2.79277		
05:22:10	2000	3000	3333	9955	3539	0.99100	1.13905	2.82121		
05:22:20	2000	3000	3333	9955	3538	0.99100	1.13908	2.81303		
05:22:30	2000	3000	3333	9955	3536	0.99100	1.13911	2.76857		
05:22:40	2000	3000	3333	9955	3536	0.99100	1.13906	2.76790		
05:22:50	2000	3000	3333	9955	3536	0.99100	1.13906	2.76790		
05:23:00	2000	3000	3333	9955	3536	0.99100	1.13906	2.76790		
05:23:11	2000	3000	3333	9955	3534	0.99100	1.13906	2.94390		
05:23:21	2000	3000	3333	9955	3535	0.99100	1.13906	2.94994		
05:23:31	2000	3000	3333	9955	3535	0.99100	1.13904	2.92387		
05:23:41	2000	3000	3333	9955	3535	0.99100	1.13903	2.91245		
05:23:51	2000	3000	3333	9955	3535	0.99100	1.13908	2.91199		
05:24:02	2000	3000	3333	9955	3535	0.99100	1.13908	2.91199		
05:24:12	2000	3000	3333	9955	3537	0.99100	1.13908	2.93518		
05:24:22	2000	3000	3333	9955	3538	0.99100	1.13905	2.93282		
05:24:32	2000	3000	3333	9955	3540	0.99100	1.13906	2.92336		
05:24:42	2000	3000	3333	9955	3541	0.99100	1.13906	2.91984		
05:24:53	2000	3000	3333	9955	3542	0.99100	1.13903	2.92540		
05:25:03	2000	3000	3333	9955	3544	0.99100	1.13904	2.92551		
05:25:13	2000	3000	3333	9955	3546	0.99100	1.13902	2.82514		
05:25:23	2000	3000	3333	9955	3547	0.99100	1.13900	2.80559		
05:25:33	2000	3000	3333	9955	3546	0.99100	1.13899	2.78048		
05:25:43	2000	3000	3333	9955	3545	0.99100	1.13902	2.78967		
05:25:54	2000	3000	3333	9955	3544	0.99100	1.13905	2.80770		
05:26:04	2000	3000	3333	9955	3541	0.99100	1.13901	2.83793		
05:26:14	2000	3000	3333	9955	3541	0.99100	1.13913	2.88490		
05:26:24	2000	3000	3333	9955	3542	0.99100	1.13918	2.82354		
05:26:34	2000	3000	3333	9955	3542	0.99100	1.13914	2.80174		
05:26:45	2000	3000	3333	9955	3543	0.99100	1.13916	2.88504		
05:26:55	2000	3000	3333	9955	3543	0.99100	1.13915	2.83806		
05:27:05	2000	3000	3333	9955	3543	0.99100	1.13915	2.84091		
05:27:15	2000	3000	3333	9955	3544	0.99100	1.13914	2.89324		
05:27:25	2000	3000	3333	9955	3544	0.99100	1.13915	2.82580		
05:27:35	2000	3000	3333	9955	3544	0.99100	1.13915	2.82468		
05:27:45	2000	3000	3333	9955	3542	0.99100	1.13914	2.81710		
05:27:56	2000	3000	3333	9955	3541	0.99100	1.13918	2.86235		
05:28:06	2000	3000	3333	9955	3540	0.99100	1.13918	2.85003		
05:28:16	2000	3000	3333	9955	3538	0.99100	1.13916	2.83607		
05:28:26	2000	3000	3333	9955	3535	0.99100	1.13914	2.83852		
05:28:36	2000	3000	3333	9955	3531	0.99100	1.13911	2.83516		
05:28:47	2000	3000	3333	9955	3526	0.99100	1.13915	2.82971		
05:28:57	2000	3000	3333	9955	3526	0.99100	1.13915	2.82971		
05:29:07	2000	3000	3333	9955	3523	0.99100	1.13919	2.81073		
05:29:17	2000	3000	3333	9955	3523	0.99100	1.13925	2.80674		
05:29:27	2000	3000	3333	9955	3522	0.99100	1.13924	2.81637		
05:29:38	2000	3000	3333	9955	3522	0.99100	1.13926	2.81888		
05:29:48	2000	3000	3333	9955	3521	0.99100	1.13928	2.82043		
05:29:58	2000	3000	3333	9955	3520	0.99100	1.13925	2.84702		
05:30:08	2000	3000	3333	9955	3519	0.99100	1.13926	2.83912		
05:30:18	2000	3000	3333	9955	3520	0.99100	1.13923	2.95008		
05:30:28	2000	3000	3333	9955	3520	0.99100	1.13922	2.94134		
05:30:39	2000	3000	3333	9955	3520	0.99100	1.13921	2.93268		
05:30:49	2000	3000	3333	9955	3517	0.99100	1.13918	2.93221		
05:30:59	2000	3000	3333	9955	3516	0.99100	1.13920	2.91879		
05:31:09	2000	3000	3333	9955	3514	0.99100	1.13918	2.92908		
05:31:19	2000	3000	3333	9955	3511	0.99100	1.13917	2.93171		
05:31:30	2000	3000	3333	9955	3508	0.99100	1.13921	2.92309		
05:31:40	2000	3000	3333	9955	3505	0.99100	1.13918	2.94735		
05:31:50	2000	3000	3333	9955	3503	0.99100	1.13918	2.91833		
05:32:00	2000	3000	3333	9955	3500	0.99100	1.13916	2.91691		
05:32:10	2000	3000	3333	9955	3498	0.99100	1.13923	2.94055		
05:32:21	2000	3000	3333	9955	3498	0.99100	1.13919	2.89386		
05:32:31	2000	3000	3333	9955	3496	0.99100	1.13916	2.88144		
05:32:41	2000	3000	3333	9955	3496	0.99100	1.13916	2.88144		
05:32:51	2000	3000	3333	9955	3496	0.99100	1.13916	2.88144		
08:18:41	2000	3000	3333	9955	2974	0.99100	1.14346	2.59015		
08:18:52	2000	3000	3333	9955	2972	0.99100	1.14346	2.58287		
08:19:02	2000	3000	3333	9955	2971	0.99100	1.14341	2.57069		
08:19:12	2000	3000	3333	9955	2970	0.99100	1.14347	2.56322		
08:19:22	2000	3000	3333	9955	2969	0.99100	1.14347	2.56548		
08:19:32	2000	3000	3333	9955	2968	0.99100	1.14348	2.56510		
08:19:43	2000	3000	3333	9955	2968	0.99100	1.14353	2.56396		
08:19:53	2000	3000	3333	9955	2967	0.99100	1.14353	2.56186		
08:20:03	2000	3000	3333	9955	2967	0.99100	1.14358	2.57028		
08:20:13	2000	3000	3333	9955	2967	0.99100	1.14360	2.56635		
08:20:23	2000	3000	3333	9955	2967	0.99100	1.14360	2.56635		
08:20:33	2000	3000	3333	9955	2966	0.99100	1.14372	2.56975		
08:20:44	2000	3000	3333	9955	2966	0.99100	1.14372	2.56975		
08:20:54	2000	3000	3333	9955	2967	0.99100	1.14378	2.56288		
08:21:04	2000	3000	3333	9955	2967	0.99100	1.14382	2.57095		
08:21:14	2000	3000	3333	9955	2968	0.99100	1.14382	2.55974		
08:21:24	2000	3000	3333	9955	2969	0.99100	1.14382	2.55652		
08:21:34	2000	3000	3333	9955	2970	0.99100	1.14385	2.56366		
08:21:45	2000	3000	3333	9955	2971	0.99100	1.14389	2.57599		
08:21:55	2000	3000	3333	9955	2973	0.99100	1.14387	2.56749		
08:22:05	2000	3000	3333	9955	2974	0.99100	1.14388	2.55763		
08:22:15	2000	3000	3333	9955	2975	0.99100	1.14390	2.56012		
08:22:25	2000	3000	3333	9955	2977	0.99100	1.14390	2.56122		
08:22:36	2000	3000	3333	9955	2979	0.99100	1.14393	2.56744		
08:22:46	2000	3000	3333	9955	2981	0.99100	1.14391	2.56620		
08:22:56	2000	3000	3333	9955	2982	0.99100	1.14386	2.55542		
08:23:06	2000	3000	3333	9955	2984	0.99100	1.14387	2.56420		
08:23:16	2000	3000	3333	9955	2985	0.99100	1.14388	2.56613		
08:23:27	2000	3000	3333	9955	2985	0.99100	1.14388	2.56613		
08:23:37	2000	3000	3333	9955	2985	0.99100	1.14388	2.56613		
08:23:47	2000	3000	3333	9955	2989	0.99100	1.14385	2.56378		
08:23:57	2000	3000	3333	9955	2990	0.99100	1.14385	2.56172		
08:24:07	2000	3000	3333	9955	2990	0.99100	1.14381	2.57813		
08:24:17	2000	3000	3333	9955	2989	0.99100	1.14383	2.57734		
08:24:28	2000	3000	3333	9955	2989	0.99100	1.14379	2.67834		
08:24:38	2000	3000	3333	9955	2989	0.99100	1.14377	2.65324		
08:24:48	2000	3000	3333	9955	2987	0.99100	1.14372	2.64109		
08:24:58	2000	3000	3333	9955	2986	0.99100	1.14381	2.63679		
08:25:08	2000	3000	3333	9955	2985	0.99100	1.14379	2.63862		
08:25:18	2000	3000	3333	9955	2984	0.99100	1.14380	2.65227		
08:25:28	2000	3000	3333	9955	2983	0.99100	1.14379	2.65056		
08:25:39	2000	3000	3333	9955	2982	0.99100	1.14378	2.64373		
08:25:49	2000	3000	3333	9955	2982	0.99100	1.14378	2.64373		
08:25:59	2000	3000	3333	9955	2980	0.99100	1.14384	2.65835		
08:26:09	2000	3000	3333	9955	2979	0.99100	1.14378	2.65062		
08:26:19	2000	3000	3333	9955	2978	0.99100	1.14373	2.65501		
08:26:29	2000	3000	3333	9955	2978	0.99100	1.14373	2.65501		
08:26:40	2000	3000	3333	9955	2976	0.99100	1.14374	2.63248		
08:26:50	2000	3000	3333	9955	2976	0.99100	1.14374	2.63248		
08:27:10	2000	3000	3333	9955	2973	0.99100	1.14378	2.63914		
08:27:20	2000	3000	3333	9955	2971	0.99100	1.14384	2.62989		
08:27:31	2000	3000	3333	9955	2970	0.99100	1.14384	2.62724		
08:27:41	2000	3000	3333	9955	2970	0.99100	1.14384	2.62724		
08:27:51	2000	3000	3333	9955	2966	0.99100	1.14375	2.65221		
08:28:01	2000	3000	3333	9955	2965	0.99100	1.14376	2.65815		
08:28:11	2000	3000	3333	9955	2964	0.99100	1.14379	2.66783		
08:28:21	2000	3000	3333	9955	2962	0.99100	1.14374	2.67818		
08:28:32	2000	3000	3333	9955	2961	0.99100	1.14372	2.67307		
08:28:42	2000	3000	3333	9955	2959	0.99100	1.14367	2.64615		
08:28:52	2000	3000	3333	9955	2959	0.99100	1.14367	2.64615		
08:29:02	2000	3000	3333	9955	2956	0.99100	1.14372	2.65030		
08:29:12	2000	3000	3333	9955	2953	0.99100	1.14374	2.64455		
08:29:23	2000	3000	3333	9955	2951	0.99100	1.14374	2.64689		
08:29:33	2000	3000	3333	9955	2949	0.99100	1.14372	2.65194		
08:29:43	2000	3000	3333	9955	2946	0.99100	1.14371	2.63468		
08:29:53	2000	3000	3333	9955	2944	0.99100	1.14368	2.67275		
08:30:03	2000	3000	3333	9955	2941	0.99100	1.14366	2.64926		
08:30:14	2000	3000	3333	9955	2941	0.99100	1.14366	2.64926		
08:30:24	2000	3000	3333	9955	2937	0.99100	1.14367	2.65278		
08:30:34	2000	3000	3333	9955	2936	0.99100	1.14366	2.64101		
08:30:44	2000	3000	3333	9955	2934	0.99100	1.14368	2.64318		
08:30:54	2000	3000	3333	9955	2934	0.99100	1.14368	2.64318		
08:31:04	2000	3000	3333	9955	2931	0.99100	1.14377	2.64453		
08:31:15	2000	3000	3333	9955	2930	0.99100	1.14376	2.63473		
08:31:25	2000	3000	3333	9955	2929	0.99100	1.14373	2.65712		
08:31:35	2000	3000	3333	9955	2929	0.99100	1.14373	2.65712		
08:31:45	2000	3000	3333	9955	2929	0.99100	1.14363	2.64917		
08:31:55	2000	3000	3333	9955	2929	0.99100	1.14359	2.66470		
08:32:05	2000	3000	3333	9955	2929	0.99100	1.14358	2.64829		
08:32:16	2000	3000	3333	9955	2930	0.99100	1.14350	2.66980		
08:32:26	2000	3000	3333	9955	2931	0.99100	1.14347	2.65736		
08:32:36	2000	3000	3333	9955	2932	0.99100	1.14345	2.65904		
08:32:46	2000	3000	3333	9955	2934	0.99100	1.14347	2.68378		
08:32:56	2000	3000	3333	9955	2934	0.99100	1.14347	2.68378		
08:33:07	2000	3000	3333	9955	2937	0.99100	1.14348	2.65983		
08:33:17	2000	3000	3333	9955	2937	0.99100	1.14344	2.65105		
08:33:27	2000	3000	3333	9955	2937	0.99100	1.14346	2.63952		
08:33:37	2000	3000	3333	9955	2936	0.99100	1.14346	2.64183		
08:33:47	2000	3000	3333	9955	2935	0.99100	1.14348	2.64335		
08:33:57	2000	3000	3333	9955	2934	0.99100	1.14350	2.64680		
08:34:08	2000	3000	3333	9955	2933	0.99100	1.14350	2.64078		
08:34:18	2000	3000	3333	9955	2932	0.99100	1.14349	2.65748		
08:34:28	2000	3000	3333	9955	2932	0.99100	1.14349	2.65748		
08:34:38	2000	3000	3333	9955	2930	0.99100	1.14347	2.65334		
08:34:48	2000	3000	3333	9955	2929	0.99100	1.14346	2.65864		
08:34:59	2000	3000	3333	9955	2928	0.99100	1.14347	2.65155		
08:35:09	2000	3000	3333	9955	2928	0.99100	1.14347	2.65155		
08:35:19	2000	3000	3333	9955	2926	0.99100	1.14347	2.64115		
08:35:29	2000	3000	3333	9955	2925	0.99100	1.14348	2.64111		
08:35:39	2000	3000	3333	9955	2923	0.99100	1.14347	2.62930		
08:35:49	2000	3000	3333	9955	2922	0.99100	1.14352	2.64000		
08:36:00	2000	3000	3333	9955	2920	0.99100	1.14362	2.64313		
08:36:10	2000	3000	3333	9955	2919	0.99100	1.14366	2.64536		
08:36:20	2000	3000	3333	9955	2919	0.99100	1.14366	2.64536		
08:36:30	2000	3000	3333	9955	2916	0.99100	1.14373	2.65154		
08:36:40	2000	3000	3333	9955	2914	0.99100	1.14374	2.64932		
08:36:50	2000	3000	3333	9955	2913	0.99100	1.14379	2.66016		
08:37:00	2000	3000	3333	9955	2912	0.99100	1.14380	2.64955		
08:37:10	2000	3000	3333	9955	2911	0.99100	1.14383	2.64669		
08:37:20	2000	3000	3333	9955	2910	0.99100	1.14382	2.64785		
08:37:30	2000	3000	3333	9955	2910	0.99100	1.14379	2.64110		
08:37:40	2000	3000	3333	9955	2909	0.99100	1.14381	2.64049		
08:37:50	2000	3000	3333	9955	2909	0.99100	1.14381	2.62964		
08:38:01	2000	3000	3333	9955	2908	0.99100	1.14383	2.63068		
08:38:11	2000	3000	3333	9955	2908	0.99100	1.14378	2.62589		
08:38:21	2000	3000	3333	9955	2907	0.99100	1.14379	2.62677		
08:38:31	2000	3000	3333	9955	2907	0.99100	1.14379	2.62677		
08:38:41	2000	3000	3333	9955	2906	0.99100	1.14374	2.65566		
08:38:52	2000	3000	3333	9955	2904	0.99100	1.14371	2.64194		
08:39:02	2000	3000	3333	9955	2903	0.99100	1.14364	2.63943		
08:39:12	2000	3000	3333	9955	2902	0.99100	1.14365	2.63171		
08:39:22	2000	3000	3333	9955	2901	0.99100	1.14366	2.63040		
08:39:32	2000	3000	3333	9955	2899	0.99100	1.14364	2.64219		
08:39:42	2000	3000	3333	9955	2899	0.99100	1.14364	2.64219		
08:39:53	2000	3000	3333	9955	2895	0.99100	1.14363	2.63213		
08:40:03	2000	3000	3333	9955	2893	0.99100	1.14360	2.63371		
08:40:13	2000	3000	3333	9955	2892	0.99100	1.14362	2.64029		
08:40:23	2000	3000	3333	9955	2892	0.99100	1.14362	2.64029		
08:40:33	2000	3000	3333	9955	2890	0.99100	1.14357	2.63014		
08:40:44	2000	3000	3333	9955	2890	0.99100	1.14357	2.63014		
08:40:54	2000	3000	3333	9955	2888	0.99100	1.14355	2.54698		
08:41:04	2000	3000	3333	3670	2888	0.97578	1.14355	2.50019		
08:41:14	2000	3000	3333	3480	2888	0.97447	1.14354	2.49648		
08:41:24	2000	3000	3333	5252	2887	0.98301	1.14359	2.52064		
08:41:35	2000	3000	3333	4356	2887	0.97955	1.14355	2.51082		
08:41:45	2000	3000	3333	3596	2886	0.97529	1.14355	2.49881		
08:41:55	2000	3000	3333	3596	2886	0.97529	1.14355	2.49881		
08:42:05	2000	3000	3333	5163	2885	0.98272	1.14352	2.51967		
08:42:15	2000	3000	3333	4281	2884	0.97920	1.14355	2.50982		
08:42:25	2000	3000	3333	3411	2883	0.97396	1.14355	2.49508		
08:42:36	2000	3000	3333	3129	2882	0.97165	1.14351	2.48849		
08:42:46	2000	3000	3333	3129	2882	0.97165	1.14351	2.48849		
08:42:56	2000	3000	3333	3585	2879	0.97521	1.14359	2.49868		
08:43:06	2000	3000	3333	4282	2878	0.97920	1.14362	2.50998		
08:43:16	2000	3000	3333	4282	2878	0.97920	1.14362	2.50998		
08:43:26	2000	3000	3333	3933	2875	0.97738	1.14358	2.50476		
08:43:37	2000	3000	3333	3582	2873	0.97519	1.14362	2.49869		
08:43:47	2000	3000	3333	3426	2871	0.97407	1.14363	2.49556		
08:43:57	2000	3000	3333	4230	2869	0.97895	1.14362	2.50927		
08:44:07	2000	3000	3333	3184	2867	0.97213	1.14361	2.49006		
08:44:17	2000	3000	3333	2460	2866	0.96408	1.14358	2.46732		
08:44:27	2000	3000	3333	3239	2861	0.97259	1.14361	2.49136		
08:44:38	2000	3000	3216	2760	2860	0.96791	1.14359	2.47814		
08:44:48	2000	3000	3105	2760	2860	0.96791	1.14359	2.47814		
08:44:58	2000	2800	2860	2760	2860	0.96791	1.14359	2.47814		
08:45:08	2000	2800	2834	3027	2855	0.97070	1.14357	2.48595		
08:45:18	2000	2900	2928	3027	2855	0.97070	1.14357	2.48595		
08:45:29	2000	2900	2939	3304	2852	0.97313	1.14353	2.49269		
08:45:39	2000	2900	2950	2822	2850	0.96861	1.14361	2.48014		
08:45:49	2000	2900	2960	2822	2850	0.96861	1.14361	2.48014		
08:45:59	2000	3000	3333	6011	2846	0.98514	1.14367	2.52681		
08:46:09	2000	3000	3333	9955	2844	0.99100	1.14366	2.55307		
08:46:19	2000	3000	3333	8147	2843	0.98901	1.14365	2.53767		
08:46:30	2000	3000	3333	5325	2841	0.98324	1.14370	2.52153		
08:46:40	2000	3000	3333	7233	2839	0.98763	1.14371	2.53392		
08:46:50	2000	3000	3333	6923	2838	0.98708	1.14374	2.53244		
08:47:00	2000	3000	3333	6144	2836	0.98546	1.14372	2.52782		
08:47:10	2000	3000	3333	6068	2835	0.98528	1.14373	2.52733		
08:47:21	2000	3000	3333	4205	2833	0.97882	1.14374	2.50918		
08:47:31	2000	3000	3333	4596	2831	0.98061	1.14374	2.51421		
08:47:41	2000	3000	3333	5296	2830	0.98315	1.14376	2.52141		
08:47:51	2000	3000	3333	5590	2829	0.98403	1.14375	2.52386		
08:48:01	2000	3000	3333	4447	2828	0.97997	1.14378	2.51249		
08:48:11	2000	3000	3333	4936	2827	0.98193	1.14381	2.51809		
08:48:22	2000	3000	3333	6158	2826	0.98549	1.14387	2.52824		
08:48:32	2000	3000	3333	5111	2825	0.98255	1.14387	2.51995		
08:48:42	2000	3000	3333	4818	2824	0.98150	1.14387	2.51699		
08:48:52	2000	3000	3333	3956	2823	0.97751	1.14394	2.50591		
08:49:02	2000	3000	3333	5109	2822	0.98254	1.14394	2.52008		
08:49:12	2000	3000	3333	3032	2821	0.97075	1.14392	2.48686		
08:49:22	2000	3000	3333	3032	2821	0.97075	1.14392	2.48686		
08:49:32	2000	3000	3333	4711	2821	0.98108	1.14392	2.51592		
08:49:42	2000	3000	3333	4387	2821	0.97969	1.14398	2.51216		
08:49:52	2000	3000	3333	3887	2821	0.97711	1.14399	2.50492		
08:50:03	2000	3000	3333	3341	2820	0.97342	1.14397	2.49448		
08:50:13	2000	3000	3333	3341	2820	0.97342	1.14397	2.49448		
08:50:23	2000	3000	3333	5332	2820	0.98326	1.14398	2.52221		
08:50:33	2000	3000	3333	6066	2820	0.98527	1.14399	2.52789		
08:50:43	2000	3000	3333	9955	2820	0.99100	1.14398	2.56294		
08:50:53	2000	3000	3333	9955	2820	0.99100	1.14394	2.55032		
08:51:04	2000	3000	3333	9955	2820	0.99100	1.14395	2.54498		
08:51:14	2000	3000	3333	9955	2820	0.99100	1.14393	2.55978		
08:51:24	2000	3000	3333	9955	2820	0.99100	1.14390	2.55501		
08:51:34	2000	3000	3333	7686	2820	0.98836	1.14386	2.53629		
08:51:44	2000	3000	3333	9288	2820	0.99036	1.14392	2.54205		
08:51:55	2000	3000	3333	9035	2820	0.99009	1.14394	2.54134		
08:52:05	2000	3000	3333	9955	2820	0.99100	1.14392	2.55824		
08:52:15	2000	3000	3333	7099	2820	0.98740	1.14392	2.53373		
08:52:25	2000	3000	3333	8680	2820	0.98968	1.14397	2.54027		
08:52:35	2000	3000	3333	6545	2820	0.98634	1.14391	2.53073		
08:52:46	2000	3000	3333	8043	2820	0.98887	1.14395	2.53794		
08:52:56	2000	3000	3333	9955	2820	0.99100	1.14390	2.56338		
08:53:06	2000	3000	3333	9955	2820	0.99100	1.14388	2.54657		
08:53:16	2000	3000	3333	8154	2820	0.98902	1.14389	2.53823		
08:53:26	2000	3000	3333	6553	2819	0.98636	1.14388	2.53071		
08:53:36	2000	3000	3333	6945	2819	0.98713	1.14391	2.53293		
08:53:47	2000	3000	3333	6526	2818	0.98630	1.14396	2.53073		
08:53:57	2000	3000	3333	6526	2818	0.98630	1.14396	2.53073		
08:54:17	2000	3000	3333	7047	2816	0.98731	1.14400	2.53365		
08:54:27	2000	3000	3333	8253	2815	0.98915	1.14403	2.53891		
08:54:38	2000	3000	3333	9955	2813	0.99100	1.14401	2.54703		
08:54:48	2000	3000	3333	9955	2813	0.99100	1.14395	2.57744		
08:54:58	2000	3000	3333	9955	2812	0.99100	1.14397	2.64029		
08:55:08	2000	3000	3333	9955	2811	0.99100	1.14401	2.63234		
08:55:18	2000	3000	3333	9955	2810	0.99100	1.14399	2.62810		
08:55:28	2000	3000	3333	9955	2808	0.99100	1.14397	2.62102		
08:55:39	2000	3000	3333	9955	2807	0.99100	1.14403	2.62333		
08:55:49	2000	3000	3333	9955	2806	0.99100	1.14405	2.62421		
08:55:59	2000	3000	3333	9955	2804	0.99100	1.14403	2.62408		
08:56:09	2000	3000	3333	9955	2801	0.99100	1.14408	2.62113		
08:56:19	2000	3000	3333	9955	2799	0.99100	1.14410	2.63032		
08:56:30	2000	3000	3333	9955	2797	0.99100	1.14408	2.63424		
08:56:40	2000	3000	3333	9955	2795	0.99100	1.14408	2.62188		
08:56:50	2000	3000	3333	9955	2793	0.99100	1.14410	2.62788		
08:57:00	2000	3000	3333	9955	2792	0.99100	1.14410	2.63164		
08:57:10	2000	3000	3333	9955	2790	0.99100	1.14409	2.63997		
08:57:20	2000	3000	3333	9955	2788	0.99100	1.14408	2.62522		
08:57:31	2000	3000	3333	9955	2787	0.99100	1.14415	2.63046		
08:57:41	2000	3000	3333	9955	2787	0.99100	1.14415	2.63046		
08:57:51	2000	3000	3333	9955	2783	0.99100	1.14416	2.61550		
08:58:01	2000	3000	3333	9955	2780	0.99100	1.14418	2.62307		
08:58:11	2000	3000	3333	9955	2778	0.99100	1.14422	2.62775		
08:58:22	2000	3000	3333	9955	2777	0.99100	1.14420	2.63644		
08:58:32	2000	3000	3333	9955	2775	0.99100	1.14418	2.62754		
08:58:42	2000	3000	3333	9955	2773	0.99100	1.14414	2.62128		
08:58:52	2000	3000	3333	9955	2772	0.99100	1.14411	2.62818		
08:59:02	2000	3000	3333	9955	2771	0.99100	1.14407	2.62837		
08:59:12	2000	3000	3333	9955	2770	0.99100	1.14407	2.62263		
08:59:23	2000	3000	3333	9955	2768	0.99100	1.14405	2.63984		
08:59:33	2000	3000	3333	9955	2768	0.99100	1.14408	2.62246		
08:59:43	2000	3000	3333	9955	2766	0.99100	1.14405	2.63440		
08:59:53	2000	3000	3333	9955	2765	0.99100	1.14399	2.61414		
09:00:03	2000	3000	3333	9955	2765	0.99100	1.14402	2.62282		
09:00:13	2000	3000	3333	9955	2764	0.99100	1.14400	2.60530		
09:00:23	2000	3000	3333	9955	2763	0.99100	1.14394	2.62070		
09:00:33	2000	3000	3333	9955	2761	0.99100	1.14398	2.62528		
09:00:44	2000	3000	3333	9955	2760	0.99100	1.14399	2.62443		
09:00:54	2000	3000	3333	9955	2759	0.99100	1.14396	2.61255		
09:01:04	2000	3000	3333	5005	2758	0.98218	1.14401	2.51922		
09:01:14	2000	3000	3333	5123	2756	0.98259	1.14402	2.52039		
09:01:24	2000	3000	3333	5180	2756	0.98278	1.14399	2.52086		
09:01:35	2000	3000	3333	5714	2755	0.98437	1.14402	2.52542		
09:01:45	2000	3000	3333	7066	2755	0.98734	1.14403	2.53381		
09:01:55	2000	3000	3333	8965	2754	0.99001	1.14397	2.54119		
09:02:05	2000	3000	3333	9955	2753	0.99100	1.14402	2.55809		
09:02:15	2000	3000	3333	9955	2753	0.99100	1.14398	2.55270		
09:02:26	2000	3000	3333	9688	2752	0.99075	1.14402	2.54339		
09:02:36	2000	3000	3333	9688	2752	0.99075	1.14402	2.54339		
09:02:46	2000	3000	3333	8007	2751	0.98882	1.14405	2.53802		
09:02:56	2000	3000	3333	5525	2751	0.98384	1.14405	2.52400		
09:03:06	2000	3000	3333	6478	2750	0.98620	1.14404	2.53062		
09:03:16	2000	3000	3333	6820	2750	0.98689	1.14402	2.53251		
09:03:27	2000	3000	3333	8068	2750	0.98891	1.14406	2.53828		
09:03:37	2000	3000	3333	6022	2750	0.98517	1.14412	2.52788		
09:03:47	2000	3000	3333	7034	2750	0.98729	1.14416	2.53394		
09:03:57	2000	3000	3333	7430	2749	0.98796	1.14413	2.53577		
09:04:07	2000	3000	3333	6694	2749	0.98664	1.14421	2.53224		
09:04:18	2000	3000	3333	7634	2749	0.98828	1.14422	2.53687		
09:04:28	2000	3000	3333	6422	2749	0.98608	1.14420	2.53064		
09:04:38	2000	3000	3333	5907	2749	0.98488	1.14422	2.52729		
09:04:48	2000	3000	3333	6212	2749	0.98562	1.14427	2.52948		
09:04:58	2000	3000	3333	7452	2749	0.98799	1.14429	2.53622		
09:05:09	2000	3000	3333	9955	2749	0.99100	1.14433	2.54631		
09:05:19	2000	3000	3333	7521	2748	0.98811	1.14437	2.53671		
09:05:29	2000	3000	3333	7521	2748	0.98811	1.14437	2.53671		
09:05:39	2000	3000	3333	6997	2748	0.98722	1.14439	2.53426		
09:05:49	2000	3000	3333	9054	2748	0.99011	1.14436	2.54233		
09:05:59	2000	3000	3333	5515	2748	0.98381	1.14434	2.52455		
09:06:10	2000	3000	3333	5182	2748	0.98278	1.14432	2.52161		
09:06:20	2000	3000	3333	5960	2748	0.98501	1.14432	2.52789		
09:06:30	2000	3000	3333	5142	2748	0.98265	1.14434	2.52128		
09:06:40	2000	3000	3333	5868	2748	0.98478	1.14435	2.52730		
09:06:50	2000	3000	3333	5904	2748	0.98487	1.14433	2.52751		
09:07:00	2000	3000	3333	6069	2749	0.98528	1.14431	2.52862		
09:07:10	2000	3000	3333	6015	2749	0.98515	1.14430	2.52823		
09:07:21	2000	3000	3333	8763	2749	0.98978	1.14432	2.54132		
09:07:31	2000	3000	3333	4841	2750	0.98158	1.14436	2.51831		
09:07:41	2000	3000	3333	4841	2750	0.98158	1.14436	2.51831		
09:07:51	2000	3000	3333	4402	2750	0.97976	1.14434	2.51314		
09:08:01	2000	3000	3333	4402	2750	0.97976	1.14434	2.51314		
09:08:12	2000	3000	3333	4083	2749	0.97820	1.14437	2.50880		
09:08:22	2000	3000	3333	4610	2748	0.98066	1.14436	2.51573		
09:08:32	2000	3000	3333	4610	2748	0.98066	1.14436	2.51573		
09:08:42	2000	3000	3333	4733	2747	0.98116	1.14440	2.51722		
09:08:52	2000	3000	3333	5994	2746	0.98510	1.14438	2.52826		
09:09:03	2000	3000	3333	6329	2746	0.98588	1.14436	2.53042		
09:09:13	2000	3000	3333	4936	2745	0.98193	1.14441	2.51941		
09:09:23	2000	3000	3333	4299	2745	0.97928	1.14439	2.51190		
09:09:33	2000	3000	3333	4299	2745	0.97928	1.14439	2.51190		
09:09:43	2000	3000	3333	6093	2745	0.98534	1.14432	2.52880		
09:09:53	2000	3000	3333	9955	2746	0.99100	1.14434	2.56340		
09:10:04	2000	3000	3333	9955	2746	0.99100	1.14433	2.56860		
09:10:14	2000	3000	3333	9955	2746	0.99100	1.14436	2.55675		
09:10:24	2000	3000	3333	9955	2746	0.99100	1.14437	2.55009		
09:10:34	2000	3000	3333	9752	2745	0.99081	1.14434	2.54427		
09:10:44	2000	3000	3333	9659	2744	0.99073	1.14433	2.54400		
09:10:55	2000	3000	3333	6791	2743	0.98684	1.14436	2.53311		
09:11:05	2000	3000	3333	9955	2742	0.99100	1.14437	2.55077		
09:11:15	2000	3000	3333	9275	2741	0.99034	1.14435	2.54297		
09:11:25	2000	3000	3333	9275	2741	0.99034	1.14435	2.54297		
09:11:35	2000	3000	3333	9955	2740	0.99100	1.14434	2.55362		
09:11:45	2000	3000	3333	9955	2739	0.99100	1.14437	2.55618		
09:11:55	2000	3000	3333	9955	2739	0.99100	1.14437	2.55243		
09:12:06	2000	3000	3333	9284	2738	0.99035	1.14442	2.54315		
09:12:16	2000	3000	3333	9955	2737	0.99100	1.14438	2.54934		
09:12:26	2000	3000	3333	8266	2736	0.98917	1.14436	2.53969		
09:12:36	2000	3000	3333	7032	2736	0.98728	1.14441	2.53448		
09:12:46	2000	3000	3333	9741	2735	0.99080	1.14447	2.54453		
09:12:57	2000	3000	3333	9955	2734	0.99100	1.14442	2.55265		
09:13:07	2000	3000	3333	9955	2734	0.99100	1.14439	2.54598		
09:13:17	2000	3000	3333	8225	2733	0.98912	1.14442	2.53967		
09:13:27	2000	3000	3333	8771	2732	0.98979	1.14442	2.54157		
09:13:37	2000	3000	3333	9955	2732	0.99100	1.14436	2.56313		
09:13:47	2000	3000	3333	9955	2732	0.99100	1.14441	2.57508		
09:13:58	2000	3000	3333	9955	2731	0.99100	1.14441	2.54677		
09:14:08	2000	3000	3333	8674	2730	0.98968	1.14442	2.54125		
09:14:18	2000	3000	3333	6866	2730	0.98698	1.14445	2.53371		
09:14:28	2000	3000	3333	7274	2729	0.98770	1.14447	2.53580		
09:14:38	2000	3000	3333	6416	2729	0.98607	1.14451	2.53129		
09:14:49	2000	3000	3333	7955	2729	0.98875	1.14457	2.53897		
09:14:59	2000	3000	3333	7605	2728	0.98823	1.14458	2.53754		
09:15:09	2000	3000	3333	9955	2728	0.99100	1.14456	2.54847		
09:15:19	2000	3000	3333	9241	2729	0.99031	1.14449	2.54318		
09:15:29	2000	3000	3333	8657	2730	0.98966	1.14450	2.54137		
09:15:40	2000	3000	3333	7971	2730	0.98877	1.14447	2.53881		
09:15:50	2000	3000	3333	8032	2730	0.98886	1.14451	2.53914		
09:16:00	2000	3000	3333	6173	2730	0.98553	1.14449	2.52971		
09:16:10	2000	3000	3333	9955	2731	0.99100	1.14445	2.56029		
09:16:20	2000	3000	3333	8654	2731	0.98965	1.14454	2.54145		
09:16:30	2000	3000	3333	6497	2731	0.98624	1.14453	2.53182		
09:16:41	2000	3000	3333	8893	2732	0.98993	1.14455	2.54225		
09:16:51	2000	3000	3333	8893	2732	0.98993	1.14455	2.54225		
09:17:01	2000	3000	3333	5608	2733	0.98408	1.14456	2.52579		
09:17:11	2000	3000	3333	6709	2733	0.98667	1.14466	2.53332		
09:17:21	2000	3000	3333	6159	2734	0.98549	1.14465	2.52997		
09:17:32	2000	3000	3333	7476	2734	0.98803	1.14462	2.53706		
09:17:42	2000	3000	3333	8556	2735	0.98954	1.14465	2.54136		
09:17:52	2000	3000	3333	9955	2735	0.99100	1.14460	2.56127		
09:18:02	2000	3000	3333	9324	2736	0.99039	1.14462	2.54371		
09:18:12	2000	3000	3333	8187	2736	0.98907	1.14460	2.53993		
09:18:22	2000	3000	3333	5809	2736	0.98463	1.14457	2.52735		
09:18:33	2000	3000	3333	7519	2737	0.98810	1.14456	2.53712		
09:18:43	2000	3000	3333	5905	2737	0.98487	1.14456	2.52803		
09:18:53	2000	3000	3333	6562	2738	0.98638	1.14453	2.53220		
09:19:03	2000	3000	3333	5619	2738	0.98411	1.14457	2.52590		
09:19:13	2000	3000	3333	6419	2738	0.98608	1.14453	2.53135		
09:19:23	2000	3000	3333	5642	2738	0.98417	1.14453	2.52599		
09:19:34	2000	3000	3333	6075	2738	0.98529	1.14456	2.52921		
09:19:44	2000	3000	3333	6619	2738	0.98649	1.14455	2.53257		
09:19:54	2000	3000	3333	6981	2738	0.98719	1.14459	2.53462		
09:20:04	2000	3000	3333	7923	2738	0.98871	1.14456	2.53882		
09:20:14	2000	3000	3333	5526	2738	0.98384	1.14458	2.52517		
09:20:25	2000	3000	3333	4959	2737	0.98201	1.14462	2.52010		
09:20:35	2000	3000	3333	4959	2737	0.98201	1.14462	2.52010		
09:20:45	2000	3000	3333	6141	2737	0.98545	1.14459	2.52972		
09:20:55	2000	3000	3333	5630	2736	0.98414	1.14461	2.52607		
09:21:05	2000	3000	3333	5288	2735	0.98312	1.14463	2.52325		
09:21:16	2000	3000	3333	5575	2734	0.98399	1.14467	2.52577		
09:21:26	2000	3000	3333	6018	2733	0.98516	1.14465	2.52902		
09:21:36	2000	3000	3333	6018	2733	0.98516	1.14465	2.52902		
09:21:46	2000	3000	3333	6018	2733	0.98516	1.14465	2.52902		
09:21:56	2000	3000	3333	6586	2729	0.98643	1.14467	2.53265		
09:22:06	2000	3000	3333	7811	2728	0.98854	1.14471	2.53870		
09:22:17	2000	3000	3333	5438	2726	0.98358	1.14468	2.52466		
09:22:27	2000	3000	3333	5438	2726	0.98358	1.14468	2.52466		
09:22:37	2000	3000	3333	5412	2723	0.98351	1.14470	2.52449		
09:22:47	2000	3000	3333	6133	2722	0.98543	1.14469	2.52989		
09:22:57	2000	3000	3333	6133	2722	0.98543	1.14469	2.52989		
09:23:07	2000	3000	3333	5106	2719	0.98253	1.14472	2.52177		
09:23:17	2000	3000	3333	5137	2717	0.98263	1.14473	2.52209		
09:23:27	2000	3000	3333	5757	2715	0.98449	1.14475	2.52736		
09:23:38	2000	3000	3333	5323	2714	0.98323	1.14473	2.52378		
09:23:48	2000	3000	3333	5144	2713	0.98266	1.14475	2.52220		
09:23:58	2000	3000	3333	5326	2712	0.98325	1.14476	2.52388		
09:24:08	2000	3000	3333	5563	2710	0.98395	1.14476	2.52587		
09:24:18	2000	3000	3333	5563	2710	0.98395	1.14476	2.52587		
09:24:29	2000	3000	3333	5281	2708	0.98310	1.14478	2.52352		
09:24:39	2000	3000	3333	4071	2707	0.97814	1.14479	2.50955		
09:24:49	2000	3000	3333	4236	2705	0.97898	1.14480	2.51195		
09:24:59	2000	3000	3333	4196	2704	0.97878	1.14483	2.51145		
09:25:09	2000	3000	3333	6649	2703	0.98655	1.14474	2.53316		
09:25:19	2000	3000	3333	6649	2703	0.98655	1.14474	2.53316		
09:25:30	2000	3000	3333	5047	2700	0.98232	1.14478	2.52133		
09:25:40	2000	3000	3333	4024	2699	0.97788	1.14476	2.50877		
09:25:50	2000	3000	3333	4055	2697	0.97805	1.14474	2.50919		
09:26:00	2000	3000	3333	6209	2696	0.98561	1.14472	2.53045		
09:26:10	2000	3000	3333	5464	2694	0.98366	1.14473	2.52499		
09:26:21	2000	3000	3333	4646	2693	0.98082	1.14467	2.51684		
09:26:31	2000	3000	3333	4646	2693	0.98082	1.14467	2.51684		
09:26:41	2000	3000	3333	2682	2691	0.96700	1.14470	2.47798		
09:26:51	2000	3000	3333	2423	2690	0.96354	1.14470	2.46824		
09:27:01	2000	3000	3333	2590	2689	0.96584	1.14470	2.47472		
09:27:11	2000	3000	3239	2451	2688	0.96394	1.14477	2.46951		
09:27:22	2000	2900	2929	2784	2687	0.96819	1.14478	2.48150		
09:27:32	2000	2500	2573	2512	2686	0.96480	1.14479	2.47198		
09:27:42	2000	2300	2354	1232	2684	0.92953	1.14479	2.37258		
09:27:52	2000	2100	2180	1258	2684	0.93096	1.14481	2.37666		
09:28:02	1900	1800	1960	1100	2682	0.92146	1.14489	2.35007		
09:28:13	1700	1600	1771	1167	2681	0.92579	1.14484	2.36216		
09:28:23	1500	1400	1529	1184	2680	0.92681	1.14489	2.36514		
09:28:33	1300	1150	1334	1197	2679	0.92756	1.14483	2.36713		
09:28:43	1300	1150	1330	1197	2679	0.92756	1.14483	2.36713		
09:29:04	1300	1150	1336	1315	2675	0.93387	1.14475	2.38474		
09:29:14	1300	1200	1352	1231	2674	0.92949	1.14475	2.37239		
09:29:24	1300	1200	1361	1244	2674	0.93023	1.14468	2.37433		
09:29:34	1300	1200	1376	1314	2673	0.93379	1.14470	2.38442		
09:29:44	1300	1200	1394	1358	2672	0.93586	1.14467	2.39019		
09:29:54	1400	1300	1422	1439	2672	0.93939	1.14463	2.40003		
09:30:05	1400	1300	1421	1305	2670	0.93336	1.14459	2.38296		
09:30:15	1400	1300	1435	1359	2670	0.93592	1.14462	2.39023		
09:30:25	1400	1300	1451	1383	2669	0.93701	1.14464	2.39336		
09:30:35	1400	1300	1458	1383	2669	0.93701	1.14464	2.39336		
09:30:45	1400	1300	1455	1330	2668	0.93458	1.14463	2.38649		
09:30:55	1400	1300	1460	1479	2667	0.94097	1.14466	2.40455		
09:31:06	1400	1400	1478	1479	2667	0.94097	1.14466	2.40455		
09:31:16	1400	1400	1489	1456	2666	0.94005	1.14466	2.40195		
09:31:26	1500	1400	1501	1501	2666	0.94178	1.14467	2.40687		
09:31:36	1500	1400	1521	1570	2666	0.94429	1.14458	2.41373		
09:31:46	1500	1400	1519	1311	2666	0.93363	1.14459	2.38373		
09:31:57	1500	1400	1505	1356	2667	0.93580	1.14454	2.38974		
09:32:07	1500	1400	1509	1512	2668	0.94220	1.14451	2.40769		
09:32:17	1400	1400	1495	1332	2668	0.93465	1.14452	2.38647		
09:32:27	1400	1300	1469	1254	2669	0.93077	1.14454	2.37556		
09:32:37	1400	1300	1425	1172	2670	0.92608	1.14452	2.36232		
09:32:48	1400	1300	1421	1275	2670	0.93185	1.14455	2.37862		
09:32:58	1400	1300	1412	1275	2670	0.93185	1.14455	2.37862		
09:33:08	1400	1200	1406	1453	2672	0.93993	1.14451	2.40132		
09:33:18	1400	1200	1408	1355	2672	0.93574	1.14451	2.38951		
09:33:28	1400	1300	1436	1508	2672	0.94208	1.14453	2.40740		
09:33:38	1400	1300	1450	1291	2673	0.93266	1.14449	2.38078		
09:33:49	1400	1300	1458	1350	2673	0.93552	1.14446	2.38877		
09:33:59	1400	1300	1466	1350	2673	0.93552	1.14446	2.38877		
09:34:09	1500	1400	1503	1731	2672	0.94935	1.14448	2.42777		
09:34:19	1500	1400	1513	1450	2672	0.93983	1.14447	2.40093		
09:34:29	1500	1400	1507	1453	2672	0.93993	1.14449	2.40126		
09:34:39	1500	1400	1525	1453	2672	0.93993	1.14449	2.40126		
09:34:49	1500	1400	1527	1368	2670	0.93634	1.14449	2.39115		
09:34:59	1500	1400	1535	1421	2669	0.93863	1.14457	2.39776		
09:35:09	1400	1400	1481	1295	2669	0.93286	1.14458	2.38155		
09:35:19	1400	1300	1463	1288	2668	0.93251	1.14457	2.38052		
09:35:29	1400	1300	1446	1291	2667	0.93264	1.14464	2.38104		
09:35:39	1400	1300	1426	1272	2666	0.93168	1.14468	2.37841		
09:35:49	1400	1200	1403	1168	2664	0.92586	1.14469	2.36204		
09:35:59	1300	1200	1379	1200	2663	0.92775	1.14474	2.36746		
09:36:09	1300	1200	1371	1229	2662	0.92941	1.14473	2.37214		
09:36:20	1300	1200	1363	1213	2660	0.92846	1.14478	2.36956		
09:36:30	1300	1200	1353	1202	2659	0.92785	1.14478	2.36785		
09:36:40	1300	1200	1344	1198	2658	0.92762	1.14480	2.36724		
09:36:50	1300	1200	1346	1187	2657	0.92698	1.14482	2.36547		
09:37:00	1300	1200	1351	1236	2656	0.92976	1.14483	2.37333		
09:37:11	1300	1200	1346	1191	2655	0.92723	1.14481	2.36615		
09:37:21	1300	1200	1346	1204	2654	0.92798	1.14481	2.36827		
09:37:31	1300	1200	1344	1192	2653	0.92726	1.14483	2.36629		
09:37:41	1300	1150	1341	1165	2653	0.92567	1.14480	2.36173		
09:37:51	1300	1150	1338	1165	2653	0.92567	1.14480	2.36173		
09:38:01	1300	1150	1328	1146	2651	0.92446	1.14480	2.35832		
09:38:12	1300	1150	1322	1146	2651	0.92446	1.14480	2.35832		
09:38:22	1300	1150	1314	1132	2649	0.92360	1.14489	2.35609		
09:38:32	1300	1100	1304	1108	2649	0.92200	1.14489	2.35158		
09:38:42	1200	1100	1298	1113	2647	0.92230	1.14491	2.35247		
09:38:52	1200	1100	1291	1110	2646	0.92213	1.14496	2.35208		
09:39:03	1200	1100	1283	1076	2646	0.91977	1.14501	2.34553		
09:39:13	1200	1100	1277	1097	2645	0.92125	1.14500	2.34969		
09:39:23	1200	1050	1272	1091	2644	0.92082	1.14503	2.34855		
09:39:33	1200	1050	1269	1083	2643	0.92027	1.14505	2.34703		
09:39:43	1200	1050	1264	1073	2642	0.91951	1.14506	2.34491		
09:39:54	1200	1050	1260	1079	2641	0.91997	1.14509	2.34628		
09:40:04	1200	1050	1264	1100	2640	0.92147	1.14512	2.35056		
09:40:14	1200	1050	1264	1099	2639	0.92135	1.14515	2.35029		
09:40:24	1200	1050	1265	1099	2639	0.92135	1.14515	2.35029		
09:40:34	1200	1050	1256	1015	2638	0.91518	1.14519	2.33298		
09:40:44	1200	1050	1257	1075	2637	0.91967	1.14518	2.34560		
09:40:55	1200	1050	1261	1111	2636	0.92215	1.14517	2.35259		
09:41:05	1200	1050	1264	1124	2635	0.92308	1.14513	2.35511		
09:41:15	1200	1050	1262	1084	2633	0.92036	1.14519	2.34756		
09:41:25	1200	1050	1257	1061	2632	0.91868	1.14516	2.34278		
09:41:35	1200	1050	1263	1061	2632	0.91868	1.14516	2.34278		
09:41:46	1200	1050	1258	1037	2630	0.91687	1.14522	2.33779		
09:41:56	1200	1050	1248	1027	2629	0.91610	1.14518	2.33556		
09:42:06	1200	1000	1235	1016	2627	0.91520	1.14521	2.33306		
09:42:16	1200	1000	1227	1023	2626	0.91579	1.14522	2.33475		
09:42:26	1200	1000	1223	1026	2625	0.91600	1.14522	2.33534		
09:42:36	1200	1000	1218	1026	2625	0.91600	1.14522	2.33534		
09:42:46	1200	1000	1216	1017	2622	0.91530	1.14526	2.33344		
09:42:57	1200	1000	1223	1082	2619	0.92019	1.14530	2.34731		
09:43:07	1200	1000	1226	1037	2617	0.91690	1.14531	2.33808		
09:43:17	1200	1000	1232	1069	2615	0.91925	1.14534	2.34476		
09:43:27	1200	1000	1237	1069	2615	0.91925	1.14534	2.34476		
09:43:37	1200	1050	1239	1039	2611	0.91703	1.14541	2.33865		
09:43:48	1200	1000	1235	986	2609	0.91275	1.14540	2.32656		
09:43:58	1200	1000	1223	986	2609	0.91275	1.14540	2.32656		
09:44:08	1200	1000	1223	1034	2605	0.91665	1.14546	2.33766		
09:44:18	1200	1000	1219	1034	2605	0.91665	1.14546	2.33766		
09:44:28	1200	1000	1208	980	2600	0.91224	1.14553	2.32539		
09:44:38	1200	950	1201	980	2600	0.91224	1.14553	2.32539		
09:44:49	1150	950	1200	984	2595	0.91258	1.14555	2.32638		
09:44:59	1150	950	1198	963	2593	0.91074	1.14557	2.32124		
09:45:09	1150	950	1191	980	2591	0.91223	1.14557	2.32544		
09:45:19	1150	950	1184	980	2591	0.91223	1.14557	2.32544		
09:45:29	1150	950	1185	985	2586	0.91264	1.14552	2.32649		
09:45:40	1150	950	1195	1057	2584	0.91840	1.14555	2.34279		
09:45:50	1200	1000	1204	1057	2584	0.91840	1.14555	2.34279		
09:46:00	1200	1000	1216	1057	2584	0.91840	1.14555	2.34279		
09:46:20	1200	1000	1221	1016	2576	0.91519	1.14550	2.33364		
09:46:31	1200	1000	1226	1016	2576	0.91519	1.14550	2.33364		
09:46:41	1200	1000	1234	1046	2572	0.91753	1.14555	2.34034		
09:46:51	1200	1000	1230	1026	2570	0.91604	1.14553	2.33608		
09:47:01	1200	1000	1229	1048	2568	0.91772	1.14551	2.34078		
09:47:11	1200	1000	1228	1048	2568	0.91772	1.14551	2.34078		
09:47:21	1200	1000	1230	1032	2564	0.91647	1.14556	2.33737		
09:47:31	1200	1000	1232	1024	2562	0.91585	1.14557	2.33563		
09:47:41	1200	1000	1236	1078	2560	0.91989	1.14550	2.34689		
09:47:51	1200	1000	1239	1049	2558	0.91778	1.14550	2.34094		
09:48:01	1200	1000	1239	1049	2558	0.91778	1.14550	2.34094		
09:48:11	1200	1050	1247	1106	2555	0.92187	1.14553	2.35252		
09:48:21	1200	1050	1252	1070	2554	0.91932	1.14557	2.34541		
09:48:31	1200	1050	1258	1070	2554	0.91932	1.14557	2.34541		
09:48:41	1200	1050	1261	1105	2552	0.92175	1.14548	2.35208		
09:48:51	1200	1100	1283	1230	2551	0.92943	1.14552	2.37383		
09:49:01	1300	1100	1308	1254	2550	0.93075	1.14547	2.37744		
09:49:12	1300	1150	1326	1254	2550	0.93075	1.14547	2.37744		
09:49:22	1300	1150	1345	1229	2548	0.92939	1.14543	2.37351		
09:49:32	1300	1200	1361	1200	2548	0.92772	1.14540	2.36876		
09:49:42	1300	1200	1373	1204	2547	0.92796	1.14541	2.36945		
09:49:52	1300	1200	1372	1219	2546	0.92881	1.14542	2.37187		
09:50:02	1300	1200	1364	1185	2545	0.92688	1.14542	2.36644		
09:50:13	1300	1200	1367	1280	2544	0.93212	1.14537	2.38109		
09:50:23	1300	1200	1369	1251	2544	0.93056	1.14537	2.37670		
09:50:33	1300	1200	1366	1169	2543	0.92591	1.14534	2.36352		
09:50:43	1300	1200	1362	1171	2543	0.92605	1.14532	2.36388		
09:50:53	1300	1150	1347	1092	2542	0.92089	1.14536	2.34943		
09:51:04	1300	1150	1335	1092	2542	0.92089	1.14536	2.34943		
09:51:14	1300	1100	1309	1064	2541	0.91886	1.14536	2.34370		
09:51:24	1200	1100	1285	1047	2540	0.91764	1.14535	2.34023		
09:51:34	1200	1050	1271	1060	2539	0.91860	1.14529	2.34281		
09:51:44	1200	1050	1256	1049	2538	0.91777	1.14534	2.34058		
09:51:54	1200	1050	1258	1101	2537	0.92152	1.14532	2.35111		
09:52:05	1200	1050	1259	1101	2537	0.92152	1.14532	2.35111		
09:52:15	1200	1050	1265	1108	2536	0.92197	1.14528	2.35231		
09:52:25	1200	1050	1278	1156	2535	0.92508	1.14528	2.36106		
09:52:35	1200	1050	1279	1063	2534	0.91881	1.14531	2.34346		
09:52:45	1200	1050	1279	1054	2533	0.91816	1.14529	2.34157		
09:52:56	1200	1050	1272	1044	2532	0.91744	1.14528	2.33953		
09:53:06	1200	1050	1264	1035	2531	0.91671	1.14528	2.33747		
09:53:16	1200	1050	1262	1095	2530	0.92108	1.14529	2.34980		
09:53:26	1200	1050	1255	1099	2530	0.92140	1.14524	2.35060		
09:53:36	1200	1050	1261	1105	2529	0.92180	1.14520	2.35166		
09:53:47	1200	1050	1252	988	2528	0.91293	1.14518	2.32661		
09:53:57	1200	1050	1253	1052	2527	0.91800	1.14511	2.34075		
09:54:07	1200	1050	1255	1052	2527	0.91800	1.14511	2.34075		
09:54:17	1200	1050	1248	1036	2525	0.91680	1.14511	2.33739		
09:54:27	1200	1000	1237	1011	2523	0.91480	1.14505	2.33162		
09:54:37	1200	1000	1225	1011	2523	0.91480	1.14505	2.33162		
09:54:48	1200	1000	1233	1046	2522	0.91754	1.14507	2.33937		
09:54:58	1200	1000	1234	1061	2521	0.91868	1.14509	2.34263		
09:55:08	1200	1000	1224	972	2521	0.91159	1.14507	2.32261		
09:55:18	1200	1000	1216	972	2521	0.91159	1.14507	2.32261		
09:55:28	1200	1000	1218	1029	2520	0.91629	1.14506	2.33583		
09:55:38	1200	1000	1222	1038	2519	0.91698	1.14506	2.33777		
09:55:48	1200	1000	1219	1025	2519	0.91597	1.14504	2.33488		
09:55:59	1200	1000	1213	1010	2518	0.91475	1.14507	2.33151		
09:56:09	1200	1000	1225	1064	2517	0.91886	1.14509	2.34313		
09:56:19	1200	1000	1230	1013	2517	0.91502	1.14512	2.33238		
09:56:29	1200	1000	1228	1013	2517	0.91502	1.14512	2.33238		
09:56:39	1200	1000	1235	1091	2517	0.92083	1.14512	2.34876		
09:56:50	1200	1000	1240	1065	2517	0.91893	1.14516	2.34349		
09:57:00	1200	1050	1248	1073	2517	0.91954	1.14521	2.34530		
09:57:10	1200	1050	1248	1064	2516	0.91890	1.14523	2.34354		
09:57:20	1200	1050	1254	1064	2516	0.91890	1.14523	2.34354		
09:57:30	1200	1050	1258	1045	2516	0.91747	1.14531	2.33966		
09:57:40	1200	1050	1254	1052	2516	0.91804	1.14534	2.34134		
09:57:51	1200	1050	1251	1047	2515	0.91762	1.14535	2.34019		
09:58:01	1200	1050	1250	1062	2515	0.91878	1.14531	2.34337		
09:58:11	1200	1050	1250	1062	2515	0.91878	1.14531	2.34337		
09:58:21	1200	1000	1244	1017	2515	0.91527	1.14536	2.33358		
09:58:31	1200	1000	1239	1006	2515	0.91441	1.14538	2.33118		
09:58:42	1200	1000	1241	1069	2516	0.91926	1.14542	2.34494		
09:58:52	1200	1000	1239	1032	2516	0.91646	1.14538	2.33698		
09:59:02	1200	1000	1240	1071	2517	0.91937	1.14547	2.34535		
09:59:12	1200	1000	1241	1071	2517	0.91937	1.14547	2.34535		
09:59:22	1200	1000	1243	1034	2517	0.91663	1.14550	2.33769		
09:59:33	1200	1050	1247	1034	2517	0.91663	1.14550	2.33769		
09:59:43	1200	1000	1233	966	2516	0.91106	1.14554	2.32208		
09:59:53	1200	1000	1232	1024	2515	0.91587	1.14553	2.33560		
10:00:03	1200	1000	1227	1025	2514	0.91596	1.14557	2.33595		
10:00:13	1200	1000	1220	1017	2514	0.91531	1.14561	2.33419		
10:00:23	1200	1000	1219	1024	2514	0.91586	1.14566	2.33584		
10:00:33	1200	1000	1217	1024	2514	0.91586	1.14566	2.33584		
10:00:43	1200	1000	1227	1040	2512	0.91710	1.14565	2.33933		
10:00:53	1200	1000	1229	1040	2512	0.91710	1.14565	2.33933		
10:01:03	1200	1000	1231	1040	2512	0.91710	1.14565	2.33933		
11:18:41	2000	2000	2167	6838	1925	0.98692	1.14675	2.53865		
11:18:51	2000	2900	3059	6574	1923	0.98640	1.14674	2.53716		
11:19:01	2000	3000	3333	6574	1923	0.98640	1.14674	2.53716		
11:19:11	2000	3000	3333	6741	1919	0.98674	1.14682	2.53828		
11:19:21	2000	3000	3333	6773	1917	0.98680	1.14683	2.53848		
11:19:31	2000	3000	3333	6705	1914	0.98667	1.14681	2.53806		
11:19:42	2000	3000	3333	7003	1912	0.98723	1.14685	2.53974		
11:19:52	2000	3000	3333	6236	1909	0.98567	1.14686	2.53536		
11:20:02	2000	3000	3333	6236	1909	0.98567	1.14686	2.53536		
11:20:12	2000	3000	3333	6676	1902	0.98661	1.14692	2.53814		
11:20:22	2000	3000	3333	6478	1900	0.98620	1.14695	2.53706		
11:20:33	2000	3000	3333	6252	1898	0.98571	1.14696	2.53568		
11:20:43	2000	3000	3333	5916	1895	0.98490	1.14698	2.53345		
11:20:53	2000	3000	3333	5911	1893	0.98489	1.14706	2.53359		
11:21:03	2000	3000	3333	5896	1890	0.98485	1.14705	2.53346		
11:21:13	2000	3000	3333	5507	1888	0.98379	1.14706	2.53049		
11:21:24	2000	3000	3333	5395	1885	0.98346	1.14707	2.52957		
11:21:34	2000	3000	3333	5632	1882	0.98415	1.14711	2.53161		
11:21:44	2000	3000	3333	5689	1880	0.98430	1.14710	2.53203		
11:21:54	2000	3000	3333	5833	1877	0.98469	1.14707	2.53305		
11:22:04	2000	3000	3333	5491	1874	0.98374	1.14714	2.53053		
11:22:14	2000	3000	3333	5423	1872	0.98354	1.14716	2.53001		
11:22:25	2000	3000	3333	5182	1869	0.98278	1.14714	2.52782		
11:22:35	2000	3000	3333	5257	1867	0.98303	1.14710	2.52842		
11:22:45	2000	3000	3333	5324	1864	0.98324	1.14713	2.52908		
11:22:55	2000	3000	3333	5456	1862	0.98364	1.14717	2.53031		
11:23:05	2000	3000	3333	5749	1859	0.98447	1.14715	2.53260		
11:23:16	2000	3000	3333	5914	1856	0.98490	1.14717	2.53386		
11:23:26	2000	3000	3333	5931	1854	0.98494	1.14716	2.53396		
11:23:36	2000	3000	3333	6374	1851	0.98598	1.14716	2.53689		
11:23:46	2000	3000	3333	5891	1848	0.98484	1.14715	2.53365		
11:23:56	2000	3000	3333	5891	1848	0.98484	1.14715	2.53365		
11:24:06	2000	3000	3333	5407	1843	0.98349	1.14719	2.52994		
11:24:16	2000	3000	3333	5484	1840	0.98372	1.14718	2.53056		
11:24:26	2000	3000	3333	5892	1837	0.98484	1.14717	2.53370		
11:24:36	2000	3000	3333	5682	1834	0.98428	1.14718	2.53215		
11:24:46	2000	3000	3333	5480	1831	0.98371	1.14719	2.53055		
11:24:57	2000	3000	3333	5575	1828	0.98399	1.14716	2.53126		
11:25:07	2000	3000	3333	5765	1825	0.98451	1.14719	2.53281		
11:25:17	2000	3000	3333	5464	1822	0.98366	1.14723	2.53051		
11:25:27	2000	3000	3333	5464	1822	0.98366	1.14723	2.53051		
11:25:37	2000	3000	3333	5706	1815	0.98435	1.14719	2.53236		
11:25:48	2000	3000	3333	5541	1812	0.98389	1.14722	2.53112		
11:25:58	2000	3000	3333	5856	1809	0.98475	1.14724	2.53359		
11:26:08	2000	3000	3333	6178	1805	0.98554	1.14722	2.53578		
11:26:18	2000	3000	3333	6183	1802	0.98555	1.14723	2.53583		
11:26:28	2000	3000	3333	6161	1799	0.98550	1.14724	2.53571		
11:26:38	2000	3000	3333	6446	1796	0.98613	1.14721	2.53744		
11:26:49	2000	3000	3333	6715	1793	0.98669	1.14718	2.53893		
11:26:59	2000	3000	3333	5937	1791	0.98496	1.14720	2.53409		
11:27:09	2000	3000	3333	6080	1787	0.98531	1.14716	2.53499		
11:27:19	2000	3000	3333	5831	1784	0.98468	1.14713	2.53317		
11:27:29	2000	3000	3333	5831	1784	0.98468	1.14713	2.53317		
11:27:50	2000	3000	3333	5821	1775	0.98466	1.14716	2.53316		
11:28:00	2000	3000	3333	5461	1773	0.98365	1.14718	2.53037		
11:28:10	2000	3000	3333	5445	1770	0.98361	1.14721	2.53030		
11:28:20	2000	3000	3333	6171	1768	0.98552	1.14726	2.53582		
11:28:31	2000	3000	3333	6114	1765	0.98539	1.14722	2.53535		
11:28:41	2000	3000	3333	5951	1762	0.98499	1.14723	2.53425		
11:28:51	2000	3000	3333	5870	1760	0.98478	1.14722	2.53365		
11:29:01	2000	3000	3333	5970	1758	0.98504	1.14730	2.53454		
11:29:11	2000	3000	3333	5730	1756	0.98441	1.14724	2.53265		
11:29:21	2000	3000	3333	5910	1754	0.98489	1.14727	2.53405		
11:29:32	2000	3000	3333	6174	1752	0.98553	1.14727	2.53586		
11:29:42	2000	3000	3333	6837	1750	0.98692	1.14728	2.53982		
11:29:52	2000	3000	3333	6588	1747	0.98643	1.14726	2.53839		
11:30:02	2000	3000	3333	6535	1744	0.98632	1.14734	2.53826		
11:30:12	2000	3000	3333	6705	1742	0.98667	1.14733	2.53921		
11:30:23	2000	3000	3333	6635	1739	0.98653	1.14732	2.53879		
11:30:33	2000	3000	3333	6797	1736	0.98685	1.14732	2.53969		
11:30:43	2000	3000	3333	7460	1733	0.98801	1.14735	2.54304		
11:30:53	2000	3000	3333	6585	1730	0.98643	1.14729	2.53844		
11:31:03	2000	3000	3333	8815	1727	0.98984	1.14726	2.54802		
11:31:13	2000	3000	3333	8815	1727	0.98984	1.14726	2.54802		
11:31:24	2000	3000	3333	8437	1721	0.98939	1.14726	2.54674		
11:31:34	2000	3000	3333	7820	1716	0.98856	1.14730	2.54448		
11:31:44	2000	3000	3333	7756	1714	0.98846	1.14727	2.54415		
11:31:54	2000	3000	3333	7938	1711	0.98873	1.14726	2.54487		
11:32:04	2000	3000	3333	6933	1709	0.98710	1.14729	2.54035		
11:32:14	2000	3000	3333	9044	1707	0.99010	1.14729	2.54881		
11:32:25	2000	3000	3333	8326	1705	0.98925	1.14729	2.54641		
11:32:35	2000	3000	3333	7914	1702	0.98869	1.14725	2.54475		
11:32:45	2000	3000	3333	7865	1701	0.98862	1.14724	2.54453		
11:32:55	2000	3000	3333	7865	1701	0.98862	1.14724	2.54453		
11:33:05	2000	3000	3333	7919	1698	0.98870	1.14724	2.54475		
11:33:16	2000	3000	3333	7746	1696	0.98845	1.14724	2.54404		
11:33:26	2000	3000	3333	7697	1694	0.98838	1.14722	2.54379		
11:33:36	2000	3000	3333	8421	1692	0.98937	1.14720	2.54655		
11:33:46	2000	3000	3333	8571	1691	0.98955	1.14718	2.54703		
11:33:56	2000	3000	3333	8227	1688	0.98912	1.14716	2.54576		
11:34:06	2000	3000	3333	8284	1687	0.98919	1.14721	2.54608		
11:34:17	2000	3000	3333	8186	1685	0.98907	1.14722	2.54574		
11:34:27	2000	3000	3333	8304	1683	0.98922	1.14724	2.54622		
11:34:37	2000	3000	3333	8410	1681	0.98936	1.14719	2.54649		
11:34:47	2000	3000	3333	9112	1678	0.99017	1.14717	2.54875		
11:34:57	2000	3000	3333	7611	1676	0.98824	1.14717	2.54331		
11:35:08	2000	3000	3333	7014	1675	0.98725	1.14712	2.54039		
11:35:18	2000	3000	3333	6520	1674	0.98629	1.14714	2.53773		
11:35:28	2000	3000	3333	6698	1672	0.98665	1.14711	2.53868		
11:35:38	2000	3000	3333	6492	1671	0.98623	1.14709	2.53745		
11:35:48	2000	3000	3333	6411	1670	0.98606	1.14708	2.53694		
11:35:58	2000	3000	3333	6936	1668	0.98711	1.14704	2.53981		
11:36:08	2000	3000	3333	6688	1667	0.98663	1.14703	2.53845		
11:36:19	2000	3000	3333	6693	1665	0.98664	1.14700	2.53841		
11:36:29	2000	3000	3333	6657	1663	0.98657	1.14701	2.53823		
11:36:39	2000	3000	3333	6657	1663	0.98657	1.14701	2.53823		
11:36:49	2000	3000	3333	6657	1663	0.98657	1.14701	2.53823		
11:37:20	2000	3000	3333	7722	1659	0.98841	1.14711	2.54365		
11:37:30	2000	3000	3333	6963	1658	0.98716	1.14713	2.54015		
11:37:40	2000	3000	3333	6816	1657	0.98688	1.14715	2.53942		
11:37:50	2000	3000	3333	6476	1656	0.98620	1.14715	2.53749		
11:38:00	2000	3000	3333	6708	1654	0.98667	1.14721	2.53896		
11:38:11	2000	3000	3333	6967	1652	0.98717	1.14721	2.54035		
11:38:21	2000	3000	3333	7535	1651	0.98813	1.14724	2.54313		
11:38:31	2000	3000	3333	7258	1649	0.98768	1.14725	2.54188		
11:38:41	2000	3000	3333	7332	1647	0.98780	1.14725	2.54223		
11:38:51	2000	3000	3333	7427	1645	0.98795	1.14726	2.54269		
11:39:02	2000	3000	3333	6955	1643	0.98714	1.14723	2.54033		
11:39:12	2000	3000	3333	7539	1641	0.98813	1.14725	2.54317		
11:39:22	2000	3000	3333	8411	1640	0.98936	1.14726	2.54665		
11:39:32	2000	3000	3333	8660	1639	0.98966	1.14726	2.54751		
11:39:42	2000	3000	3333	8660	1639	0.98966	1.14726	2.54751		
11:40:03	2000	3000	3333	7894	1635	0.98866	1.14725	2.54467		
11:40:13	2000	3000	3333	7894	1635	0.98866	1.14725	2.54467		
11:40:23	2000	3000	3333	7779	1633	0.98850	1.14725	2.54420		
11:40:33	2000	3000	3333	7779	1633	0.98850	1.14725	2.54420		
11:40:43	2000	3000	3333	8027	1629	0.98885	1.14731	2.54533		
11:40:54	2000	3000	3333	8309	1627	0.98923	1.14738	2.54655		
11:41:04	2000	3000	3333	8730	1625	0.98974	1.14738	2.54801		
11:41:14	2000	3000	3333	8531	1623	0.98951	1.14739	2.54736		
11:41:24	2000	3000	3333	8435	1621	0.98939	1.14733	2.54689		
11:41:34	2000	3000	3333	9024	1619	0.99008	1.14739	2.54897		
11:41:45	2000	3000	3333	7803	1616	0.98853	1.14740	2.54463		
11:41:55	2000	3000	3333	8820	1614	0.98985	1.14737	2.54828		
11:42:05	2000	3000	3333	8280	1612	0.98919	1.14736	2.54640		
11:42:15	2000	3000	3333	9131	1610	0.99019	1.14736	2.54923		
11:42:25	2000	3000	3333	8955	1608	0.99000	1.14737	2.54871		
11:42:35	2000	3000	3333	8469	1605	0.98943	1.14743	2.54723		
11:42:45	2000	3000	3333	9201	1602	0.99027	1.14736	2.54944		
11:42:56	2000	3000	3333	8629	1599	0.98962	1.14738	2.54767		
11:43:06	2000	3000	3333	9955	1597	0.99100	1.14733	2.55207		
11:43:16	2000	3000	3333	9955	1597	0.99100	1.14733	2.55207		
11:43:26	2000	3000	3333	9088	1592	0.99015	1.14732	2.54901		
11:43:36	2000	3000	3333	7960	1590	0.98876	1.14728	2.54500		
11:43:47	2000	3000	3333	8041	1588	0.98887	1.14734	2.54545		
11:43:57	2000	3000	3333	8394	1586	0.98934	1.14735	2.54679		
11:44:07	2000	3000	3333	8325	1584	0.98925	1.14735	2.54654		
11:44:17	2000	3000	3333	8324	1581	0.98925	1.14736	2.54656		
11:44:27	2000	3000	3333	8527	1580	0.98950	1.14741	2.54739		
11:44:38	2000	3000	3333	8398	1578	0.98934	1.14742	2.54696		
11:44:48	2000	3000	3333	8195	1576	0.98908	1.14743	2.54624		
11:44:58	2000	3000	3333	9022	1574	0.99007	1.14742	2.54903		
11:45:08	2000	3000	3333	9955	1572	0.99100	1.14745	2.55238		
11:45:18	2000	3000	3333	9955	1570	0.99100	1.14746	2.55265		
11:45:28	2000	3000	3333	9955	1567	0.99100	1.14748	2.55305		
11:45:39	2000	3000	3333	9955	1565	0.99100	1.14746	2.56012		
11:45:49	2000	3000	3333	9955	1563	0.99100	1.14749	2.55291		
11:45:59	2000	3000	3333	9774	1560	0.99083	1.14748	2.55131		
11:46:09	2000	3000	3333	9598	1558	0.99067	1.14745	2.55077		
11:46:19	2000	3000	3333	9472	1555	0.99054	1.14749	2.55051		
11:46:29	2000	3000	3333	9714	1552	0.99078	1.14748	2.55115		
11:46:39	2000	3000	3333	9955	1550	0.99100	1.14748	2.55690		
11:46:50	2000	3000	3333	9955	1547	0.99100	1.14748	2.55262		
11:47:00	2000	3000	3333	9955	1547	0.99100	1.14748	2.55262		
11:47:10	2000	3000	3333	9955	1547	0.99100	1.14748	2.55262		
11:47:30	2000	3000	3333	9955	1539	0.99100	1.14752	2.55266		
11:47:40	2000	3000	3333	9955	1537	0.99100	1.14754	2.55501		
11:47:50	2000	3000	3333	9955	1535	0.99100	1.14747	2.55746		
11:48:01	2000	3000	3333	9955	1534	0.99100	1.14748	2.55440		
11:48:11	2000	3000	3333	9955	1533	0.99100	1.14744	2.55402		
11:48:21	2000	3000	3333	9955	1531	0.99100	1.14752	2.55539		
11:48:31	2000	3000	3333	9955	1530	0.99100	1.14756	2.56086		
11:48:41	2000	3000	3333	9955	1530	0.99100	1.14756	2.56086		
11:48:52	2000	3000	3333	9955	1528	0.99100	1.14757	2.55487		
11:49:02	2000	3000	3333	9955	1528	0.99100	1.14757	2.55487		
11:49:12	2000	3000	3333	9955	1525	0.99100	1.14764	2.55452		
11:49:22	2000	3000	3333	9955	1524	0.99100	1.14763	2.55363		
11:49:32	2000	3000	3333	9955	1523	0.99100	1.14760	2.55508		
11:49:43	2000	3000	3333	9955	1522	0.99100	1.14764	2.55631		
11:49:53	2000	3000	3333	9955	1520	0.99100	1.14761	2.55487		
11:50:03	2000	3000	3333	9955	1519	0.99100	1.14769	2.55431		
11:50:13	2000	3000	3333	9955	1518	0.99100	1.14768	2.55698		
11:50:23	2000	3000	3333	9955	1517	0.99100	1.14767	2.55662		
11:50:33	2000	3000	3333	9955	1516	0.99100	1.14767	2.56483		
11:50:44	2000	3000	3333	9955	1515	0.99100	1.14769	2.56370		
11:50:54	2000	3000	3333	9955	1514	0.99100	1.14767	2.56073		
11:51:04	2000	3000	3333	9955	1512	0.99100	1.14766	2.56430		
11:51:14	2000	3000	3333	9955	1512	0.99100	1.14766	2.56430		
11:51:24	2000	3000	3333	9955	1510	0.99100	1.14763	2.55891		
11:51:35	2000	3000	3333	9955	1509	0.99100	1.14765	2.56123		
11:51:45	2000	3000	3333	9955	1508	0.99100	1.14763	2.55945		
11:51:55	2000	3000	3333	9955	1506	0.99100	1.14768	2.55828		
11:52:05	2000	3000	3333	9955	1505	0.99100	1.14765	2.56269		
11:52:15	2000	3000	3333	9955	1504	0.99100	1.14763	2.56159		
11:52:26	2000	3000	3333	9955	1503	0.99100	1.14760	2.56068		
11:52:36	2000	3000	3333	9955	1502	0.99100	1.14762	2.56140		
11:52:46	2000	3000	3333	9955	1501	0.99100	1.14759	2.56225		
11:52:56	2000	3000	3333	9955	1500	0.99100	1.14759	2.56394		
11:53:06	2000	3000	3333	9955	1499	0.99100	1.14759	2.56252		
11:53:16	2000	3000	3333	9955	1498	0.99100	1.14760	2.56193		
11:53:26	2000	3000	3333	9955	1498	0.99100	1.14760	2.56193		
11:53:47	2000	3000	3333	9955	1495	0.99100	1.14761	2.56617		
11:53:57	2000	3000	3333	9955	1494	0.99100	1.14760	2.56521		
11:54:07	2000	3000	3333	9955	1492	0.99100	1.14759	2.56694		
11:54:17	2000	3000	3333	9955	1492	0.99100	1.14764	2.56242		
11:54:28	2000	3000	3333	9955	1490	0.99100	1.14770	2.56017		
11:54:38	2000	3000	3333	9955	1489	0.99100	1.14770	2.56485		
11:54:48	2000	3000	3333	9955	1489	0.99100	1.14770	2.56485		
11:54:58	2000	3000	3333	9955	1486	0.99100	1.14765	2.56076		
11:55:08	2000	3000	3333	9955	1484	0.99100	1.14765	2.56017		
11:55:18	2000	3000	3333	9955	1483	0.99100	1.14769	2.56345		
11:55:29	2000	3000	3333	9955	1483	0.99100	1.14769	2.56345		
11:55:39	2000	3000	3333	9955	1479	0.99100	1.14769	2.56644		
11:55:49	2000	3000	3333	9955	1478	0.99100	1.14768	2.56654		
11:55:59	2000	3000	3333	9955	1478	0.99100	1.14768	2.56654		
11:56:09	2000	3000	3333	9955	1478	0.99100	1.14768	2.56654		
11:56:20	2000	3000	3333	9955	1472	0.99100	1.14766	2.56787		
11:56:30	2000	3000	3333	9955	1470	0.99100	1.14767	2.56951		
11:56:40	2000	3000	3333	9955	1468	0.99100	1.14765	2.57065		
11:56:50	2000	3000	3333	9955	1465	0.99100	1.14765	2.56636		
11:57:00	2000	3000	3333	9955	1463	0.99100	1.14765	2.56836		
11:57:11	2000	3000	3333	9955	1463	0.99100	1.14765	2.56836		
11:57:21	2000	3000	3333	9955	1458	0.99100	1.14763	2.56384		
11:57:31	2000	3000	3333	9955	1455	0.99100	1.14769	2.56299		
11:57:41	2000	3000	3333	9955	1455	0.99100	1.14769	2.56299		
11:57:51	2000	3000	3333	9955	1450	0.99100	1.14767	2.56654		
11:58:01	2000	3000	3333	9955	1447	0.99100	1.14766	2.56885		
11:58:11	2000	3000	3333	9955	1444	0.99100	1.14770	2.56578		
11:58:21	2000	3000	3333	9955	1441	0.99100	1.14771	2.56697		
11:58:31	2000	3000	3333	9955	1438	0.99100	1.14771	2.56606		
11:58:41	2000	3000	3333	9955	1434	0.99100	1.14772	2.56731		
11:58:52	2000	3000	3333	9955	1431	0.99100	1.14775	2.57046		
11:59:02	2000	3000	3333	9955	1428	0.99100	1.14774	2.56726		
11:59:12	2000	3000	3333	9955	1424	0.99100	1.14771	2.56664		
11:59:22	2000	3000	3333	9955	1421	0.99100	1.14775	2.56881		
11:59:32	2000	3000	3333	9955	1421	0.99100	1.14775	2.56881		
11:59:43	2000	3000	3333	9955	1415	0.99100	1.14773	2.57892		
11:59:53	2000	3000	3333	9955	1411	0.99100	1.14774	2.57497		
12:00:03	2000	3000	3333	9955	1408	0.99100	1.14774	2.57320		
12:00:13	2000	3000	3333	9955	1405	0.99100	1.14774	2.57625		
12:00:23	2000	3000	3333	9955	1401	0.99100	1.14775	2.57273		
12:00:33	2000	3000	3333	9955	1398	0.99100	1.14772	2.57580		
12:00:44	2000	3000	3333	9955	1394	0.99100	1.14773	2.57224		
12:00:54	2000	3000	3333	9955	1390	0.99100	1.14776	2.57497		
12:01:04	2000	3000	3333	9955	1390	0.99100	1.14776	2.57497		
12:01:14	2000	3000	3333	9955	1383	0.99100	1.14779	2.57157		
12:01:24	2000	3000	3333	9955	1379	0.99100	1.14778	2.56886		
12:01:35	2000	3000	3333	9955	1375	0.99100	1.14779	2.57022		
12:01:45	2000	3000	3333	9955	1371	0.99100	1.14777	2.57193		
12:01:55	2000	3000	3333	9955	1367	0.99100	1.14783	2.57235		
12:02:05	2000	3000	3333	9955	1367	0.99100	1.14783	2.57235		
12:02:15	2000	3000	3333	9955	1359	0.99100	1.14783	2.57564		
12:02:26	2000	3000	3333	9955	1355	0.99100	1.14781	2.57547		
12:02:36	2000	3000	3333	9955	1351	0.99100	1.14785	2.57403		
12:02:46	2000	3000	3333	9955	1347	0.99100	1.14779	2.57562		
12:02:56	2000	3000	3333	9955	1343	0.99100	1.14782	2.57752		
12:03:06	2000	3000	3333	9955	1339	0.99100	1.14780	2.57677		
12:03:16	2000	3000	3333	9955	1335	0.99100	1.14781	2.57738		
12:03:27	2000	3000	3333	9955	1335	0.99100	1.14781	2.57738		
12:03:37	2000	3000	3333	9955	1328	0.99100	1.14786	2.57689		
12:03:47	2000	3000	3333	9955	1324	0.99100	1.14786	2.57711		
12:03:57	2000	3000	3333	9955	1319	0.99100	1.14785	2.57727		
12:04:07	2000	3000	3333	9955	1316	0.99100	1.14789	2.57899		
12:04:18	2000	3000	3333	9955	1311	0.99100	1.14788	2.58103		
12:04:28	2000	3000	3333	9955	1307	0.99100	1.14789	2.57797		
12:04:38	2000	3000	3333	9955	1304	0.99100	1.14789	2.58159		
12:04:48	2000	3000	3333	9955	1300	0.99100	1.14793	2.57936		
12:04:58	2000	3000	3333	9955	1297	0.99100	1.14794	2.57976		
12:05:08	2000	3000	3333	9955	1294	0.99100	1.14795	2.57897		
12:05:18	2000	3000	3333	9955	1290	0.99100	1.14793	2.58630		
12:05:29	2000	3000	3333	9955	1287	0.99100	1.14797	2.58237		
12:05:39	2000	3000	3333	9955	1287	0.99100	1.14797	2.58237		
12:05:49	2000	3000	3333	9955	1277	0.99100	1.14799	2.58209		
12:05:59	2000	3000	3333	9955	1274	0.99100	1.14797	2.58346		
12:06:09	2000	3000	3333	9955	1270	0.99100	1.14802	2.58169		
12:06:20	2000	3000	3333	9955	1266	0.99100	1.14803	2.58409		
12:06:30	2000	3000	3333	9955	1263	0.99100	1.14801	2.58302		
12:06:40	2000	3000	3333	9955	1259	0.99100	1.14803	2.58374		
12:06:50	2000	3000	3333	9955	1255	0.99100	1.14802	2.58386		
12:07:00	2000	3000	3333	9955	1252	0.99100	1.14801	2.58457		
12:07:10	2000	3000	3333	9955	1248	0.99100	1.14800	2.58400		
12:07:21	2000	3000	3333	9955	1248	0.99100	1.14800	2.58400		
12:07:31	2000	3000	3333	9955	1248	0.99100	1.14800	2.58400		
12:07:41	2000	3000	3333	9955	1239	0.99100	1.14806	2.59104		
12:07:51	2000	3000	3333	9955	1236	0.99100	1.14803	2.59597		
12:08:01	2000	3000	3333	9955	1236	0.99100	1.14803	2.59597		
12:08:12	2000	3000	3333	9955	1231	0.99100	1.14803	2.59119		
12:08:22	2000	3000	3333	9955	1231	0.99100	1.14803	2.59119		
12:08:32	2000	3000	3333	9955	1225	0.99100	1.14792	2.59087		
12:08:42	2000	3000	3333	9955	1225	0.99100	1.14792	2.59087		
12:08:52	2000	3000	3333	9955	1218	0.99100	1.14794	2.59469		
12:09:03	2000	3000	3333	9955	1215	0.99100	1.14793	2.59580		
12:09:13	2000	3000	3333	9955	1212	0.99100	1.14790	2.59730		
12:09:23	2000	3000	3333	9955	1209	0.99100	1.14793	2.59385		
12:09:33	2000	3000	3333	9955	1206	0.99100	1.14792	2.59593		
12:09:43	2000	3000	3333	9955	1206	0.99100	1.14792	2.59593		
12:09:53	2000	3000	3333	9955	1200	0.99100	1.14788	2.60046		
12:10:03	2000	3000	3333	9955	1200	0.99100	1.14788	2.60046		
12:10:13	2000	3000	3333	9955	1194	0.99100	1.14783	2.59434		
12:10:23	2000	3000	3333	9955	1191	0.99100	1.14785	2.60942		
12:10:33	2000	3000	3333	9955	1188	0.99100	1.14787	2.61160		
12:10:43	2000	3000	3333	9955	1185	0.99100	1.14787	2.60605		
12:10:54	2000	3000	3333	9955	1185	0.99100	1.14787	2.60605		
12:11:04	2000	3000	3333	9955	1179	0.99100	1.14780	2.60365		
12:11:14	2000	3000	3333	9955	1179	0.99100	1.14780	2.60365		
12:11:24	2000	3000	3333	9955	1173	0.99100	1.14773	2.60432		
12:11:34	2000	3000	3333	9955	1170	0.99100	1.14776	2.60385		
12:11:45	2000	3000	3333	9955	1167	0.99100	1.14772	2.60462		
12:11:55	2000	3000	3333	9955	1164	0.99100	1.14770	2.60793		
12:12:05	2000	3000	3333	9955	1161	0.99100	1.14770	2.60933		
12:12:15	2000	3000	3333	9955	1158	0.99100	1.14769	2.61234		
12:12:25	2000	3000	3333	9955	1155	0.99100	1.14768	2.60853		
12:12:35	2000	3000	3333	9955	1153	0.99100	1.14766	2.61320		
12:12:46	2000	3000	3333	9955	1150	0.99100	1.14766	2.60965		
12:12:56	2000	3000	3333	9955	1147	0.99100	1.14762	2.60723		
12:13:06	2000	3000	3333	9955	1144	0.99100	1.14763	2.60770		
12:13:16	2000	3000	3333	9955	1141	0.99100	1.14764	2.60618		
12:13:26	2000	3000	3333	9955	1138	0.99100	1.14766	2.60979		
12:13:37	2000	3000	3333	9955	1135	0.99100	1.14764	2.61175		
12:13:47	2000	3000	3333	9955	1132	0.99100	1.14758	2.62022		
12:13:57	2000	3000	3333	9955	1129	0.99100	1.14758	2.61274		
12:14:07	2000	3000	3333	9955	1126	0.99100	1.14759	2.61024		
12:14:17	2000	3000	3333	9955	1123	0.99100	1.14755	2.61253		
12:14:28	2000	3000	3333	9955	1120	0.99100	1.14750	2.61630		
12:14:38	2000	3000	3333	9955	1117	0.99100	1.14749	2.61589		
12:14:48	2000	3000	3333	9955	1115	0.99100	1.14750	2.61402		
12:14:58	2000	3000	3333	9955	1112	0.99100	1.14744	2.61196		
12:15:08	2000	3000	3333	9955	1109	0.99100	1.14744	2.61577		
12:15:18	2000	3000	3333	9955	1109	0.99100	1.14744	2.61577		
12:15:29	2000	3000	3333	9955	1103	0.99100	1.14744	2.61652		
12:15:39	2000	3000	3333	9955	1100	0.99100	1.14744	2.61492		
12:15:49	2000	3000	3333	9955	1097	0.99100	1.14744	2.61735		
12:15:59	2000	3000	3333	9955	1094	0.99100	1.14742	2.62157		
12:16:09	2000	3000	3333	9955	1091	0.99100	1.14744	2.62035		
12:16:20	2000	3000	3333	9955	1088	0.99100	1.14744	2.61957		
12:16:30	2000	3000	3333	9955	1085	0.99100	1.14746	2.62195		
12:16:40	2000	3000	3333	9955	1082	0.99100	1.14746	2.62625		
12:16:50	2000	3000	3333	9955	1079	0.99100	1.14742	2.62300		
12:17:00	2000	3000	3333	9955	1076	0.99100	1.14742	2.62219		
12:17:10	2000	3000	3333	9955	1073	0.99100	1.14740	2.63011		
12:17:20	2000	3000	3333	9955	1070	0.99100	1.14736	2.62076		
12:17:31	2000	3000	3333	9955	1070	0.99100	1.14736	2.62076		
12:17:41	2000	3000	3333	9955	1062	0.99100	1.14732	2.62488		
12:17:51	2000	3000	3333	9955	1062	0.99100	1.14732	2.62488		
12:18:01	2000	3000	3333	9955	1062	0.99100	1.14732	2.62488		
12:18:11	2000	3000	3333	9955	1053	0.99100	1.14728	2.62613		
12:18:22	2000	3000	3333	9955	1049	0.99100	1.14724	2.63484		
12:18:32	2000	3000	3333	9955	1046	0.99100	1.14715	2.63573		
12:18:42	2000	3000	3333	9955	1043	0.99100	1.14718	2.63305		
12:18:52	2000	3000	3333	9955	1040	0.99100	1.14715	2.62779		
12:19:02	2000	3000	3333	9955	1037	0.99100	1.14713	2.62703		
12:19:12	2000	3000	3333	9955	1034	0.99100	1.14709	2.63017		
12:19:23	2000	3000	3333	9955	1031	0.99100	1.14714	2.62998		
12:19:33	2000	3000	3333	9955	1027	0.99100	1.14713	2.62789		
12:19:43	2000	3000	3333	9955	1024	0.99100	1.14710	2.62890		
12:19:53	2000	3000	3333	9955	1021	0.99100	1.14713	2.63405		
12:20:03	2000	3000	3333	9955	1017	0.99100	1.14710	2.62914		
12:20:14	2000	3000	3333	9955	1014	0.99100	1.14712	2.63415		
12:20:24	2000	3000	3333	9955	1011	0.99100	1.14712	2.63403		
12:20:34	2000	3000	3333	9955	1008	0.99100	1.14717	2.63337		
12:20:44	2000	3000	3333	9955	1004	0.99100	1.14714	2.63479		
12:20:54	2000	3000	3333	9955	1004	0.99100	1.14714	2.63479		
12:21:05	2000	3000	3333	9955	1004	0.99100	1.14714	2.63479		
12:21:15	2000	3000	3333	9955	994	0.99100	1.14716	2.63108		
12:21:25	2000	3000	3333	9955	991	0.99100	1.14717	2.63061		
12:21:35	2000	3000	3333	9955	987	0.99100	1.14717	2.63666		
12:21:45	2000	3000	3333	9955	987	0.99100	1.14717	2.63666		
12:21:55	2000	3000	3333	9955	980	0.99100	1.14714	2.63313		
12:22:05	2000	3000	3333	9955	977	0.99100	1.14711	2.63192		
12:22:15	2000	3000	3333	9955	973	0.99100	1.14713	2.63484		
12:22:25	2000	3000	3333	9955	970	0.99100	1.14713	2.63433		
12:22:35	2000	3000	3333	9955	970	0.99100	1.14713	2.63433		
12:22:46	2000	3000	3333	9955	962	0.99100	1.14717	2.63227		
12:22:56	2000	3000	3333	9955	958	0.99100	1.14716	2.63350		
12:23:06	2000	3000	3333	9955	953	0.99100	1.14717	2.63229		
12:23:16	2000	3000	3333	9955	949	0.99100	1.14719	2.63060		
12:23:26	2000	3000	3333	9955	945	0.99100	1.14718	2.63568		
12:23:37	2000	3000	3333	9955	942	0.99100	1.14716	2.63584		
12:23:47	2000	3000	3333	9955	942	0.99100	1.14716	2.63584		
12:23:57	2000	3000	3333	9955	934	0.99100	1.14720	2.63674		
12:24:07	2000	3000	3333	9955	931	0.99100	1.14721	2.63602		
12:24:17	2000	3000	3333	9955	927	0.99100	1.14722	2.63971		
12:24:27	2000	3000	3333	9955	924	0.99100	1.14724	2.63993		
12:24:38	2000	3000	3333	9955	920	0.99100	1.14719	2.63926		
12:24:48	2000	3000	3333	9955	920	0.99100	1.14719	2.63926		
12:25:29	2000	3000	3333	9955	904	0.99100	1.14713	2.64086		
12:25:39	2000	3000	3333	9955	901	0.99100	1.14712	2.64530		
12:25:49	2000	3000	3333	9955	898	0.99100	1.14711	2.63940		
12:25:59	2000	3000	3333	9955	895	0.99100	1.14712	2.63814		
12:26:09	2000	3000	3333	9955	891	0.99100	1.14712	2.64290		
12:26:20	2000	3000	3333	9955	887	0.99100	1.14714	2.64395		
12:26:30	2000	3000	3333	9955	884	0.99100	1.14712	2.63997		
12:26:40	2000	3000	3333	9955	881	0.99100	1.14709	2.64464		
12:26:50	2000	3000	3333	9955	878	0.99100	1.14707	2.64683		
12:27:00	2000	3000	3333	9955	874	0.99100	1.14710	2.64327		
12:27:10	2000	3000	3333	9955	871	0.99100	1.14712	2.64583		
12:27:21	2000	3000	3333	9955	869	0.99100	1.14708	2.64452		
12:27:31	2000	3000	3333	9955	866	0.99100	1.14709	2.64705		
12:27:41	2000	3000	3333	9955	863	0.99100	1.14705	2.65377		
12:27:51	2000	3000	3333	9955	860	0.99100	1.14707	2.66373		
12:28:01	2000	3000	3333	9955	857	0.99100	1.14708	2.65524		
12:28:12	2000	3000	3333	9955	857	0.99100	1.14708	2.65524		
12:28:32	2000	3000	3333	9955	847	0.99100	1.14702	2.65732		
12:28:42	2000	3000	3333	9955	844	0.99100	1.14700	2.65616		
12:28:52	2000	3000	3333	9955	841	0.99100	1.14703	2.66262		
12:29:02	2000	3000	3333	9955	839	0.99100	1.14700	2.67038		
12:29:12	2000	3000	3333	9955	839	0.99100	1.14700	2.67038		
12:29:23	2000	3000	3333	9955	832	0.99100	1.14698	2.65726		
12:29:33	2000	3000	3333	9955	825	0.99100	1.14694	2.66339		
12:29:43	2000	3000	3333	9955	821	0.99100	1.14690	2.66712		
12:29:53	2000	3000	3333	9955	818	0.99100	1.14692	2.65705		
12:30:03	2000	3000	3333	9955	816	0.99100	1.14688	2.66012		
12:30:14	2000	3000	3333	9955	812	0.99100	1.14686	2.67005		
12:30:24	2000	3000	3333	9955	812	0.99100	1.14686	2.67005		
12:30:34	2000	3000	3333	9955	812	0.99100	1.14686	2.67005		
