

			DELHI AIRPORT : 30 m Base line


Time	RVR	 MOR	RVR	MOR	BLM	Trf	 Ref(v)	PD(v)
	(limited)	(limited)	(actual)	(actual)

00:11:33	2000	3000	3333	9955	16	0.99100	1.13965	2.74214		
00:11:43	2000	3000	3333	9955	16	0.99100	1.13966	2.72130		
00:11:53	2000	3000	3333	9955	16	0.99100	1.13963	2.72628		
00:12:04	2000	3000	3333	9955	16	0.99100	1.13962	2.73237		
00:12:14	2000	3000	3333	9955	16	0.99100	1.13964	2.76587		
00:12:24	2000	3000	3333	9955	16	0.99100	1.13964	2.76958		
00:12:34	2000	3000	3333	9955	16	0.99100	1.13966	2.74683		
00:12:44	2000	3000	3333	9955	16	0.99100	1.13970	2.73100		
00:12:55	2000	3000	3333	9955	16	0.99100	1.13970	2.72537		
00:13:05	2000	3000	3333	9955	17	0.99100	1.13969	2.75904		
00:13:15	2000	3000	3333	9955	17	0.99100	1.13966	2.74157		
00:13:25	2000	3000	3333	9955	18	0.99100	1.13966	2.69125		
00:13:35	2000	3000	3333	9955	18	0.99100	1.13967	2.68923		
00:13:46	2000	3000	3333	9955	19	0.99100	1.13965	2.68525		
00:13:56	2000	3000	3333	9955	19	0.99100	1.13969	2.68793		
00:14:06	2000	3000	3333	9955	20	0.99100	1.13964	2.69808		
00:14:16	2000	3000	3333	9955	21	0.99100	1.13965	2.69157		
00:14:26	2000	3000	3333	9955	22	0.99100	1.13967	2.69949		
00:14:36	2000	3000	3333	9955	22	0.99100	1.13966	2.68898		
00:14:47	2000	3000	3333	9955	23	0.99100	1.13963	2.68949		
00:14:57	2000	3000	3333	9955	25	0.99100	1.13968	2.69419		
00:15:07	2000	3000	3333	9955	26	0.99100	1.13966	2.72755		
00:15:17	2000	3000	3333	9955	27	0.99100	1.13972	2.68238		
00:15:27	2000	3000	3333	9955	28	0.99100	1.13972	2.68834		
00:15:37	2000	3000	3333	9955	29	0.99100	1.13978	2.69982		
00:15:47	2000	3000	3333	9955	30	0.99100	1.13973	2.68629		
00:15:57	2000	3000	3333	9955	32	0.99100	1.13978	2.70585		
00:16:07	2000	3000	3333	9955	33	0.99100	1.13975	2.68479		
00:16:17	2000	3000	3333	9955	34	0.99100	1.13977	2.70039		
00:16:27	2000	3000	3333	9955	36	0.99100	1.13978	2.70878		
00:16:38	2000	3000	3333	9955	37	0.99100	1.13977	2.69960		
00:16:48	2000	3000	3333	9955	39	0.99100	1.13981	2.71419		
00:16:58	2000	3000	3333	9955	40	0.99100	1.13978	2.75836		
00:17:08	2000	3000	3333	9955	41	0.99100	1.13983	2.74577		
00:17:18	2000	3000	3333	9955	43	0.99100	1.13980	2.79126		
00:17:29	2000	3000	3333	9955	44	0.99100	1.13984	2.76608		
00:17:39	2000	3000	3333	9955	45	0.99100	1.13981	2.81203		
00:17:49	2000	3000	3333	9955	47	0.99100	1.13983	2.74154		
00:17:59	2000	3000	3333	9955	48	0.99100	1.13982	2.73937		
00:18:09	2000	3000	3333	9955	49	0.99100	1.13980	2.71703		
00:18:20	2000	3000	3333	9955	51	0.99100	1.13979	2.72164		
00:18:30	2000	3000	3333	9955	52	0.99100	1.13979	2.71858		
00:18:40	2000	3000	3333	9955	53	0.99100	1.13979	2.72396		
00:18:50	2000	3000	3333	9955	54	0.99100	1.13976	2.74295		
00:19:00	2000	3000	3333	9955	56	0.99100	1.13975	2.74067		
00:19:10	2000	3000	3333	9955	57	0.99100	1.13978	2.71745		
00:19:21	2000	3000	3333	9955	58	0.99100	1.13980	2.71248		
00:19:31	2000	3000	3333	9955	59	0.99100	1.13980	2.71289		
00:19:41	2000	3000	3333	9955	60	0.99100	1.13978	2.74190		
00:19:51	2000	3000	3333	9955	62	0.99100	1.13975	2.72981		
00:20:01	2000	3000	3333	9955	63	0.99100	1.13973	2.72041		
00:20:12	2000	3000	3333	9955	64	0.99100	1.13976	2.72323		
00:20:22	2000	3000	3333	9955	65	0.99100	1.13977	2.70949		
00:20:32	2000	3000	3333	9955	66	0.99100	1.13981	2.69123		
00:20:42	2000	3000	3333	9955	67	0.99100	1.13982	2.70446		
00:20:52	2000	3000	3333	9955	68	0.99100	1.13987	2.72335		
00:21:03	2000	3000	3333	9955	70	0.99100	1.13989	2.71163		
00:21:13	2000	3000	3333	9955	71	0.99100	1.13987	2.69351		
00:21:23	2000	3000	3333	9955	72	0.99100	1.13985	2.70451		
00:21:33	2000	3000	3333	9955	73	0.99100	1.13989	2.69933		
00:21:43	2000	3000	3333	9955	74	0.99100	1.13992	2.69667		
00:21:53	2000	3000	3333	9955	75	0.99100	1.13989	2.69984		
00:22:04	2000	3000	3333	9955	76	0.99100	1.13991	2.69073		
00:22:14	2000	3000	3333	9955	77	0.99100	1.13992	2.70133		
00:22:24	2000	3000	3333	9955	78	0.99100	1.13991	2.69611		
00:22:34	2000	3000	3333	9955	79	0.99100	1.13993	2.71933		
00:22:44	2000	3000	3333	9955	80	0.99100	1.13993	2.74174		
00:22:55	2000	3000	3333	9955	81	0.99100	1.13994	2.75037		
00:23:05	2000	3000	3333	9955	82	0.99100	1.14000	2.81405		
00:23:15	2000	3000	3333	9955	83	0.99100	1.14003	2.78322		
00:23:25	2000	3000	3333	9955	84	0.99100	1.14000	2.73708		
00:23:35	2000	3000	3333	9955	85	0.99100	1.14000	2.72273		
00:23:45	2000	3000	3333	9955	86	0.99100	1.13994	2.71085		
00:23:56	2000	3000	3333	9955	87	0.99100	1.13995	2.75102		
00:24:06	2000	3000	3333	9955	88	0.99100	1.13996	2.74309		
00:24:16	2000	3000	3333	9955	91	0.99100	1.13989	2.73266		
00:24:26	2000	3000	3333	9955	92	0.99100	1.13988	2.72878		
00:24:36	2000	3000	3333	9955	93	0.99100	1.13988	2.72370		
00:24:46	2000	3000	3333	9955	94	0.99100	1.13989	2.73454		
00:24:57	2000	3000	3333	9955	96	0.99100	1.13989	2.78136		
00:25:07	2000	3000	3333	9955	97	0.99100	1.13995	2.76489		
00:25:17	2000	3000	3333	9955	98	0.99100	1.13999	2.78483		
00:25:27	2000	3000	3333	9955	100	0.99100	1.14001	2.74301		
00:25:37	2000	3000	3333	9955	101	0.99100	1.14002	2.71506		
00:25:48	2000	3000	3333	9955	102	0.99100	1.13997	2.71572		
00:25:58	2000	3000	3333	9955	103	0.99100	1.13996	2.75405		
00:26:08	2000	3000	3333	9955	105	0.99100	1.13995	2.70774		
00:26:18	2000	3000	3333	9955	106	0.99100	1.13990	2.72155		
00:26:28	2000	3000	3333	9955	108	0.99100	1.13989	2.72854		
00:26:39	2000	3000	3333	9955	109	0.99100	1.13984	2.73874		
00:26:49	2000	3000	3333	9955	110	0.99100	1.13979	2.74006		
00:26:59	2000	3000	3333	9955	112	0.99100	1.13985	2.73189		
00:27:09	2000	3000	3333	9955	113	0.99100	1.13980	2.71423		
00:27:19	2000	3000	3333	9955	114	0.99100	1.13978	2.72328		
00:27:29	2000	3000	3333	9955	115	0.99100	1.13981	2.70738		
00:27:39	2000	3000	3333	9955	116	0.99100	1.13978	2.70032		
00:27:49	2000	3000	3333	9955	118	0.99100	1.13979	2.74206		
00:27:59	2000	3000	3333	9955	119	0.99100	1.13980	2.73169		
00:28:10	2000	3000	3333	9955	120	0.99100	1.13981	2.71101		
00:28:20	2000	3000	3333	9955	121	0.99100	1.13974	2.69976		
00:28:30	2000	3000	3333	9955	122	0.99100	1.13969	2.70273		
00:28:40	2000	3000	3333	9955	123	0.99100	1.13973	2.69050		
00:28:50	2000	3000	3333	9955	125	0.99100	1.13967	2.69501		
00:29:01	2000	3000	3333	9955	126	0.99100	1.13972	2.68361		
00:29:11	2000	3000	3333	9955	127	0.99100	1.13974	2.67457		
00:29:21	2000	3000	3333	9955	129	0.99100	1.13970	2.69212		
00:29:31	2000	3000	3333	9955	130	0.99100	1.13974	2.68815		
00:29:41	2000	3000	3333	9955	131	0.99100	1.13970	2.68841		
00:29:51	2000	3000	3333	9955	133	0.99100	1.13967	2.68211		
00:30:02	2000	3000	3333	9955	134	0.99100	1.13968	2.70800		
00:30:12	2000	3000	3333	9955	135	0.99100	1.13970	2.76872		
00:30:22	2000	3000	3333	9955	137	0.99100	1.13970	2.74225		
00:30:32	2000	3000	3333	9955	138	0.99100	1.13978	2.76248		
00:30:42	2000	3000	3333	9955	140	0.99100	1.13979	2.78832		
00:30:53	2000	3000	3333	9955	141	0.99100	1.13977	2.73033		
00:31:03	2000	3000	3333	9955	143	0.99100	1.13976	2.73760		
00:31:13	2000	3000	3333	9955	144	0.99100	1.13977	2.73494		
00:31:23	2000	3000	3333	9955	146	0.99100	1.13972	2.74611		
00:31:33	2000	3000	3333	9955	148	0.99100	1.13970	2.70874		
00:31:44	2000	3000	3333	9955	150	0.99100	1.13964	2.74746		
00:31:54	2000	3000	3333	9955	152	0.99100	1.13967	2.78475		
00:32:04	2000	3000	3333	9955	154	0.99100	1.13966	2.70876		
00:32:14	2000	3000	3333	9955	156	0.99100	1.13961	2.69802		
00:32:24	2000	3000	3333	9955	158	0.99100	1.13965	2.72007		
00:32:34	2000	3000	3333	9955	160	0.99100	1.13966	2.72252		
00:32:45	2000	3000	3333	9955	162	0.99100	1.13964	2.71798		
00:32:55	2000	3000	3333	9955	165	0.99100	1.13964	2.76626		
00:33:05	2000	3000	3333	9955	168	0.99100	1.13963	2.79091		
00:33:15	2000	3000	3333	9955	170	0.99100	1.13960	2.73988		
00:33:25	2000	3000	3333	9955	173	0.99100	1.13959	2.76851		
00:33:36	2000	3000	3333	9955	175	0.99100	1.13966	2.71550		
00:33:46	2000	3000	3333	9955	177	0.99100	1.13963	2.70416		
00:33:56	2000	3000	3333	9955	180	0.99100	1.13965	2.72225		
00:34:06	2000	3000	3333	9955	183	0.99100	1.13956	2.74437		
00:34:16	2000	3000	3333	9955	186	0.99100	1.13961	2.71633		
00:34:26	2000	3000	3333	9955	188	0.99100	1.13955	2.71930		
00:34:36	2000	3000	3333	9955	191	0.99100	1.13956	2.77587		
00:34:47	2000	3000	3333	9955	194	0.99100	1.13960	2.71497		
00:34:57	2000	3000	3333	9955	196	0.99100	1.13953	2.70679		
00:35:07	2000	3000	3333	9955	199	0.99100	1.13947	2.69327		
00:35:17	2000	3000	3333	9955	202	0.99100	1.13946	2.70888		
00:35:27	2000	3000	3333	9955	204	0.99100	1.13949	2.69952		
00:35:38	2000	3000	3333	9955	207	0.99100	1.13951	2.69899		
00:35:48	2000	3000	3333	9955	212	0.99100	1.13950	2.68383		
00:35:58	2000	3000	3333	9955	214	0.99100	1.13954	2.68241		
00:36:08	2000	3000	3333	9955	216	0.99100	1.13952	2.67725		
00:36:18	2000	3000	3333	9955	217	0.99100	1.13949	2.70017		
00:36:28	2000	3000	3333	9955	219	0.99100	1.13950	2.68889		
00:36:39	2000	3000	3333	9955	221	0.99100	1.13944	2.67580		
00:36:49	2000	3000	3333	9955	224	0.99100	1.13952	2.68926		
00:36:59	2000	3000	3333	9955	225	0.99100	1.13950	2.69951		
00:37:09	2000	3000	3333	9955	227	0.99100	1.13956	2.71960		
00:37:19	2000	3000	3333	9955	229	0.99100	1.13958	2.72149		
00:37:30	2000	3000	3333	9955	231	0.99100	1.13952	2.69666		
00:37:40	2000	3000	3333	9955	233	0.99100	1.13957	2.68229		
00:37:50	2000	3000	3333	9955	235	0.99100	1.13958	2.68118		
00:38:00	2000	3000	3333	9955	237	0.99100	1.13956	2.67252		
00:38:10	2000	3000	3333	9955	240	0.99100	1.13958	2.68105		
00:38:20	2000	3000	3333	9955	242	0.99100	1.13961	2.68051		
00:38:31	2000	3000	3333	9955	244	0.99100	1.13959	2.68374		
00:38:41	2000	3000	3333	9955	246	0.99100	1.13960	2.67886		
00:38:51	2000	3000	3333	9955	247	0.99100	1.13964	2.67259		
00:39:01	2000	3000	3333	9955	249	0.99100	1.13961	2.66620		
00:39:11	2000	3000	3333	9955	251	0.99100	1.13962	2.67188		
00:39:21	2000	3000	3333	9955	252	0.99100	1.13963	2.67191		
00:39:31	2000	3000	3333	9955	253	0.99100	1.13968	2.67412		
00:39:41	2000	3000	3333	9955	253	0.99100	1.13966	2.68751		
00:39:51	2000	3000	3333	9955	254	0.99100	1.13971	2.69388		
00:40:01	2000	3000	3333	9955	255	0.99100	1.13969	2.67893		
00:40:11	2000	3000	3333	9955	255	0.99100	1.13974	2.66301		
00:40:22	2000	3000	3333	9955	255	0.99100	1.13970	2.67765		
00:40:32	2000	3000	3333	9955	255	0.99100	1.13970	2.67338		
00:40:42	2000	3000	3333	9955	254	0.99100	1.13972	2.66280		
00:40:52	2000	3000	3333	9955	252	0.99100	1.13970	2.66293		
00:41:02	2000	3000	3333	9955	251	0.99100	1.13974	2.67058		
00:41:13	2000	3000	3333	9955	249	0.99100	1.13973	2.66647		
00:41:23	2000	3000	3333	9955	247	0.99100	1.13976	2.67155		
00:41:33	2000	3000	3333	9955	244	0.99100	1.13977	2.68562		
00:41:43	2000	3000	3333	9955	240	0.99100	1.13979	2.68556		
00:41:53	2000	3000	3333	9955	237	0.99100	1.13982	2.67978		
00:42:03	2000	3000	3333	9955	233	0.99100	1.13985	2.68371		
00:42:14	2000	3000	3333	9955	229	0.99100	1.13984	2.67579		
00:42:24	2000	3000	3333	9955	225	0.99100	1.13983	2.66377		
00:42:34	2000	3000	3333	9955	221	0.99100	1.13981	2.67823		
00:42:44	2000	3000	3333	9955	218	0.99100	1.13988	2.67055		
00:42:54	2000	3000	3333	9955	214	0.99100	1.13989	2.66032		
00:43:05	2000	3000	3333	9955	210	0.99100	1.13988	2.66313		
00:43:15	2000	3000	3333	9955	207	0.99100	1.13988	2.66391		
00:43:25	2000	3000	3333	9955	203	0.99100	1.13995	2.66265		
00:43:35	2000	3000	3333	9955	200	0.99100	1.13991	2.67084		
00:43:45	2000	3000	3333	9955	197	0.99100	1.13994	2.66519		
00:43:55	2000	3000	3333	9955	194	0.99100	1.13995	2.66065		
00:44:06	2000	3000	3333	9955	191	0.99100	1.13998	2.66217		
00:44:16	2000	3000	3333	9955	189	0.99100	1.14000	2.66472		
00:44:26	2000	3000	3333	9955	187	0.99100	1.14000	2.66472		
00:44:36	2000	3000	3333	9955	186	0.99100	1.14007	2.66385		
00:44:46	2000	3000	3333	9955	184	0.99100	1.14003	2.67415		
00:44:57	2000	3000	3333	9955	183	0.99100	1.14005	2.68092		
00:45:07	2000	3000	3333	9955	182	0.99100	1.14013	2.67841		
00:45:17	2000	3000	3333	9955	181	0.99100	1.14009	2.70661		
00:45:27	2000	3000	3333	9955	181	0.99100	1.14010	2.68211		
00:45:37	2000	3000	3333	9955	180	0.99100	1.14011	2.67609		
00:45:48	2000	3000	3333	9955	180	0.99100	1.14016	2.67115		
00:45:58	2000	3000	3333	9955	179	0.99100	1.14018	2.68069		
00:46:08	2000	3000	3333	9955	180	0.99100	1.14018	2.69837		
00:46:18	2000	3000	3333	9955	180	0.99100	1.14019	2.72885		
00:46:28	2000	3000	3333	9955	180	0.99100	1.14019	2.71646		
00:46:38	2000	3000	3333	9955	181	0.99100	1.14017	2.69552		
00:46:48	2000	3000	3333	9955	182	0.99100	1.14015	2.69906		
00:46:59	2000	3000	3333	9955	183	0.99100	1.14019	2.70684		
00:47:09	2000	3000	3333	9955	184	0.99100	1.14016	2.70055		
00:47:19	2000	3000	3333	9955	186	0.99100	1.14013	2.68645		
00:47:29	2000	3000	3333	9955	188	0.99100	1.14014	2.68075		
00:47:39	2000	3000	3333	9955	190	0.99100	1.14016	2.69323		
00:47:50	2000	3000	3333	9955	194	0.99100	1.14026	2.71298		
00:48:00	2000	3000	3333	9955	197	0.99100	1.14025	2.68953		
00:48:10	2000	3000	3333	9955	199	0.99100	1.14029	2.69364		
00:48:20	2000	3000	3333	9955	202	0.99100	1.14028	2.69861		
00:48:30	2000	3000	3333	9955	206	0.99100	1.14029	2.68921		
00:48:41	2000	3000	3333	9955	209	0.99100	1.14025	2.68634		
00:48:51	2000	3000	3333	9955	213	0.99100	1.14027	2.69262		
00:49:01	2000	3000	3333	9955	216	0.99100	1.14028	2.72261		
00:49:11	2000	3000	3333	9955	219	0.99100	1.14032	2.73544		
00:49:21	2000	3000	3333	9955	223	0.99100	1.14032	2.74382		
00:49:31	2000	3000	3333	9955	226	0.99100	1.14029	2.71723		
00:49:42	2000	3000	3333	9955	230	0.99100	1.14028	2.70554		
00:49:52	2000	3000	3333	9955	233	0.99100	1.14028	2.72946		
00:50:02	2000	3000	3333	9955	236	0.99100	1.14027	2.78411		
00:50:12	2000	3000	3333	9955	240	0.99100	1.14030	2.74720		
00:50:22	2000	3000	3333	9955	243	0.99100	1.14031	2.83614		
00:50:32	2000	3000	3333	9955	246	0.99100	1.14023	2.78437		
00:50:43	2000	3000	3333	9955	249	0.99100	1.14026	2.75606		
00:50:53	2000	3000	3333	9955	253	0.99100	1.14022	2.73869		
00:51:03	2000	3000	3333	9955	256	0.99100	1.14022	2.74817		
00:51:13	2000	3000	3333	9955	259	0.99100	1.14023	2.75869		
00:51:23	2000	3000	3333	9955	262	0.99100	1.14021	2.77334		
00:51:33	2000	3000	3333	9955	265	0.99100	1.14020	2.76519		
00:51:43	2000	3000	3333	9955	268	0.99100	1.14022	2.72454		
00:51:53	2000	3000	3333	9955	272	0.99100	1.14016	2.72438		
00:52:03	2000	3000	3333	9955	275	0.99100	1.14015	2.73388		
00:52:13	2000	3000	3333	9955	278	0.99100	1.14016	2.76001		
00:52:23	2000	3000	3333	9955	281	0.99100	1.14010	2.73129		
00:52:33	2000	3000	3333	9955	284	0.99100	1.14016	2.75696		
00:52:44	2000	3000	3333	9955	288	0.99100	1.14010	2.73533		
00:52:54	2000	3000	3333	9955	291	0.99100	1.14008	2.76872		
00:53:04	2000	3000	3333	9955	295	0.99100	1.14008	2.76548		
00:53:14	2000	3000	3333	9955	299	0.99100	1.14010	2.75484		
00:53:24	2000	3000	3333	9955	303	0.99100	1.14006	2.75584		
00:53:35	2000	3000	3333	9955	307	0.99100	1.14005	2.73277		
00:53:45	2000	3000	3333	9955	311	0.99100	1.14001	2.74171		
00:53:55	2000	3000	3333	9955	315	0.99100	1.14006	2.77568		
00:54:05	2000	3000	3333	9955	320	0.99100	1.14003	2.73871		
00:54:15	2000	3000	3333	9955	325	0.99100	1.14006	2.78100		
00:54:26	2000	3000	3333	9955	329	0.99100	1.14007	2.74919		
00:54:36	2000	3000	3333	9955	334	0.99100	1.14010	2.74916		
00:54:46	2000	3000	3333	9955	339	0.99100	1.14006	2.76948		
00:54:56	2000	3000	3333	9955	344	0.99100	1.14002	2.77030		
00:55:06	2000	3000	3333	9955	349	0.99100	1.14003	2.79909		
00:55:16	2000	3000	3333	9955	354	0.99100	1.14013	2.80054		
00:55:27	2000	3000	3333	9955	360	0.99100	1.14008	2.79460		
00:55:37	2000	3000	3333	9955	365	0.99100	1.14006	2.77425		
00:55:47	2000	3000	3333	9955	372	0.99100	1.14004	2.80888		
00:55:57	2000	3000	3333	9955	378	0.99100	1.14001	2.82830		
00:56:07	2000	3000	3333	9955	385	0.99100	1.14002	2.81980		
00:56:18	2000	3000	3333	9955	392	0.99100	1.14005	2.79464		
00:56:28	2000	3000	3333	9955	399	0.99100	1.14003	2.80540		
00:56:38	2000	3000	3333	9955	406	0.99100	1.13998	2.77018		
00:56:48	2000	3000	3333	9955	414	0.99100	1.13993	2.76997		
00:56:58	2000	3000	3333	9955	421	0.99100	1.13991	2.78893		
00:57:09	2000	3000	3333	9955	428	0.99100	1.13993	2.76994		
00:57:19	2000	3000	3333	9955	436	0.99100	1.13989	2.79704		
00:57:29	2000	3000	3333	9955	445	0.99100	1.13993	2.80529		
00:57:39	2000	3000	3333	9955	454	0.99100	1.13991	2.86153		
00:57:49	2000	3000	3333	9955	463	0.99100	1.13998	2.82942		
00:57:59	2000	3000	3333	9955	472	0.99100	1.14003	2.86232		
00:58:10	2000	3000	3333	9955	481	0.99100	1.14001	2.81532		
00:58:20	2000	3000	3333	9955	490	0.99100	1.14003	2.80027		
00:58:30	2000	3000	3333	9955	500	0.99100	1.13999	2.79735		
00:58:40	2000	3000	3333	9955	510	0.99100	1.13996	2.81335		
00:58:50	2000	3000	3333	9955	521	0.99100	1.13996	2.79983		
00:59:00	2000	3000	3333	9955	532	0.99100	1.13995	2.79832		
00:59:11	2000	3000	3333	9955	543	0.99100	1.13999	2.88591		
00:59:21	2000	3000	3333	9955	555	0.99100	1.14002	2.84803		
00:59:31	2000	3000	3333	9955	566	0.99100	1.13998	2.80553		
00:59:41	2000	3000	3333	9955	578	0.99100	1.13993	2.81017		
00:59:51	2000	3000	3333	9955	591	0.99100	1.13988	2.78607		
01:00:01	2000	3000	3333	9955	620	0.99100	1.13981	2.76923		
01:00:12	2000	3000	3333	9955	634	0.99100	1.13980	2.77320		
01:00:22	2000	3000	3333	9955	647	0.99100	1.13972	2.77492		
01:00:32	2000	3000	3333	9955	662	0.99100	1.13971	2.80853		
01:00:42	2000	3000	3333	9955	678	0.99100	1.13969	2.78952		
01:00:52	2000	3000	3333	9955	693	0.99100	1.13967	2.84440		
01:01:03	2000	3000	3333	9955	709	0.99100	1.13967	2.80359		
01:01:13	2000	3000	3333	9955	726	0.99100	1.13966	2.78263		
01:01:23	2000	3000	3333	9955	743	0.99100	1.13966	2.80029		
01:01:33	2000	3000	3333	9955	760	0.99100	1.13923	2.79547		
01:01:43	2000	3000	3333	9955	778	0.99100	1.13922	2.77517		
01:01:54	2000	3000	3333	9955	796	0.99100	1.13922	2.78155		
01:02:04	2000	3000	3333	9955	815	0.99100	1.13923	2.76616		
01:02:14	2000	3000	3333	9955	835	0.99100	1.13918	2.76510		
01:02:24	2000	3000	3333	9955	854	0.99100	1.13924	2.83521		
01:02:34	2000	3000	3333	9955	872	0.99100	1.13920	2.80553		
01:02:44	2000	3000	3333	9955	890	0.99100	1.13921	2.76655		
01:02:54	2000	3000	3333	9955	909	0.99100	1.13924	2.76804		
01:03:04	2000	3000	3333	9955	927	0.99100	1.13927	2.80279		
01:03:14	2000	3000	3333	9955	946	0.99100	1.13925	2.76119		
01:03:25	2000	3000	3333	9955	965	0.99100	1.13925	2.76468		
01:03:35	2000	3000	3333	9955	984	0.99100	1.13922	2.75889		
01:03:45	2000	3000	3333	9955	1003	0.99100	1.13925	2.76785		
01:03:55	2000	3000	3333	9955	1023	0.99100	1.13922	2.78279		
01:04:05	2000	3000	3333	9955	1044	0.99100	1.13926	2.77589		
01:04:15	2000	3000	3333	9955	1065	0.99100	1.13919	2.77555		
01:04:26	2000	3000	3333	9955	1087	0.99100	1.13922	2.78570		
01:04:36	2000	3000	3333	9955	1110	0.99100	1.13926	2.76065		
01:04:46	2000	3000	3333	9955	1135	0.99100	1.13924	2.75532		
01:04:56	2000	3000	3333	9955	1158	0.99100	1.13928	2.76236		
01:05:06	2000	3000	3333	9955	1182	0.99100	1.13929	2.74580		
01:05:16	2000	3000	3333	9955	1207	0.99100	1.13933	2.80316		
01:05:27	2000	3000	3333	9955	1233	0.99100	1.13934	2.80736		
01:05:37	2000	3000	3333	9955	1260	0.99100	1.13932	2.79715		
01:05:47	2000	3000	3333	9955	1289	0.99100	1.13932	2.79359		
01:05:57	2000	3000	3333	9955	1319	0.99100	1.13931	2.78151		
01:06:07	2000	3000	3333	9955	1351	0.99100	1.13937	2.77721		
01:06:18	2000	3000	3333	9955	1382	0.99100	1.13939	2.77516		
01:06:28	2000	3000	3333	9955	1421	0.99100	1.13936	2.77038		
01:06:38	2000	3000	3333	9955	1458	0.99100	1.13940	2.79494		
01:06:48	2000	3000	3333	9955	1495	0.99100	1.13942	2.80658		
01:06:58	2000	3000	3333	9955	1532	0.99100	1.13938	2.80000		
01:07:09	2000	3000	3333	9955	1571	0.99100	1.13940	2.79164		
01:07:19	2000	3000	3333	9955	1611	0.99100	1.13942	2.79507		
01:07:29	2000	3000	3333	9955	1650	0.99100	1.13943	2.79627		
01:07:39	2000	3000	3333	9955	1689	0.99100	1.13941	2.78133		
01:07:49	2000	3000	3333	9955	1729	0.99100	1.13942	2.78476		
01:07:59	2000	3000	3333	9955	1767	0.99100	1.13945	2.79706		
01:08:10	2000	3000	3333	9955	1806	0.99100	1.13946	2.78469		
01:08:20	2000	3000	3333	9955	1843	0.99100	1.13951	2.77249		
01:08:30	2000	3000	3333	9955	1881	0.99100	1.13949	2.82375		
01:08:40	2000	3000	3333	9955	1916	0.99100	1.13945	2.80827		
01:08:50	2000	3000	3333	9955	1946	0.99100	1.13945	2.80940		
01:09:01	2000	3000	3333	9955	1974	0.99100	1.13947	2.78618		
01:09:11	2000	3000	3333	9955	1997	0.99100	1.13949	2.81269		
01:09:21	2000	3000	3333	9955	2018	0.99100	1.13949	2.85064		
01:09:31	2000	3000	3333	9955	2036	0.99100	1.13947	2.83808		
01:09:41	2000	3000	3333	9955	2052	0.99100	1.13947	2.82325		
01:09:52	2000	3000	3333	9955	2063	0.99100	1.13947	2.78775		
01:10:02	2000	3000	3333	9955	2072	0.99100	1.13946	2.80138		
01:10:12	2000	3000	3333	9955	2079	0.99100	1.13947	2.81958		
01:10:22	2000	3000	3333	9955	2080	0.99100	1.13946	2.83265		
01:10:32	2000	3000	3333	9955	2078	0.99100	1.13941	2.81636		
01:10:42	2000	3000	3333	9955	2072	0.99100	1.13940	2.81034		
01:10:52	2000	3000	3333	9955	2063	0.99100	1.13942	2.79579		
01:11:03	2000	3000	3333	9955	2051	0.99100	1.13945	2.80859		
01:11:13	2000	3000	3333	9955	2039	0.99100	1.13943	2.80075		
01:11:23	2000	3000	3333	9955	2039	0.99100	1.13943	2.80075		


			DELHI AIRPORT : 30 m Base line


Time	RVR	 MOR	RVR	MOR	BLM	Trf	 Ref(v)	PD(v)
	(limited)	(limited)	(actual)	(actual)

01:33:07	2000	3000	1659	9955	1296	0.99100	1.13926	2.77750		
01:33:17	2000	3000	3318	9955	1291	0.99100	1.13925	2.81499		
01:33:27	2000	3000	3333	9955	1287	0.99100	1.13929	2.80583		
01:33:38	2000	3000	3333	9955	1284	0.99100	1.13934	2.78782		
01:33:48	2000	3000	3333	9955	1282	0.99100	1.13936	2.79278		
01:33:58	2000	3000	3333	9955	1281	0.99100	1.13932	2.77437		
01:34:08	2000	3000	3333	9955	1280	0.99100	1.13932	2.76451		
01:34:18	2000	3000	3333	9955	1280	0.99100	1.13931	2.77399		
01:34:28	2000	3000	3333	9955	1280	0.99100	1.13930	2.78756		
01:34:38	2000	3000	3333	9955	1281	0.99100	1.13931	2.76647		
01:34:48	2000	3000	3333	9955	1284	0.99100	1.13923	2.79835		
01:34:58	2000	3000	3333	9955	1289	0.99100	1.13923	2.81476		
01:35:08	2000	3000	3333	9955	1293	0.99100	1.13923	2.84698		
01:35:18	2000	3000	3333	9955	1297	0.99100	1.13924	2.83803		
01:35:28	2000	3000	3333	9955	1300	0.99100	1.13923	2.79392		
01:35:38	2000	3000	3333	9955	1305	0.99100	1.13921	2.80918		
01:35:49	2000	3000	3333	9955	1310	0.99100	1.13923	2.84663		
01:35:59	2000	3000	3333	9955	1317	0.99100	1.13918	2.80951		
01:36:09	2000	3000	3333	9955	1324	0.99100	1.13916	2.81446		
01:36:19	2000	3000	3333	9955	1332	0.99100	1.13918	2.81498		
01:36:29	2000	3000	3333	9955	1339	0.99100	1.13915	2.83411		
01:36:39	2000	3000	3333	9955	1348	0.99100	1.13914	2.85356		
01:36:49	2000	3000	3333	9955	1356	0.99100	1.13912	2.85255		
01:36:59	2000	3000	3333	9955	1364	0.99100	1.13909	2.82457		
01:37:09	2000	3000	3333	9955	1373	0.99100	1.13906	2.89809		
01:37:19	2000	3000	3333	9955	1381	0.99100	1.13909	2.82234		
01:37:29	2000	3000	3333	9955	1392	0.99100	1.13907	2.83587		
01:37:39	2000	3000	3333	9955	1404	0.99100	1.13901	2.85134		
01:37:49	2000	3000	3333	9955	1418	0.99100	1.13906	2.85507		
01:38:00	2000	3000	3333	9955	1433	0.99100	1.13911	2.85533		
01:38:10	2000	3000	3333	9955	1449	0.99100	1.13912	2.86979		
01:38:20	2000	3000	3333	9955	1467	0.99100	1.13913	2.89572		
01:38:30	2000	3000	3333	9955	1485	0.99100	1.13919	2.87388		
01:38:40	2000	3000	3333	9955	1506	0.99100	1.13921	2.85840		
01:38:50	2000	3000	3333	9955	1529	0.99100	1.13919	2.85148		
01:39:00	2000	3000	3333	9955	1554	0.99100	1.13918	2.81704		
01:39:10	2000	3000	3333	9955	1581	0.99100	1.13917	2.87526		
01:39:20	2000	3000	3333	9955	1609	0.99100	1.13919	2.84210		
01:39:30	2000	3000	3333	9955	1640	0.99100	1.13915	2.82124		
01:39:40	2000	3000	3333	9955	1674	0.99100	1.13915	2.80147		
01:39:50	2000	3000	3333	9955	1710	0.99100	1.13910	2.81170		
01:40:00	2000	3000	3333	9955	1747	0.99100	1.13915	2.82729		
01:40:10	2000	3000	3333	9955	1783	0.99100	1.13910	2.82376		
01:40:21	2000	3000	3333	9955	1820	0.99100	1.13909	2.82858		
01:40:31	2000	3000	3333	9955	1858	0.99100	1.13907	2.81977		
01:40:41	2000	3000	3333	9955	1896	0.99100	1.13909	2.81252		
01:40:51	2000	3000	3333	9955	1933	0.99100	1.13904	2.81247		
01:41:01	2000	3000	3333	9955	1969	0.99100	1.13904	2.82831		
01:41:12	2000	3000	3333	9955	2000	0.99100	1.13908	2.84769		
01:41:22	2000	3000	3333	9955	2033	0.99100	1.13906	2.81859		
01:41:32	2000	3000	3333	9955	2062	0.99100	1.13904	2.80674		
01:41:42	2000	3000	3333	9955	2091	0.99100	1.13905	2.81272		
01:41:52	2000	3000	3333	9955	2119	0.99100	1.13904	2.81713		
01:42:03	2000	3000	3333	9955	2147	0.99100	1.13902	2.82474		
01:42:13	2000	3000	3333	9955	2174	0.99100	1.13903	2.83749		
01:42:23	2000	3000	3333	9955	2199	0.99100	1.13900	2.82094		
01:42:33	2000	3000	3333	9955	2224	0.99100	1.13899	2.81464		
01:42:43	2000	3000	3333	9955	2250	0.99100	1.13897	2.82812		
01:42:53	2000	3000	3333	9955	2276	0.99100	1.13896	2.80556		
01:43:04	2000	3000	3333	9955	2303	0.99100	1.13896	2.82673		
01:43:14	2000	3000	3333	9955	2330	0.99100	1.13900	2.82350		
01:43:24	2000	3000	3333	9955	2357	0.99100	1.13899	2.83939		
01:43:34	2000	3000	3333	9955	2381	0.99100	1.13899	2.81783		
01:43:44	2000	3000	3333	9955	2405	0.99100	1.13903	2.82041		
01:43:55	2000	3000	3333	9955	2425	0.99100	1.13900	2.82151		
01:44:05	2000	3000	3333	9955	2444	0.99100	1.13897	2.85099		
01:44:15	2000	3000	3333	9955	2460	0.99100	1.13898	2.81887		
01:44:25	2000	3000	3333	9955	2471	0.99100	1.13899	2.82811		
01:44:35	2000	3000	3333	9955	2479	0.99100	1.13897	2.84391		
01:44:45	2000	3000	3333	9955	2483	0.99100	1.13896	2.86996		
01:44:56	2000	3000	3333	9955	2487	0.99100	1.13896	2.88001		
01:45:06	2000	3000	3333	9955	2491	0.99100	1.13900	2.84928		
01:45:16	2000	3000	3333	9955	2496	0.99100	1.13899	2.88913		
01:45:26	2000	3000	3333	9955	2503	0.99100	1.13902	2.88525		
01:45:36	2000	3000	3333	9955	2510	0.99100	1.13900	2.85412		
01:45:47	2000	3000	3333	9955	2517	0.99100	1.13903	2.89875		
01:45:57	2000	3000	3333	9955	2523	0.99100	1.13908	2.85478		
01:46:07	2000	3000	3333	9955	2529	0.99100	1.13908	2.85712		
01:46:17	2000	3000	3333	9955	2533	0.99100	1.13907	2.85737		
01:46:27	2000	3000	3333	9955	2536	0.99100	1.13905	2.87094		
01:46:38	2000	3000	3333	9955	2536	0.99100	1.13905	2.83789		
01:46:48	2000	3000	3333	9955	2535	0.99100	1.13903	2.86346		
01:46:58	2000	3000	3333	9955	2535	0.99100	1.13908	2.88337		
01:47:08	2000	3000	3333	9955	2534	0.99100	1.13913	2.91633		
01:47:18	2000	3000	3333	9955	2533	0.99100	1.13913	2.92549		
01:47:28	2000	3000	3333	9955	2531	0.99100	1.13919	2.87153		
01:47:38	2000	3000	3333	9955	2529	0.99100	1.13910	2.82830		
01:47:49	2000	3000	3333	9955	2524	0.99100	1.13908	2.85975		
01:47:59	2000	3000	3333	9955	2517	0.99100	1.13906	2.88033		
01:48:09	2000	3000	3333	9955	2510	0.99100	1.13907	2.83865		
01:48:19	2000	3000	3333	9955	2488	0.99100	1.13904	2.82687		
01:48:29	2000	3000	3333	9955	2473	0.99100	1.13903	2.84485		
01:48:40	2000	3000	3333	9955	2455	0.99100	1.13902	2.85087		
01:48:50	2000	3000	3333	9955	2436	0.99100	1.13901	2.85077		
01:49:00	2000	3000	3333	9955	2417	0.99100	1.13898	2.86048		
01:49:10	2000	3000	3333	9955	2398	0.99100	1.13902	2.84510		
01:49:20	2000	3000	3333	9955	2381	0.99100	1.13898	2.84578		
01:49:31	2000	3000	3333	9955	2365	0.99100	1.13898	2.85420		
01:49:41	2000	3000	3333	9955	2350	0.99100	1.13895	2.84684		
01:49:51	2000	3000	3333	9955	2337	0.99100	1.13894	2.84273		
01:50:01	2000	3000	3333	9955	2325	0.99100	1.13895	2.85672		
01:50:11	2000	3000	3333	9955	2316	0.99100	1.13896	2.84954		
01:50:21	2000	3000	3333	9955	2309	0.99100	1.13902	2.85110		
01:50:32	2000	3000	3333	9955	2304	0.99100	1.13898	2.85198		
01:50:42	2000	3000	3333	9955	2300	0.99100	1.13902	2.83604		
01:50:52	2000	3000	3333	9955	2296	0.99100	1.13898	2.83641		
01:51:02	2000	3000	3333	9955	2293	0.99100	1.13904	2.87308		
01:51:12	2000	3000	3333	9955	2290	0.99100	1.13900	2.87261		
01:51:22	2000	3000	3333	9955	2287	0.99100	1.13903	2.86941		
01:51:33	2000	3000	3333	9955	2284	0.99100	1.13907	2.87904		
01:51:43	2000	3000	3333	9955	2280	0.99100	1.13909	2.88717		
01:51:53	2000	3000	3333	9955	2276	0.99100	1.13911	2.89017		
01:52:03	2000	3000	3333	9955	2273	0.99100	1.13912	2.88545		
01:52:13	2000	3000	3333	9955	2270	0.99100	1.13911	2.87453		
01:52:23	2000	3000	3333	9955	2267	0.99100	1.13906	2.85031		
01:52:34	2000	3000	3333	9955	2265	0.99100	1.13906	2.85476		
01:52:44	2000	3000	3333	9955	2262	0.99100	1.13907	2.85290		
01:52:54	2000	3000	3333	9955	2259	0.99100	1.13906	2.85683		
01:53:04	2000	3000	3333	9955	2256	0.99100	1.13907	2.85756		
01:53:14	2000	3000	3333	9955	2254	0.99100	1.13907	2.88309		
01:53:25	2000	3000	3333	9955	2252	0.99100	1.13904	2.86961		
01:53:35	2000	3000	3333	9955	2250	0.99100	1.13906	2.85356		
01:53:45	2000	3000	3333	9955	2252	0.99100	1.13909	2.87128		
01:53:55	2000	3000	3333	9955	2259	0.99100	1.13913	2.90225		
01:54:05	2000	3000	3333	9955	2268	0.99100	1.13919	2.85788		
01:54:16	2000	3000	3333	9955	2278	0.99100	1.13918	2.86941		
01:54:26	2000	3000	3333	9955	2288	0.99100	1.13914	2.85407		
01:54:36	2000	3000	3333	9955	2292	0.99100	1.13917	2.82365		
01:54:46	2000	3000	3333	9955	2289	0.99100	1.13914	2.87843		
01:54:56	2000	3000	3333	9955	2277	0.99100	1.13922	2.86848		
01:55:06	2000	3000	3333	9955	2259	0.99100	1.13919	2.84606		
01:55:17	2000	3000	3333	9955	2236	0.99100	1.13916	2.82805		
01:55:27	2000	3000	3333	9955	2210	0.99100	1.13914	2.85106		
01:55:37	2000	3000	3333	9955	2182	0.99100	1.13917	2.84970		
01:55:47	2000	3000	3333	9955	2153	0.99100	1.13916	2.87778		
01:55:57	2000	3000	3333	9955	2126	0.99100	1.13918	2.82228		
01:56:08	2000	3000	3333	9955	2102	0.99100	1.13924	2.83575		
01:56:18	2000	3000	3333	9955	2080	0.99100	1.13919	2.81510		
01:56:28	2000	3000	3333	9955	2060	0.99100	1.13917	2.81212		
01:56:38	2000	3000	3333	9955	2045	0.99100	1.13914	2.80602		
01:56:48	2000	3000	3333	9955	2032	0.99100	1.13911	2.78405		
01:56:59	2000	3000	3333	9955	2023	0.99100	1.13909	2.81783		
01:57:09	2000	3000	3333	9955	2016	0.99100	1.13914	2.81086		
01:57:19	2000	3000	3333	9955	2012	0.99100	1.13917	2.78552		
01:57:29	2000	3000	3333	9955	2012	0.99100	1.13916	2.79504		
01:57:39	2000	3000	3333	9955	2016	0.99100	1.13913	2.82464		
01:57:49	2000	3000	3333	9955	2021	0.99100	1.13917	2.81140		
01:58:00	2000	3000	3333	9955	2029	0.99100	1.13918	2.80813		
01:58:10	2000	3000	3333	9955	2038	0.99100	1.13916	2.88083		
01:58:20	2000	3000	3333	9955	2038	0.99100	1.13916	2.88083		
01:58:30	2000	3000	3333	9955	2070	0.99100	1.13913	2.80278		
01:58:40	2000	3000	3333	9955	2089	0.99100	1.13913	2.80574		
01:58:50	2000	3000	3333	9955	2108	0.99100	1.13910	2.80720		
01:59:01	2000	3000	3333	9955	2130	0.99100	1.13912	2.85198		
01:59:11	2000	3000	3333	9955	2153	0.99100	1.13911	2.85112		
01:59:21	2000	3000	3333	9955	2198	0.99100	1.13914	2.85672		
01:59:31	2000	3000	3333	9955	2218	0.99100	1.13912	2.86821		
01:59:41	2000	3000	3333	9955	2173	0.99100	1.13913	2.86851		
01:59:52	2000	3000	3333	9955	2245	0.99100	1.13909	2.83795		
02:00:02	2000	3000	3333	9955	2252	0.99100	1.13918	2.91901		
02:00:12	2000	3000	3333	9955	2255	0.99100	1.13920	2.87218		
02:00:22	2000	3000	3333	9955	2256	0.99100	1.13926	2.88049		
02:00:32	2000	3000	3333	9955	2252	0.99100	1.13929	2.90266		
02:00:42	2000	3000	3333	9955	2242	0.99100	1.13930	2.87299		
02:00:53	2000	3000	3333	9955	2231	0.99100	1.13928	2.86220		
02:01:03	2000	3000	3333	9955	2222	0.99100	1.13921	2.85187		
02:01:13	2000	3000	3333	9955	2211	0.99100	1.13923	2.88128		
02:01:23	2000	3000	3333	9955	2191	0.99100	1.13923	2.90157		
02:01:33	2000	3000	3333	9955	2166	0.99100	1.13918	2.87172		
02:01:44	2000	3000	3333	9955	2139	0.99100	1.13921	2.87390		
02:01:54	2000	3000	3333	9955	2108	0.99100	1.13916	2.83499		
02:02:04	2000	3000	3333	9955	2075	0.99100	1.13915	2.85260		
02:02:14	2000	3000	3333	9955	2043	0.99100	1.13913	2.84501		
02:02:24	2000	3000	3333	9955	2011	0.99100	1.13918	2.93440		
02:02:35	2000	3000	3333	9955	1984	0.99100	1.13918	2.92756		
02:02:45	2000	3000	3333	9955	1959	0.99100	1.13920	2.87905		
02:02:55	2000	3000	3333	9955	1935	0.99100	1.13919	2.84059		
02:03:05	2000	3000	3333	9955	1915	0.99100	1.13917	2.84173		
02:03:15	2000	3000	3333	9955	1898	0.99100	1.13918	2.85008		
02:03:26	2000	3000	3333	9955	1882	0.99100	1.13915	2.84126		
02:03:36	2000	3000	3333	9955	1864	0.99100	1.13912	2.84796		
02:03:46	2000	3000	3333	9955	1844	0.99100	1.13915	2.83742		
02:03:56	2000	3000	3333	9955	1820	0.99100	1.13912	2.88165		
02:04:06	2000	3000	3333	9955	1796	0.99100	1.13917	2.84649		
02:04:16	2000	3000	3333	9955	1772	0.99100	1.13915	2.90408		
02:04:27	2000	3000	3333	9955	1751	0.99100	1.13922	2.88006		
02:04:37	2000	3000	3333	9955	1733	0.99100	1.13921	2.85812		
02:04:47	2000	3000	3333	9955	1733	0.99100	1.13921	2.85812		
02:04:57	2000	3000	3333	9955	1704	0.99100	1.13917	2.87523		
02:05:07	2000	3000	3333	9955	1693	0.99100	1.13917	2.87678		
02:05:18	2000	3000	3333	9955	1685	0.99100	1.13914	2.86391		
02:05:28	2000	3000	3333	9955	1679	0.99100	1.13914	2.89132		
02:05:38	2000	3000	3333	9955	1675	0.99100	1.13919	2.91048		
02:05:48	2000	3000	3333	9955	1674	0.99100	1.13923	2.92543		
02:05:58	2000	3000	3333	9955	1674	0.99100	1.13926	2.90960		
02:06:08	2000	3000	3333	9955	1676	0.99100	1.13928	2.94110		
02:06:19	2000	3000	3333	9955	1679	0.99100	1.13927	2.87639		
02:06:29	2000	3000	3333	9955	1684	0.99100	1.13925	2.92006		
02:06:39	2000	3000	3333	9955	1692	0.99100	1.13928	2.94950		
02:06:49	2000	3000	3333	9955	1702	0.99100	1.13928	2.92873		
02:06:59	2000	3000	3333	9955	1711	0.99100	1.13927	2.91809		
02:07:10	2000	3000	3333	9955	1722	0.99100	1.13931	2.92629		
02:07:20	2000	3000	3333	9955	1733	0.99100	1.13928	2.90955		
02:07:30	2000	3000	3333	9955	1741	0.99100	1.13927	2.87980		
02:07:40	2000	3000	3333	9955	1747	0.99100	1.13916	2.89126		
02:07:50	2000	3000	3333	9955	1747	0.99100	1.13916	2.89126		
02:08:01	2000	3000	3333	9955	1757	0.99100	1.13914	2.88430		
02:08:11	2000	3000	3333	9955	1757	0.99100	1.13914	2.88430		
02:08:21	2000	3000	3333	9955	1769	0.99100	1.13915	2.90435		
02:08:31	2000	3000	3333	9955	1776	0.99100	1.13915	2.98306		
02:08:41	2000	3000	3333	9955	1783	0.99100	1.13911	2.93767		
02:08:51	2000	3000	3333	9955	1791	0.99100	1.13913	2.97203		
02:09:01	2000	3000	3333	9955	1800	0.99100	1.13918	2.97621		
02:09:12	2000	3000	3333	9955	1809	0.99100	1.13925	3.00538		
02:09:22	2000	3000	3333	9955	1819	0.99100	1.13926	2.92775		
02:09:32	2000	3000	3333	9955	1827	0.99100	1.13926	2.91088		
02:09:42	2000	3000	3333	9955	1834	0.99100	1.13930	2.92051		
02:09:52	2000	3000	3333	9955	1839	0.99100	1.13927	2.92595		
02:10:03	2000	3000	3333	9955	1835	0.99100	1.13921	2.91196		
02:10:13	2000	3000	3333	9955	1821	0.99100	1.13918	2.91005		
02:10:23	2000	3000	3333	9955	1821	0.99100	1.13918	2.91005		
02:10:33	2000	3000	3333	9955	1810	0.99100	1.13917	2.92311		
02:10:43	2000	3000	3333	9955	1818	0.99100	1.13917	2.92889		
02:10:53	2000	3000	3333	9955	1829	0.99100	1.13920	2.89909		
02:11:04	2000	3000	3333	9955	1835	0.99100	1.13914	2.88258		
02:11:14	2000	3000	3333	9955	1835	0.99100	1.13914	2.88258		
02:11:24	2000	3000	3333	9955	1862	0.99100	1.13898	2.90443		
02:11:34	2000	3000	3333	9955	1878	0.99100	1.13896	2.93055		
02:11:44	2000	3000	3333	9955	1900	0.99100	1.13897	2.93260		
02:11:55	2000	3000	3333	9955	1923	0.99100	1.13891	2.91170		
02:12:05	2000	3000	3333	9955	1947	0.99100	1.13891	2.87838		
02:12:15	2000	3000	3333	9955	1971	0.99100	1.13889	2.93186		
02:12:25	2000	3000	3333	9955	1988	0.99100	1.13894	2.93562		
02:12:35	2000	3000	3333	9955	1993	0.99100	1.13896	2.93740		
02:12:45	2000	3000	3333	9955	2002	0.99100	1.13897	2.93905		
02:12:56	2000	3000	3333	9955	2019	0.99100	1.13902	2.93768		
02:13:06	2000	3000	3333	9955	2037	0.99100	1.13897	2.91812		
02:13:16	2000	3000	3333	9955	2057	0.99100	1.13901	2.92977		
02:13:26	2000	3000	3333	9955	2078	0.99100	1.13900	2.92304		
02:13:36	2000	3000	3333	9955	2095	0.99100	1.13901	2.90505		
02:13:46	2000	3000	3333	9955	2102	0.99100	1.13895	2.85840		
02:13:56	2000	3000	3333	9955	2108	0.99100	1.13890	2.92662		
02:14:07	2000	3000	3333	9955	2116	0.99100	1.13886	2.87433		
02:14:17	2000	3000	3333	9955	2126	0.99100	1.13879	2.88526		
02:14:27	2000	3000	3333	9955	2142	0.99100	1.13870	2.85800		
02:14:37	2000	3000	3333	9955	2174	0.99100	1.13868	2.85464		
02:14:47	2000	3000	3333	9955	2211	0.99100	1.13867	2.87542		
02:14:58	2000	3000	3333	9955	2252	0.99100	1.13864	2.89119		
02:15:08	2000	3000	3333	9955	2294	0.99100	1.13863	2.86531		
02:15:18	2000	3000	3333	9955	2339	0.99100	1.13863	2.88811		
02:15:28	2000	3000	3333	9955	2380	0.99100	1.13855	2.86949		
02:15:38	2000	3000	3333	9955	2419	0.99100	1.13856	2.89698		
02:15:49	2000	3000	3333	9955	2457	0.99100	1.13859	2.88014		
02:15:59	2000	3000	3333	9955	2490	0.99100	1.13860	2.85042		
02:16:09	2000	3000	3333	9955	2524	0.99100	1.13862	2.87373		
02:16:19	2000	3000	3333	9955	2555	0.99100	1.13864	2.88260		
02:16:29	2000	3000	3333	9955	2589	0.99100	1.13859	2.88013		
02:16:39	2000	3000	3333	9955	2629	0.99100	1.13858	2.87498		
02:16:50	2000	3000	3333	9955	2682	0.99100	1.13863	2.88564		
02:17:00	2000	3000	3333	9955	2737	0.99100	1.13861	2.87054		
02:17:10	2000	3000	3333	9955	2787	0.99100	1.13856	2.87492		
02:17:20	2000	3000	3333	9955	2825	0.99100	1.13858	2.96690		
02:17:30	2000	3000	3333	9955	2862	0.99100	1.13859	2.88623		
02:17:41	2000	3000	3333	9955	2892	0.99100	1.13858	2.93988		
02:17:51	2000	3000	3333	9955	2919	0.99100	1.13860	2.89708		
02:18:01	2000	3000	3333	9955	2942	0.99100	1.13860	2.96281		
02:18:11	2000	3000	3333	9955	2964	0.99100	1.13864	2.99829		
02:18:21	2000	3000	3333	9955	2985	0.99100	1.13868	2.81443		
02:18:31	2000	3000	3333	9955	3008	0.99100	1.13873	2.93511		
02:18:42	2000	3000	3333	9955	3027	0.99100	1.13874	2.86969		
02:18:52	2000	3000	3333	9955	3042	0.99100	1.13870	2.86498		
02:19:02	2000	3000	3333	9955	3056	0.99100	1.13868	2.87771		
02:19:12	2000	3000	3333	9955	3066	0.99100	1.13869	2.86531		
02:19:22	2000	3000	3333	9955	3077	0.99100	1.13867	2.87408		
02:19:33	2000	3000	3333	9955	3089	0.99100	1.13866	2.88178		
02:19:43	2000	3000	3333	9955	3100	0.99100	1.13862	2.88690		
02:19:53	2000	3000	3333	9955	3109	0.99100	1.13862	2.87734		
02:20:03	2000	3000	3333	9955	3115	0.99100	1.13863	2.87614		
02:20:13	2000	3000	3333	9955	3121	0.99100	1.13862	2.88163		
02:20:23	2000	3000	3333	9955	3131	0.99100	1.13861	2.87890		
02:20:34	2000	3000	3333	9955	3144	0.99100	1.13859	2.87872		
02:20:44	2000	3000	3333	9955	3160	0.99100	1.13858	2.88214		
02:20:54	2000	3000	3333	9955	3179	0.99100	1.13862	2.89222		
02:21:04	2000	3000	3333	9955	3201	0.99100	1.13860	2.88736		
02:21:14	2000	3000	3333	9955	3245	0.99100	1.13860	2.88941		
02:21:24	2000	3000	3333	9955	3263	0.99100	1.13865	2.91145		
02:21:35	2000	3000	3333	9955	3279	0.99100	1.13866	2.89979		
02:21:45	2000	3000	3333	9955	3291	0.99100	1.13869	2.89172		
02:21:55	2000	3000	3333	9955	3299	0.99100	1.13862	2.89464		
02:22:05	2000	3000	3333	9955	3305	0.99100	1.13866	2.88502		
02:22:15	2000	3000	3333	9955	3307	0.99100	1.13866	2.88184		
02:22:26	2000	3000	3333	9955	3304	0.99100	1.13868	2.90248		
02:22:36	2000	3000	3333	9955	3300	0.99100	1.13873	2.90162		
02:22:46	2000	3000	3333	9955	3296	0.99100	1.13881	2.90634		
02:22:56	2000	3000	3333	9955	3296	0.99100	1.13882	2.89868		
02:23:06	2000	3000	3333	9955	3292	0.99100	1.13882	2.88623		
02:23:17	2000	3000	3333	9955	3288	0.99100	1.13874	2.88480		
02:23:27	2000	3000	3333	9955	3284	0.99100	1.13875	2.88721		
02:23:37	2000	3000	3333	9955	3284	0.99100	1.13874	2.89543		
02:23:47	2000	3000	3333	9955	3284	0.99100	1.13875	2.89733		
02:23:57	2000	3000	3333	9955	3283	0.99100	1.13876	2.88773		
02:24:07	2000	3000	3333	9955	3286	0.99100	1.13875	2.89464		
02:24:17	2000	3000	3333	9955	3286	0.99100	1.13875	2.89464		
02:24:27	2000	3000	3333	9955	3304	0.99100	1.13883	2.91216		
02:24:37	2000	3000	3333	9955	3315	0.99100	1.13886	2.90276		
02:24:47	2000	3000	3333	9955	3327	0.99100	1.13885	2.89268		
02:24:57	2000	3000	3333	9955	3340	0.99100	1.13883	2.89909		
02:25:07	2000	3000	3333	9955	3355	0.99100	1.13887	2.89060		
02:25:17	2000	3000	3333	9955	3371	0.99100	1.13885	2.90070		
02:25:27	2000	3000	3333	9955	3389	0.99100	1.13880	2.90042		
02:25:38	2000	3000	3333	9955	3404	0.99100	1.13883	2.88841		
02:25:48	2000	3000	3333	9955	3421	0.99100	1.13878	2.89574		
02:25:58	2000	3000	3333	9955	3435	0.99100	1.13876	2.89876		
02:26:08	2000	3000	3333	9955	3439	0.99100	1.13878	2.88749		
02:26:18	2000	3000	3333	9955	3436	0.99100	1.13880	2.89805		
02:26:28	2000	3000	3333	9955	3428	0.99100	1.13877	2.89694		
02:26:38	2000	3000	3333	9955	3413	0.99100	1.13881	2.89516		
02:26:49	2000	3000	3333	9955	3389	0.99100	1.13888	2.90155		
02:26:59	2000	3000	3333	9955	3360	0.99100	1.13884	2.89387		
02:27:09	2000	3000	3333	9955	3330	0.99100	1.13889	2.90586		
02:27:19	2000	3000	3333	9955	3295	0.99100	1.13892	2.90272		
02:27:29	2000	3000	3333	9955	3248	0.99100	1.13896	2.88974		
02:27:40	2000	3000	3333	9955	3197	0.99100	1.13895	2.89716		
02:27:50	2000	3000	3333	9955	3141	0.99100	1.13897	2.90479		
02:28:00	2000	3000	3333	9955	3083	0.99100	1.13890	2.88517		
02:28:10	2000	3000	3333	9955	3027	0.99100	1.13888	2.70817		
02:28:20	2000	3000	3333	9955	2972	0.99100	1.13893	2.89617		
02:28:31	2000	3000	3333	9955	2924	0.99100	1.13891	2.89772		
02:28:41	2000	3000	3333	9955	2890	0.99100	1.13892	2.89648		
02:28:51	2000	3000	3333	9955	2870	0.99100	1.13890	2.88217		
02:29:01	2000	3000	3333	9955	2858	0.99100	1.13891	2.88234		
02:29:11	2000	3000	3333	9955	2858	0.99100	1.13898	2.88350		
02:29:21	2000	3000	3333	9955	2851	0.99100	1.13893	2.88224		
02:29:32	2000	3000	3333	9955	2846	0.99100	1.13895	2.88968		
02:29:42	2000	3000	3333	9955	2849	0.99100	1.13901	2.88629		
02:29:52	2000	3000	3333	9955	2861	0.99100	1.13907	2.88869		
02:30:02	2000	3000	3333	9955	2878	0.99100	1.13916	2.90957		
02:30:12	2000	3000	3333	9955	2890	0.99100	1.13916	2.99805		
02:30:23	2000	3000	3333	9955	2904	0.99100	1.13919	2.99024		
02:30:33	2000	3000	3333	9955	2916	0.99100	1.13926	2.79921		
02:30:43	2000	3000	3333	9955	2928	0.99100	1.13926	2.89173		
02:30:53	2000	3000	3333	9955	2943	0.99100	1.13937	3.06988		
02:31:03	2000	3000	3333	9955	2959	0.99100	1.13943	2.99046		
02:31:14	2000	3000	3333	9955	2976	0.99100	1.13944	2.99922		
02:31:24	2000	3000	3333	9955	2989	0.99100	1.13939	2.98548		
02:31:34	2000	3000	3333	9955	3001	0.99100	1.13939	2.82350		
02:31:44	2000	3000	3333	9955	3011	0.99100	1.13939	2.82383		
02:31:54	2000	3000	3333	9955	3022	0.99100	1.13933	2.82182		
02:32:04	2000	3000	3333	9955	3033	0.99100	1.13927	2.82231		
02:32:15	2000	3000	3333	9955	3042	0.99100	1.13922	2.86346		
02:32:25	2000	3000	3333	9955	3049	0.99100	1.13926	2.90672		
02:32:35	2000	3000	3333	9955	3056	0.99100	1.13925	2.89019		
02:32:45	2000	3000	3333	9955	3058	0.99100	1.13920	2.88698		
02:32:55	2000	3000	3333	9955	3058	0.99100	1.13919	2.88738		
02:33:05	2000	3000	3333	9955	3054	0.99100	1.13914	2.89618		
02:33:16	2000	3000	3333	9955	3047	0.99100	1.13910	2.88822		
02:33:26	2000	3000	3333	9955	3036	0.99100	1.13903	2.89292		
02:33:36	2000	3000	3333	9955	3023	0.99100	1.13902	2.89964		
02:33:46	2000	3000	3333	9955	3005	0.99100	1.13908	2.83641		
02:33:56	2000	3000	3333	9955	2977	0.99100	1.13909	2.82583		
02:34:06	2000	3000	3333	9955	2961	0.99100	1.13904	2.84050		
02:34:17	2000	3000	3333	9955	2941	0.99100	1.13903	2.83575		
02:34:27	2000	3000	3333	9955	2920	0.99100	1.13899	2.84395		
02:34:37	2000	3000	3333	9955	2882	0.99100	1.13895	2.83303		
02:34:47	2000	3000	3333	9955	2836	0.99100	1.13899	2.82919		
02:34:57	2000	3000	3333	9955	2797	0.99100	1.13897	2.85315		
02:35:08	2000	3000	3333	9955	2781	0.99100	1.13898	2.88014		
02:35:18	2000	3000	3333	9955	2781	0.99100	1.13898	2.88014		
02:35:28	2000	3000	3333	9955	2749	0.99100	1.13904	2.86102		
02:35:38	2000	3000	3333	9955	2734	0.99100	1.13906	2.84173		
02:35:48	2000	3000	3333	9955	2711	0.99100	1.13905	2.84105		
02:35:59	2000	3000	3333	9955	2672	0.99100	1.13908	2.83465		
02:36:09	2000	3000	3333	9955	2637	0.99100	1.13905	2.83359		
02:36:19	2000	3000	3333	9955	2608	0.99100	1.13908	2.82791		
02:36:29	2000	3000	3333	9955	2583	0.99100	1.13904	2.82344		
02:36:39	2000	3000	3333	9955	2561	0.99100	1.13906	2.77280		
02:36:49	2000	3000	3333	9955	2538	0.99100	1.13912	2.76703		
02:36:59	2000	3000	3333	9955	2517	0.99100	1.13905	2.76521		
02:37:09	2000	3000	3333	9955	2497	0.99100	1.13908	2.77752		
02:37:20	2000	3000	3333	9955	2477	0.99100	1.13911	2.77697		
02:37:30	2000	3000	3333	9955	2456	0.99100	1.13912	2.76339		
02:37:40	2000	3000	3333	9955	2435	0.99100	1.13911	2.76338		
02:37:50	2000	3000	3333	9955	2414	0.99100	1.13910	2.76100		
02:38:00	2000	3000	3333	9955	2393	0.99100	1.13909	2.75131		
02:38:10	2000	3000	3333	9955	2372	0.99100	1.13903	2.74994		
02:38:21	2000	3000	3333	9955	2352	0.99100	1.13905	2.74941		
02:38:31	2000	3000	3333	9955	2334	0.99100	1.13903	2.57172		
02:38:41	2000	3000	3333	9955	2317	0.99100	1.13910	2.58743		
02:38:51	2000	3000	3333	9955	2302	0.99100	1.13909	2.56218		
02:39:01	2000	3000	3333	9955	2290	0.99100	1.13907	2.57279		
02:39:12	2000	3000	3333	9955	2281	0.99100	1.13904	2.58039		
02:39:22	2000	3000	3333	9955	2276	0.99100	1.13904	2.56212		
02:39:32	2000	3000	3333	9955	2270	0.99100	1.13906	2.56565		
02:39:42	2000	3000	3333	9955	2266	0.99100	1.13907	2.58273		
02:39:52	2000	3000	3333	9955	2264	0.99100	1.13912	2.58215		
02:40:03	2000	3000	3333	9955	2264	0.99100	1.13915	2.56738		
02:40:13	2000	3000	3333	9955	2268	0.99100	1.13909	2.57991		
02:40:23	2000	3000	3333	9955	2272	0.99100	1.13915	2.56936		
02:40:33	2000	3000	3333	9955	2275	0.99100	1.13911	2.58159		
02:40:43	2000	3000	3333	9955	2277	0.99100	1.13916	2.60190		
02:40:53	2000	3000	3333	9955	2280	0.99100	1.13916	2.57616		
02:41:04	2000	3000	3333	9955	2282	0.99100	1.13918	2.56489		
02:41:14	2000	3000	3333	9955	2286	0.99100	1.13916	2.58278		
02:41:24	2000	3000	3333	9955	2291	0.99100	1.13914	2.55822		
02:41:34	2000	3000	3333	9955	2293	0.99100	1.13917	2.55448		
02:41:44	2000	3000	3333	9955	2298	0.99100	1.13916	2.56996		
02:41:55	2000	3000	3333	9955	2305	0.99100	1.13920	2.56740		
02:42:05	2000	3000	3333	9955	2317	0.99100	1.13915	2.56574		
02:42:15	2000	3000	3333	9955	2328	0.99100	1.13919	2.58882		
02:42:25	2000	3000	3333	9955	2340	0.99100	1.13919	2.59634		
02:42:35	2000	3000	3333	9955	2343	0.99100	1.13921	2.60156		
02:42:45	2000	3000	3333	9955	2357	0.99100	1.13922	2.64404		
02:42:56	2000	3000	3333	9955	2378	0.99100	1.13919	2.63368		
02:43:06	2000	3000	3333	9955	2378	0.99100	1.13919	2.63368		
02:43:16	2000	3000	3333	9955	2417	0.99100	1.13928	2.70751		
02:43:26	2000	3000	3333	9955	2415	0.99100	1.13926	2.69830		
02:43:36	2000	3000	3333	9955	2415	0.99100	1.13926	2.69927		
02:43:47	2000	3000	3333	9955	2433	0.99100	1.13925	2.70708		
02:43:57	2000	3000	3333	9955	2461	0.99100	1.13930	2.71163		
02:44:07	2000	3000	3333	9955	2494	0.99100	1.13926	2.70971		
02:44:17	2000	3000	3333	9955	2530	0.99100	1.13934	2.70697		
02:44:27	2000	3000	3333	9955	2569	0.99100	1.13940	2.71403		
02:44:37	2000	3000	3333	9955	2613	0.99100	1.13938	2.71358		
02:44:48	2000	3000	3333	9955	2661	0.99100	1.13933	2.70084		
02:44:58	2000	3000	3333	9955	2711	0.99100	1.13932	2.70203		
02:45:08	2000	3000	3333	9955	2763	0.99100	1.13933	2.70718		
02:45:18	2000	3000	3333	9955	2822	0.99100	1.13932	2.79119		
02:45:28	2000	3000	3333	9955	2948	0.99100	1.13937	2.76005		
02:45:38	2000	3000	3333	9955	2976	0.99100	1.13937	2.75862		
02:45:49	2000	3000	3333	9955	3003	0.99100	1.13940	2.75614		
02:45:59	2000	3000	3333	9955	3022	0.99100	1.13954	2.73098		
02:46:09	2000	3000	3333	9955	3018	0.99100	1.13960	2.72579		
02:46:19	2000	3000	3333	9955	3006	0.99100	1.13964	2.70017		
02:46:29	2000	3000	3333	9955	2996	0.99100	1.13960	2.69770		
02:46:40	2000	3000	3333	9955	3012	0.99100	1.13954	2.72456		
02:46:50	2000	3000	3333	9955	3047	0.99100	1.13959	2.74201		
02:47:00	2000	3000	3333	9955	3071	0.99100	1.13963	2.74849		
02:47:10	2000	3000	3333	9955	3096	0.99100	1.13960	2.73011		
02:47:20	2000	3000	3333	9955	3128	0.99100	1.13964	2.75920		
02:47:31	2000	3000	3333	9955	3150	0.99100	1.13961	2.84411		
02:47:41	2000	3000	3333	9955	3191	0.99100	1.13967	2.86744		
02:47:51	2000	3000	3333	9955	3205	0.99100	1.13970	2.88361		
02:48:01	2000	3000	3333	9955	3206	0.99100	1.13970	2.86922		
02:48:11	2000	3000	3333	9955	3202	0.99100	1.13977	2.88035		
02:48:21	2000	3000	3333	9955	3194	0.99100	1.13977	2.88173		
02:48:31	2000	3000	3333	9955	3186	0.99100	1.13974	2.88367		
02:48:41	2000	3000	3333	9955	3209	0.99100	1.13968	2.89867		
02:48:51	2000	3000	3333	9955	3243	0.99100	1.13971	2.85873		
02:49:01	2000	3000	3333	9955	3280	0.99100	1.13967	2.86327		
02:49:11	2000	3000	3333	9955	3307	0.99100	1.13961	2.83996		
02:49:21	2000	3000	3333	9955	3317	0.99100	1.13959	2.85698		
02:49:32	2000	3000	3333	9955	3319	0.99100	1.13959	2.84516		
02:49:42	2000	3000	3333	9955	3317	0.99100	1.13958	2.85704		
02:49:52	2000	3000	3333	9955	3311	0.99100	1.13948	2.79432		
02:50:02	2000	3000	3333	9955	3312	0.99100	1.13950	2.80536		
02:50:12	2000	3000	3333	9955	3329	0.99100	1.13948	2.80674		
02:50:22	2000	3000	3333	9955	3360	0.99100	1.13953	2.78301		
02:50:33	2000	3000	3333	9955	3388	0.99100	1.13956	2.77403		
02:50:43	2000	3000	3333	9955	3416	0.99100	1.13948	2.72892		
02:50:53	2000	3000	3333	9955	3445	0.99100	1.13945	2.82663		
02:51:03	2000	3000	3333	9955	3470	0.99100	1.13937	2.84150		
02:51:13	2000	3000	3333	9955	3488	0.99100	1.13945	2.85821		
02:51:24	2000	3000	3333	9955	3496	0.99100	1.13942	2.85984		
02:51:34	2000	3000	3333	9955	3496	0.99100	1.13943	2.85962		
02:51:44	2000	3000	3333	9955	3487	0.99100	1.13946	2.85843		
02:51:54	2000	3000	3333	9955	3468	0.99100	1.13947	2.86181		
02:52:04	2000	3000	3333	9955	3452	0.99100	1.13943	2.85139		
02:52:14	2000	3000	3333	9955	3469	0.99100	1.13938	2.85360		
02:52:25	2000	3000	3333	9955	3519	0.99100	1.13933	2.81339		
02:52:35	2000	3000	3333	9955	3578	0.99100	1.13926	2.78167		
02:52:45	2000	3000	3333	9955	3636	0.99100	1.13925	2.76401		
02:52:55	2000	3000	3333	9955	3680	0.99100	1.13919	2.75656		
02:53:05	2000	3000	3333	9955	3693	0.99100	1.13917	2.77483		
02:53:16	2000	3000	3333	9955	3690	0.99100	1.13919	2.81427		
02:53:26	2000	3000	3333	9955	3676	0.99100	1.13921	2.82379		
02:53:36	2000	3000	3333	9955	3650	0.99100	1.13916	2.79975		
02:53:46	2000	3000	3333	9955	3621	0.99100	1.13916	2.77444		
02:53:56	2000	3000	3333	9955	3597	0.99100	1.13913	2.79565		
02:54:07	2000	3000	3333	9955	3573	0.99100	1.13911	2.78642		
02:54:17	2000	3000	3333	9955	3532	0.99100	1.13907	2.78171		
02:54:27	2000	3000	3333	9955	3480	0.99100	1.13910	2.84152		
02:54:37	2000	3000	3333	9955	3463	0.99100	1.13911	2.92586		
02:54:47	2000	3000	3333	9955	3465	0.99100	1.13917	2.89941		
02:54:57	2000	3000	3333	9955	3433	0.99100	1.13927	2.82952		
02:55:08	2000	3000	3333	9955	3435	0.99100	1.13938	2.87838		
02:55:18	2000	3000	3333	9955	3453	0.99100	1.13941	2.82149		
02:55:28	2000	3000	3333	9955	3466	0.99100	1.13936	2.79473		
02:55:38	2000	3000	3333	9955	3447	0.99100	1.13936	2.66546		
02:55:48	2000	3000	3333	9955	3447	0.99100	1.13931	2.82969		
02:55:59	2000	3000	3333	9955	3441	0.99100	1.13929	2.85089		
02:56:09	2000	3000	3333	9955	3446	0.99100	1.13927	2.87139		
02:56:19	2000	3000	3333	9955	3455	0.99100	1.13921	2.88330		
02:56:29	2000	3000	3333	9955	3468	0.99100	1.13923	2.88303		
02:56:39	2000	3000	3333	9955	3476	0.99100	1.13928	2.88183		
02:56:49	2000	3000	3333	9955	3472	0.99100	1.13930	2.86717		
02:57:00	2000	3000	3333	9955	3452	0.99100	1.13929	2.85844		
02:57:10	2000	3000	3333	9955	3434	0.99100	1.13928	2.86455		
02:57:20	2000	3000	3333	9955	3404	0.99100	1.13924	2.86150		
02:57:30	2000	3000	3333	9955	3257	0.99100	1.13920	2.86029		
02:57:40	2000	3000	3333	9955	3183	0.99100	1.13924	2.87959		
02:57:50	2000	3000	3333	9955	3157	0.99100	1.13928	2.95644		
02:58:01	2000	3000	3333	9955	3144	0.99100	1.13935	2.95095		
02:58:11	2000	3000	3333	9955	3114	0.99100	1.13939	2.93878		
02:58:21	2000	3000	3333	9955	3050	0.99100	1.13938	2.92567		
02:58:31	2000	3000	3333	9955	2958	0.99100	1.13941	2.95902		
02:58:41	2000	3000	3333	9955	2861	0.99100	1.13938	2.94448		
02:58:52	2000	3000	3333	9955	2785	0.99100	1.13939	2.92684		
02:59:02	2000	3000	3333	9955	2756	0.99100	1.13936	2.92152		
02:59:12	2000	3000	3333	9955	2743	0.99100	1.13935	2.94034		
02:59:22	2000	3000	3333	9955	2741	0.99100	1.13937	2.94430		
02:59:32	2000	3000	3333	9955	2749	0.99100	1.13945	2.94590		
02:59:43	2000	3000	3333	9955	2765	0.99100	1.13947	2.87985		
02:59:53	2000	3000	3333	9955	2789	0.99100	1.13945	2.84447		
03:00:03	2000	3000	3333	9955	2819	0.99100	1.13944	2.91159		
03:00:13	2000	3000	3333	9955	2858	0.99100	1.13950	2.88719		
03:00:23	2000	3000	3333	9955	2904	0.99100	1.13946	2.89062		
03:00:33	2000	3000	3333	9955	2956	0.99100	1.13944	2.87182		
03:00:43	2000	3000	3333	9955	3014	0.99100	1.13941	2.88972		
03:00:53	2000	3000	3333	9955	3082	0.99100	1.13940	2.88371		
03:01:04	2000	3000	3333	9955	3148	0.99100	1.13946	2.90249		
03:01:14	2000	3000	3333	9955	3181	0.99100	1.13946	2.89341		
03:01:24	2000	3000	3333	9955	3192	0.99100	1.13943	2.90654		
03:01:34	2000	3000	3333	9955	3202	0.99100	1.13945	2.90380		
03:01:44	2000	3000	3333	9955	3212	0.99100	1.13936	2.92061		
03:01:55	2000	3000	3333	9955	3220	0.99100	1.13932	2.94642		
03:02:05	2000	3000	3333	9955	3227	0.99100	1.13934	2.96485		
03:02:15	2000	3000	3333	9955	3229	0.99100	1.13936	3.04867		
03:02:25	2000	3000	3333	9955	3227	0.99100	1.13937	3.09656		
03:02:35	2000	3000	3333	9955	3247	0.99100	1.13944	3.08356		
03:02:46	2000	3000	3333	9955	3256	0.99100	1.13951	2.96812		
03:02:56	2000	3000	3333	9955	3275	0.99100	1.13952	2.95951		
03:03:06	2000	3000	3333	9955	3300	0.99100	1.13948	2.98968		
03:03:16	2000	3000	3333	9955	3324	0.99100	1.13955	2.95552		
03:03:26	2000	3000	3333	9955	3344	0.99100	1.13956	2.95671		
03:03:36	2000	3000	3333	9955	3354	0.99100	1.13955	2.92901		
03:03:47	2000	3000	3333	9955	3355	0.99100	1.13950	2.92969		
03:03:57	2000	3000	3333	9955	3352	0.99100	1.13944	2.94625		
03:04:07	2000	3000	3333	9955	3344	0.99100	1.13936	2.96617		
03:04:17	2000	3000	3333	9955	3332	0.99100	1.13929	2.95022		
03:04:27	2000	3000	3333	9955	3314	0.99100	1.13927	2.95102		
03:04:38	2000	3000	3333	9955	3292	0.99100	1.13927	2.95251		
03:04:48	2000	3000	3333	9955	3273	0.99100	1.13922	2.95007		
03:04:58	2000	3000	3333	9955	3262	0.99100	1.13918	2.94563		
03:05:08	2000	3000	3333	9955	3248	0.99100	1.13912	2.98472		
03:05:18	2000	3000	3333	9955	3228	0.99100	1.13915	2.99698		
03:05:28	2000	3000	3333	9955	3223	0.99100	1.13915	3.02871		
03:05:39	2000	3000	3333	9955	3257	0.99100	1.13917	3.03150		
03:05:49	2000	3000	3333	9955	3329	0.99100	1.13923	2.96383		
03:05:59	2000	3000	3333	9955	3399	0.99100	1.13929	2.97047		
03:06:09	2000	3000	3333	9955	3411	0.99100	1.13930	2.98610		
03:06:19	2000	3000	3333	9955	3421	0.99100	1.13925	2.99916		
03:06:30	2000	3000	3333	9955	3435	0.99100	1.13925	3.00666		
03:06:40	2000	3000	3333	9955	3446	0.99100	1.13922	3.00454		
03:06:50	2000	3000	3333	9955	3449	0.99100	1.13928	3.06923		
03:07:00	2000	3000	3333	9955	3447	0.99100	1.13929	3.05926		
03:07:10	2000	3000	3333	9955	3447	0.99100	1.13929	3.05926		
03:07:20	2000	3000	3333	9955	3426	0.99100	1.13937	2.97555		
03:07:31	2000	3000	3333	9955	3428	0.99100	1.13938	3.04337		
03:07:41	2000	3000	3333	9955	3438	0.99100	1.13947	3.02921		
03:07:51	2000	3000	3333	9955	3435	0.99100	1.13945	2.98179		
03:08:01	2000	3000	3333	9955	3431	0.99100	1.13939	2.98501		
03:08:11	2000	3000	3333	9955	3424	0.99100	1.13941	2.98438		
03:08:22	2000	3000	3333	9955	3415	0.99100	1.13943	3.00376		
03:08:32	2000	3000	3333	9955	3415	0.99100	1.13943	3.00376		
03:08:42	2000	3000	3333	9955	3389	0.99100	1.13940	3.03591		
03:08:52	2000	3000	3333	9955	3370	0.99100	1.13950	3.11529		
03:09:02	2000	3000	3333	9955	3359	0.99100	1.13947	3.09755		
03:09:12	2000	3000	3333	9955	3346	0.99100	1.13952	3.08042		
03:09:23	2000	3000	3333	9955	3346	0.99100	1.13952	3.08042		
03:09:33	2000	3000	3333	9955	3316	0.99100	1.13941	3.10065		
03:09:43	2000	3000	3333	9955	3316	0.99100	1.13941	3.10065		
03:09:53	2000	3000	3333	9955	3316	0.99100	1.13941	3.10065		


			DELHI AIRPORT : 30 m Base line


Time	RVR	 MOR	RVR	MOR	BLM	Trf	 Ref(v)	PD(v)
	(limited)	(limited)	(actual)	(actual)



			DELHI AIRPORT : 30 m Base line


Time	RVR	 MOR	RVR	MOR	BLM	Trf	 Ref(v)	PD(v)
	(limited)	(limited)	(actual)	(actual)

09:24:18	1150	950	198	987	2631	0.91285	1.14381	2.32361		
09:24:28	1050	850	380	868	2631	0.90146	1.14382	2.29157		
09:24:39	1050	850	562	868	2631	0.90146	1.14382	2.29157		
09:24:49	1100	900	750	910	2629	0.90587	1.14378	2.30388		
09:24:59	1200	1000	953	1028	2627	0.91615	1.14377	2.33281		
09:25:09	1200	1000	1156	1024	2626	0.91588	1.14376	2.33203		
09:25:19	1100	850	1143	884	2625	0.90322	1.14376	2.29638		
09:25:30	1150	950	1155	962	2625	0.91065	1.14372	2.31722		
09:25:40	1150	950	1164	931	2624	0.90786	1.14373	2.30938		
09:25:50	1150	950	1167	931	2624	0.90786	1.14373	2.30938		
09:26:00	1150	900	1153	917	2622	0.90651	1.14375	2.30563		
09:26:10	1100	900	1135	888	2621	0.90365	1.14379	2.29766		
09:26:20	1100	900	1135	888	2621	0.90365	1.14379	2.29766		
09:26:30	1100	900	1125	883	2620	0.90314	1.14384	2.29632		
09:26:40	1100	850	1114	850	2619	0.89948	1.14381	2.28597		
09:26:50	1100	850	1103	850	2619	0.89948	1.14381	2.28597		
09:27:11	1050	850	1096	864	2618	0.90103	1.14394	2.29059		
09:27:21	1050	850	1091	850	2618	0.89951	1.14398	2.28638		
09:27:31	1050	850	1086	850	2618	0.89951	1.14398	2.28638		
09:27:41	1050	850	1084	873	2618	0.90208	1.14397	2.29359		
09:27:51	1050	850	1095	931	2617	0.90786	1.14397	2.30988		
09:28:01	1100	850	1102	898	2617	0.90459	1.14398	2.30068		
09:28:11	1100	850	1106	889	2617	0.90370	1.14397	2.29815		
09:28:21	1100	850	1114	913	2616	0.90608	1.14396	2.30485		
09:28:31	1100	900	1126	936	2616	0.90829	1.14400	2.31116		
09:28:41	1100	900	1122	844	2615	0.89890	1.14401	2.28473		
09:28:51	1100	850	1114	876	2615	0.90239	1.14400	2.29454		
09:29:02	1100	850	1107	841	2614	0.89855	1.14401	2.28375		
09:29:12	1100	850	1102	856	2614	0.90016	1.14398	2.28822		
09:29:22	1050	850	1094	852	2613	0.89978	1.14401	2.28720		
09:29:32	1050	850	1084	862	2612	0.90085	1.14398	2.29015		
09:29:42	1050	850	1089	879	2611	0.90263	1.14399	2.29518		
09:29:53	1050	850	1085	848	2610	0.89931	1.14393	2.28571		
09:30:03	1050	850	1090	877	2609	0.90242	1.14391	2.29443		
09:30:13	1050	850	1089	851	2609	0.89959	1.14393	2.28651		
09:30:23	1050	850	1091	862	2608	0.90088	1.14394	2.29016		
09:30:33	1050	850	1092	873	2606	0.90206	1.14391	2.29342		
09:30:43	1050	850	1090	862	2605	0.90080	1.14395	2.28997		
09:30:54	1050	850	1090	848	2603	0.89925	1.14396	2.28562		
09:31:04	1050	850	1086	844	2602	0.89886	1.14392	2.28443		
09:31:14	1050	850	1085	845	2600	0.89896	1.14387	2.28461		
09:31:24	1050	850	1088	882	2598	0.90299	1.14391	2.29604		
09:31:34	1050	850	1089	884	2596	0.90323	1.14391	2.29671		
09:31:45	1050	850	1085	833	2595	0.89755	1.14387	2.28064		
09:31:55	1050	850	1091	889	2593	0.90368	1.14385	2.29786		
09:32:05	1050	850	1088	819	2592	0.89599	1.14386	2.27623		
09:32:15	1050	850	1089	852	2591	0.89971	1.14388	2.28676		
09:32:25	1050	850	1082	829	2590	0.89716	1.14387	2.27956		
09:32:35	1050	800	1074	831	2589	0.89741	1.14389	2.28028		
09:32:45	1050	800	1079	863	2588	0.90096	1.14390	2.29030		
09:32:56	1050	800	1071	833	2587	0.89754	1.14394	2.28075		
09:33:06	1050	800	1074	842	2586	0.89861	1.14393	2.28376		
09:33:16	1050	800	1075	857	2585	0.90031	1.14403	2.28875		
09:33:26	1050	800	1075	828	2584	0.89701	1.14402	2.27942		
09:33:36	1050	850	1083	892	2583	0.90406	1.14410	2.29943		
09:33:47	1050	850	1083	857	2582	0.90027	1.14414	2.28886		
09:33:57	1050	800	1081	822	2580	0.89630	1.14412	2.27764		
09:34:07	1050	800	1079	822	2580	0.89630	1.14412	2.27764		
09:34:17	1050	800	1080	866	2577	0.90127	1.14422	2.29181		
09:34:27	1050	800	1082	842	2575	0.89867	1.14422	2.28449		
09:34:38	1050	800	1075	843	2573	0.89871	1.14428	2.28472		
09:34:48	1050	800	1068	806	2571	0.89429	1.14430	2.27233		
09:34:58	1050	800	1069	831	2568	0.89730	1.14432	2.28085		
09:35:08	1050	800	1065	793	2566	0.89271	1.14434	2.26795		
09:35:18	1050	800	1063	850	2564	0.89954	1.14436	2.28722		
09:35:28	1050	800	1056	789	2562	0.89225	1.14437	2.26671		
09:35:39	1000	800	1050	802	2560	0.89385	1.14441	2.27130		
09:35:49	1050	800	1052	817	2558	0.89569	1.14439	2.27645		
09:35:59	1050	800	1055	850	2556	0.89952	1.14435	2.28716		
09:36:09	1050	800	1061	833	2554	0.89758	1.14439	2.28176		
09:36:19	1050	800	1057	825	2552	0.89670	1.14431	2.27914		
09:36:30	1050	800	1059	801	2551	0.89376	1.14435	2.27092		
09:36:40	1050	800	1066	846	2549	0.89912	1.14433	2.28598		
09:36:50	1050	800	1061	787	2548	0.89189	1.14433	2.26563		
09:37:00	1050	800	1065	876	2548	0.90233	1.14436	2.29510		
09:37:10	1050	800	1071	876	2548	0.90233	1.14436	2.29510		
09:37:21	1050	800	1078	872	2546	0.90189	1.14436	2.29384		
09:37:31	1050	800	1084	848	2546	0.89932	1.14437	2.28662		
09:37:41	1050	800	1082	831	2545	0.89740	1.14439	2.28126		
09:37:51	1050	850	1091	848	2545	0.89935	1.14439	2.28675		
09:38:01	1050	850	1091	872	2544	0.90198	1.14441	2.29420		
09:38:11	1050	850	1089	863	2544	0.90092	1.14443	2.29127		
09:38:22	1050	850	1088	864	2543	0.90112	1.14452	2.29200		
09:38:32	1050	850	1091	871	2542	0.90185	1.14450	2.29402		
09:38:42	1050	850	1096	866	2542	0.90125	1.14452	2.29238		
09:38:52	1050	850	1099	873	2541	0.90202	1.14449	2.29448		
09:39:02	1050	850	1098	859	2541	0.90052	1.14452	2.29031		
09:39:13	1050	850	1100	878	2540	0.90256	1.14448	2.29597		
09:39:23	1050	850	1096	840	2540	0.89841	1.14458	2.28448		
09:39:33	1050	850	1092	840	2540	0.89841	1.14458	2.28448		
09:39:43	1050	850	1090	853	2538	0.89989	1.14455	2.28859		
09:39:53	1050	800	1083	825	2538	0.89660	1.14460	2.27944		
09:40:03	1050	800	1074	792	2537	0.89260	1.14457	2.26810		
09:40:13	1050	800	1070	851	2536	0.89959	1.14457	2.28780		
09:40:23	1050	800	1075	875	2535	0.90222	1.14462	2.29531		
09:40:33	1050	800	1080	875	2535	0.90222	1.14462	2.29531		
09:40:54	1050	800	1075	817	2531	0.89565	1.14468	2.27690		
09:41:04	1050	800	1074	817	2531	0.89565	1.14468	2.27690		
09:41:14	1050	800	1075	802	2528	0.89380	1.14469	2.27172		
09:41:24	1050	800	1072	828	2526	0.89703	1.14465	2.28074		
09:41:35	1050	800	1062	801	2525	0.89377	1.14468	2.27162		
09:41:45	1000	800	1050	786	2525	0.89177	1.14468	2.26597		
09:41:55	1000	800	1050	820	2525	0.89601	1.14472	2.27800		
09:42:05	1000	800	1050	819	2524	0.89587	1.14470	2.27758		
09:42:15	1050	800	1053	819	2524	0.89587	1.14470	2.27758		
09:42:25	1050	800	1052	819	2524	0.89587	1.14470	2.27758		
09:42:36	1000	800	1050	790	2523	0.89234	1.14473	2.26767		
09:42:46	1050	800	1051	792	2523	0.89261	1.14475	2.26847		
09:42:56	1000	800	1047	792	2523	0.89261	1.14475	2.26847		
09:43:06	1000	800	1045	808	2523	0.89456	1.14471	2.27389		
09:43:16	1000	800	1044	808	2523	0.89456	1.14471	2.27389		
09:43:27	1000	775	1042	808	2523	0.89456	1.14471	2.27389		
