

			DELHI AIRPORT : 30 m Base line


Time	RVR	 MOR	RVR	MOR	BLM	Trf	 Ref(v)	PD(v)
	(limited)	(limited)	(actual)	(actual)



			DELHI AIRPORT : 30 m Base line


Time	RVR	 MOR	RVR	MOR	BLM	Trf	 Ref(v)	PD(v)
	(limited)	(limited)	(actual)	(actual)



			DELHI AIRPORT : 30 m Base line


Time	RVR	 MOR	RVR	MOR	BLM	Trf	 Ref(v)	PD(v)
	(limited)	(limited)	(actual)	(actual)



			DELHI AIRPORT : 30 m Base line


Time	RVR	 MOR	RVR	MOR	BLM	Trf	 Ref(v)	PD(v)
	(limited)	(limited)	(actual)	(actual)



			DELHI AIRPORT : 30 m Base line


Time	RVR	 MOR	RVR	MOR	BLM	Trf	 Ref(v)	PD(v)
	(limited)	(limited)	(actual)	(actual)



			DELHI AIRPORT : 30 m Base line


Time	RVR	 MOR	RVR	MOR	BLM	Trf	 Ref(v)	PD(v)
	(limited)	(limited)	(actual)	(actual)

06:06:44	2000	3000	1659	9955	3731	0.99100	4.83412	4.64682		
06:06:54	2000	3000	3318	9955	3733	0.99100	4.83430	4.63812		
06:07:04	2000	3000	3333	9955	3726	0.99100	4.83435	4.62925		
06:07:14	2000	3000	3333	9955	3725	0.99100	4.83427	4.63298		
06:07:24	2000	3000	3333	9955	3738	0.99100	4.83412	4.64200		
06:07:34	2000	3000	3333	9955	3740	0.99100	4.83440	4.62560		
06:07:44	2000	3000	3333	9955	3741	0.99100	4.83426	4.63912		
06:08:44	2000	3000	3333	9955	3688	0.99100	4.83426	4.62462		
06:08:54	2000	3000	3333	9955	3681	0.99100	4.83458	4.62916		
06:09:04	2000	3000	3333	9955	3632	0.99100	4.83421	4.62996		
06:09:14	2000	3000	3333	9955	3531	0.99100	4.83414	4.64139		
06:09:24	2000	3000	3333	9955	3494	0.99100	4.83407	4.62068		
06:09:34	2000	3000	3333	9955	3525	0.99100	4.83397	4.62361		
06:09:44	2000	3000	3333	9955	3506	0.99100	4.83407	4.62930		
06:09:54	2000	3000	3333	9955	3501	0.99100	4.83433	4.62071		
06:10:04	2000	3000	3333	9955	3522	0.99100	4.83437	4.62282		
06:10:14	2000	3000	3333	9955	3521	0.99100	4.83423	4.61628		
06:10:24	2000	3000	3333	9955	3475	0.99100	4.83421	4.62016		
06:10:34	2000	3000	3333	9955	3345	0.99100	4.83429	4.62008		
06:10:44	2000	3000	3333	9955	3356	0.99100	4.83431	4.62984		
06:10:54	2000	3000	3333	9955	3575	0.99100	4.83414	4.63052		
06:11:04	2000	3000	3333	9955	3657	0.99100	4.83409	4.62971		
06:11:14	2000	3000	3333	9955	3669	0.99100	4.83413	4.62559		
06:11:24	2000	3000	3333	9955	3674	0.99100	4.83415	4.63303		
06:11:34	2000	3000	3333	9955	3674	0.99100	4.83417	4.62395		
06:11:44	2000	3000	3333	9955	3608	0.99100	4.83397	4.62646		
06:11:54	2000	3000	3333	9955	3665	0.99100	4.83403	4.63561		
06:12:04	2000	3000	3333	9955	3656	0.99100	4.83403	4.62953		
06:12:14	2000	3000	3333	9955	3644	0.99100	4.83384	4.62202		
06:12:24	2000	3000	3333	9955	3665	0.99100	4.83366	4.62932		
06:12:34	2000	3000	3333	9955	3640	0.99100	4.83385	4.62480		
06:12:44	2000	3000	3333	9955	3667	0.99100	4.83409	4.62648		
06:12:54	2000	3000	3333	9955	3702	0.99100	4.83402	4.61862		
06:13:04	2000	3000	3333	9955	3724	0.99100	4.83379	4.62097		
06:13:14	2000	3000	3333	9955	3733	0.99100	4.83369	4.62193		
06:13:24	2000	3000	3333	9955	3736	0.99100	4.83369	4.63216		
06:13:34	2000	3000	3333	9955	3737	0.99100	4.83390	4.61351		
06:13:44	2000	3000	3333	9955	3734	0.99100	4.83361	4.60409		
06:13:54	2000	3000	3333	9955	3733	0.99100	4.83380	4.62503		
06:14:04	2000	3000	3333	9955	3725	0.99100	4.83373	4.62868		
06:14:14	2000	3000	3333	9955	3718	0.99100	4.83345	4.61788		
06:14:24	2000	3000	3333	9955	3704	0.99100	4.83360	4.62480		
06:14:34	2000	3000	3333	9955	3689	0.99100	4.83359	4.62907		
06:14:44	2000	3000	3333	9955	3670	0.99100	4.83338	4.61317		
06:14:54	2000	3000	3333	9955	3652	0.99100	4.83336	4.62471		
06:15:04	2000	3000	3333	9955	3637	0.99100	4.83360	4.62224		
06:15:14	2000	3000	3333	9955	3626	0.99100	4.83330	4.61705		
06:15:24	2000	3000	3333	9955	3618	0.99100	4.83349	4.60939		
06:15:34	2000	3000	3333	9955	3611	0.99100	4.83220	4.61103		
06:15:44	2000	3000	3333	9955	3604	0.99100	4.83201	4.60215		
06:15:54	2000	3000	3333	9955	3593	0.99100	4.83208	4.61138		
06:16:04	2000	3000	3333	9955	3587	0.99100	4.83183	4.61468		
06:16:14	2000	3000	3333	9955	3580	0.99100	4.83185	4.61453		
06:16:24	2000	3000	3333	9955	3565	0.99100	4.83163	4.62477		
06:16:34	2000	3000	3333	9955	3431	0.99100	4.83158	4.62391		
06:16:44	2000	3000	3333	9955	3512	0.99100	4.83172	4.62747		
06:16:54	2000	3000	3333	9955	3475	0.99100	4.83175	4.64217		
06:17:04	2000	3000	3333	9955	3513	0.99100	4.83153	4.65076		
06:17:14	2000	3000	3333	9955	3401	0.99100	4.83177	4.62222		
06:17:24	2000	3000	3333	9955	3357	0.99100	4.83174	4.63407		
06:17:34	2000	3000	3333	9955	3446	0.99100	4.83165	4.63116		
06:17:44	2000	3000	3333	9955	3504	0.99100	4.83177	4.62976		
06:17:54	2000	3000	3333	9955	3544	0.99100	4.83162	4.63648		
06:18:04	2000	3000	3333	9955	3573	0.99100	4.83144	4.62308		
06:18:14	2000	3000	3333	9955	3636	0.99100	4.83165	4.62037		
06:18:24	2000	3000	3333	9955	3644	0.99100	4.83160	4.62004		
06:18:34	2000	3000	3333	9955	3645	0.99100	4.83156	4.62289		
06:18:44	2000	3000	3333	9955	3664	0.99100	4.83154	4.62085		
06:18:54	2000	3000	3333	9955	3680	0.99100	4.83171	4.62589		
06:19:04	2000	3000	3333	9955	3691	0.99100	4.83163	4.61561		
06:19:14	2000	3000	3333	9955	3709	0.99100	4.83148	4.62111		
06:19:24	2000	3000	3333	9955	3711	0.99100	4.83134	4.62093		
06:19:34	2000	3000	3333	9955	3723	0.99100	4.83126	4.62331		
06:19:44	2000	3000	3333	9955	3732	0.99100	4.83134	4.62791		
06:19:54	2000	3000	3333	9955	3738	0.99100	4.83211	4.62814		
06:20:04	2000	3000	3333	9955	3742	0.99100	4.83188	4.62019		
06:20:14	2000	3000	3333	9955	3747	0.99100	4.83178	4.62792		
06:20:24	2000	3000	3333	9955	3750	0.99100	4.83184	4.62724		
06:20:34	2000	3000	3333	9955	3749	0.99100	4.83175	4.63080		
06:20:44	2000	3000	3333	9955	3742	0.99100	4.83143	4.63949		
06:20:54	2000	3000	3333	9955	3736	0.99100	4.83143	4.63934		
06:21:04	2000	3000	3333	9955	3729	0.99100	4.83136	4.64107		
06:21:14	2000	3000	3333	9955	3719	0.99100	4.83131	4.63709		
06:21:24	2000	3000	3333	9955	3705	0.99100	4.83125	4.64458		
06:21:34	2000	3000	3333	9955	3685	0.99100	4.83142	4.64738		
06:21:44	2000	3000	3333	9955	3667	0.99100	4.83147	4.65653		
06:21:54	2000	3000	3333	9955	3630	0.99100	4.83145	4.66416		
06:22:04	2000	3000	3333	9955	3559	0.99100	4.83124	4.65789		
06:22:14	2000	3000	3333	9955	3610	0.99100	4.83133	4.64861		
06:22:24	2000	3000	3333	9955	3617	0.99100	4.83128	4.65965		
06:22:34	2000	3000	3333	9955	3512	0.99100	4.83106	4.66267		
06:22:44	2000	3000	3333	9955	3580	0.99100	4.83125	4.64950		
06:22:54	2000	3000	3333	9955	3594	0.99100	4.83107	4.65513		
06:23:04	2000	3000	3333	9955	3592	0.99100	4.82995	4.66739		
06:23:14	2000	3000	3333	9955	3584	0.99100	4.82988	4.64489		
06:23:24	2000	3000	3333	9955	3574	0.99100	4.82979	4.64898		
06:33:14	2000	3000	3333	9955	3423	0.99100	4.82665	4.63461		
06:33:24	2000	3000	3333	9955	3295	0.99100	4.82662	4.63404		
06:33:34	2000	3000	3333	9955	3295	0.99100	4.82662	4.63404		
06:33:54	2000	3000	3333	9955	3295	0.99100	4.82662	4.63404		
06:34:14	2000	3000	3333	9955	3295	0.99100	4.82662	4.63404		
06:34:34	2000	3000	3333	9955	3295	0.99100	4.82662	4.63404		
06:34:54	2000	3000	3333	9955	3295	0.99100	4.82662	4.63404		
06:35:14	2000	3000	3333	9955	3295	0.99100	4.82662	4.63404		
06:35:34	2000	3000	3333	9955	3295	0.99100	4.82662	4.63404		
06:35:44	2000	3000	3333	9955	3295	0.99100	4.82662	4.63404		
06:36:04	2000	3000	3333	9955	3295	0.99100	4.82662	4.63404		


			DELHI AIRPORT : 30 m Base line


Time	RVR	 MOR	RVR	MOR	BLM	Trf	 Ref(v)	PD(v)
	(limited)	(limited)	(actual)	(actual)

06:37:54	2000	3000	1659	9955	3295	0.99100	4.82662	4.63404		
06:38:04	2000	3000	3318	9955	3295	0.99100	4.82662	4.63404		
06:38:14	2000	3000	3333	9955	3295	0.99100	4.82662	4.63404		
06:38:24	2000	3000	3333	9955	3295	0.99100	4.82662	4.63404		
06:38:34	2000	3000	3333	9955	3295	0.99100	4.82662	4.63404		
06:38:44	2000	3000	3333	9955	3295	0.99100	4.82662	4.63404		
06:38:54	2000	3000	3333	9955	3295	0.99100	4.82662	4.63404		
06:39:04	2000	3000	3333	9955	3295	0.99100	4.82662	4.63404		
06:39:14	2000	3000	3333	9955	3295	0.99100	4.82662	4.63404		
06:39:24	2000	3000	3333	9955	3295	0.99100	4.82662	4.63404		
06:39:34	2000	3000	3333	9955	3295	0.99100	4.82662	4.63404		
06:39:44	2000	3000	3333	9955	3295	0.99100	4.82662	4.63404		
06:39:54	2000	3000	3333	9955	3295	0.99100	4.82662	4.63404		
06:40:04	2000	3000	3333	9955	3295	0.99100	4.82662	4.63404		
06:40:14	2000	3000	3333	9955	3295	0.99100	4.82662	4.63404		
06:40:24	2000	3000	3333	9955	3295	0.99100	4.82662	4.63404		
06:40:34	2000	3000	3333	9955	3295	0.99100	4.82662	4.63404		
06:40:44	2000	3000	3333	9955	3295	0.99100	4.82662	4.63404		
06:40:54	2000	3000	3333	9955	3295	0.99100	4.82662	4.63404		
06:41:04	2000	3000	3333	9955	3295	0.99100	4.82662	4.63404		
06:41:54	2000	3000	3333	9955	3366	0.99100	4.82273	4.61819		
06:42:04	2000	3000	3333	9955	3364	0.99100	4.82268	4.61719		
06:42:14	2000	3000	3333	9955	3374	0.99100	4.82269	4.62354		
06:42:24	2000	3000	3333	9955	3376	0.99100	4.82266	4.62346		
06:42:34	2000	3000	3333	9955	3370	0.99100	4.82268	4.62740		
06:42:44	2000	3000	3333	9955	3370	0.99100	4.82265	4.63446		
06:42:54	2000	3000	3333	9955	3353	0.99100	4.82255	4.61766		
06:43:04	2000	3000	3333	9955	3341	0.99100	4.82275	4.61777		
06:43:14	2000	3000	3333	9955	3314	0.99100	4.82253	4.62224		
06:43:24	2000	3000	3333	9955	3327	0.99100	4.82268	4.63210		
06:43:34	2000	3000	3333	9955	3336	0.99100	4.82254	4.63086		
06:43:44	2000	3000	3333	9955	3334	0.99100	4.82237	4.62784		
06:43:54	2000	3000	3333	9955	3332	0.99100	4.82250	4.62746		
06:44:04	2000	3000	3333	9955	3329	0.99100	4.82250	4.62972		
06:44:14	2000	3000	3333	9955	3319	0.99100	4.82236	4.62423		
06:44:24	2000	3000	3333	9955	3293	0.99100	4.82237	4.62837		
06:44:34	2000	3000	3333	9955	3230	0.99100	4.82258	4.62775		
06:44:44	2000	3000	3333	9955	3182	0.99100	4.82243	4.62909		
06:44:54	2000	3000	3333	9955	3168	0.99100	4.82245	4.62763		
06:45:04	2000	3000	3333	9955	3154	0.99100	4.82253	4.64102		
06:45:14	2000	3000	3333	9955	3181	0.99100	4.82243	4.64291		
06:45:24	2000	3000	3333	9955	3185	0.99100	4.82239	4.63917		
06:45:34	2000	3000	3333	9955	3208	0.99100	4.82226	4.63885		
06:45:44	2000	3000	3333	9955	3251	0.99100	4.82244	4.63670		
06:45:54	2000	3000	3333	9955	3220	0.99100	4.82298	4.64243		
06:46:04	2000	3000	3333	9955	3220	0.99100	4.82298	4.64243		
06:46:14	2000	3000	3333	9955	3107	0.99100	4.82278	4.63658		
06:46:24	2000	3000	3333	9955	3206	0.99100	4.82287	4.63481		
06:46:34	2000	3000	3333	9955	3178	0.99100	4.82260	4.64261		
06:46:44	2000	3000	3333	9955	3136	0.99100	4.82258	4.63647		
06:46:54	2000	3000	3333	9955	3118	0.99100	4.82217	4.62716		
06:47:04	2000	3000	3333	9955	3080	0.99100	4.82244	4.63499		
06:47:14	2000	3000	3333	9955	3118	0.99100	4.82226	4.63567		
06:47:24	2000	3000	3333	9955	3213	0.99100	4.82231	4.63475		
06:47:34	2000	3000	3333	9955	3286	0.99100	4.82238	4.64002		
06:47:44	2000	3000	3333	9955	3318	0.99100	4.82250	4.64175		
06:47:54	2000	3000	3333	9955	3336	0.99100	4.82246	4.63503		
06:48:04	2000	3000	3333	9955	3369	0.99100	4.82231	4.62276		
06:48:14	2000	3000	3333	9955	3384	0.99100	4.82237	4.61611		
06:48:24	2000	3000	3333	9955	3266	0.99100	4.82215	4.61888		
06:48:34	2000	3000	3333	9955	3235	0.99100	4.82211	4.64278		
06:48:44	2000	3000	3333	9955	3375	0.99100	4.82244	4.62677		
06:48:54	2000	3000	3333	9955	3417	0.99100	4.82251	4.61606		
06:49:04	2000	3000	3333	9955	3420	0.99100	4.82228	4.62780		
06:49:14	2000	3000	3333	9955	3429	0.99100	4.82136	4.62666		
06:49:24	2000	3000	3333	9955	3436	0.99100	4.82190	4.63139		
06:49:34	2000	3000	3333	9955	3439	0.99100	4.82201	4.62627		
06:49:44	2000	3000	3333	9955	3438	0.99100	4.82213	4.63669		
06:49:54	2000	3000	3333	9955	3431	0.99100	4.82241	4.63718		
06:50:04	2000	3000	3333	9955	3403	0.99100	4.82188	4.63668		
06:50:14	2000	3000	3333	9955	3392	0.99100	4.82211	4.63857		
06:50:24	2000	3000	3333	9955	3396	0.99100	4.82245	4.63875		
06:50:34	2000	3000	3333	9955	3390	0.99100	4.82256	4.64435		
06:50:44	2000	3000	3333	9955	3397	0.99100	4.82291	4.64750		
06:50:54	2000	3000	3333	9955	3384	0.99100	4.82262	4.64828		
06:51:04	2000	3000	3333	9955	3303	0.99100	4.82264	4.64360		
06:51:14	2000	3000	3333	9955	3099	0.99100	4.82202	4.64588		
06:51:24	2000	3000	3333	9955	3040	0.99100	4.82274	4.64865		
06:51:34	2000	3000	3333	9955	3178	0.99100	4.82231	4.64617		
06:51:44	2000	3000	3333	9955	3287	0.99100	4.82223	4.64450		
06:51:54	2000	3000	3333	9955	3333	0.99100	4.82239	4.64184		
06:52:04	2000	3000	3333	9955	3329	0.99100	4.82257	4.64837		
06:52:14	2000	3000	3333	9955	3290	0.99100	4.82271	4.63562		
06:52:24	2000	3000	3333	9955	3258	0.99100	4.82282	4.62419		
06:52:34	2000	3000	3333	9955	3304	0.99100	4.82291	4.62764		
06:52:44	2000	3000	3333	9955	3330	0.99100	4.82318	4.61272		
06:52:54	2000	3000	3333	9955	3328	0.99100	4.82310	4.63955		
06:53:04	2000	3000	3333	9955	3321	0.99100	4.82292	4.63177		
06:53:14	2000	3000	3333	9955	3289	0.99100	4.82259	4.63597		
06:53:24	2000	3000	3333	9955	3303	0.99100	4.82221	4.64046		
06:53:34	2000	3000	3333	9955	3309	0.99100	4.82286	4.63115		
06:53:44	2000	3000	3333	9955	3324	0.99100	4.82314	4.62931		
06:53:54	2000	3000	3333	69	3325	0.26932	0.01581	0.00391		
06:54:04	2000	3000	3333	5	3326	0.00000	0.00322	0.00000		
06:54:14	2000	3000	3333	9955	3328	0.99100	0.00000	0.00000		
06:54:24	2000	3000	3333	5	3331	0.00000	0.00225	0.00000		
06:56:54	2000	3000	3333	7	3354	0.00000	0.00010	0.00000		
06:57:04	1700	1600	1702	7	3367	0.00000	0.00007	0.00000		
06:57:14	1600	1600	1678	7	3378	0.00000	0.00006	0.00000		
06:57:24	1600	1600	1679	7	3382	0.00000	0.00004	0.00000		
06:57:34	25	25	24	7	3385	0.00001	0.00002	0.00000		
06:57:44	25	25	25	8	3387	0.00001	0.00001	0.00000		
06:57:54	1600	1600	1681	9955	3387	0.99100	0.00000	0.00000		
06:58:04	2000	3000	3333	9955	3389	0.99100	0.00000	0.00000		
06:58:14	2000	3000	3333	9955	3392	0.99100	0.00000	0.00000		
06:58:24	2000	3000	3333	9955	3395	0.99100	0.00000	0.00000		
06:58:34	2000	3000	3333	9955	3395	0.99100	0.00000	0.00000		
06:58:44	2000	3000	3333	9955	3395	0.99100	0.00000	0.00000		
06:58:54	2000	3000	3333	9955	3396	0.99100	0.00000	0.00000		
06:59:04	2000	3000	3333	9955	3398	0.99100	0.00000	0.00000		
06:59:14	2000	3000	3333	9955	3402	0.99100	0.00000	0.00000		
06:59:24	2000	3000	3333	9955	3408	0.99100	0.00000	0.00000		
06:59:34	2000	3000	3333	9955	3414	0.99100	0.00000	0.00000		
06:59:44	2000	3000	3333	9955	3421	0.99100	0.00000	0.00000		
06:59:54	2000	3000	3333	9955	3428	0.99100	0.00000	0.00664		
07:00:04	2000	3000	3333	9955	3435	0.99100	0.00000	0.00000		
07:00:14	2000	3000	3333	9955	3440	0.99100	0.00000	0.00000		
07:00:24	2000	3000	3333	9955	3443	0.99100	0.00000	0.00000		
07:00:34	2000	3000	3333	9955	3446	0.99100	0.00000	0.00045		
07:00:44	2000	3000	3333	9955	3446	0.99100	0.00000	0.00396		
07:00:54	2000	3000	3333	9955	3444	0.99100	0.00000	0.00000		
07:01:04	2000	3000	3333	9955	3439	0.99100	0.00000	0.00000		
07:01:14	2000	3000	3333	9955	3429	0.99100	0.00000	0.00000		
07:01:24	2000	3000	3333	9955	3416	0.99100	0.00000	0.00000		
07:01:34	2000	3000	3333	9955	3402	0.99100	0.00000	0.00000		
07:01:44	2000	3000	3333	9955	3386	0.99100	0.00000	0.00000		
07:01:54	2000	3000	3333	9955	3368	0.99100	0.00000	0.00000		
07:02:04	2000	3000	3333	9955	3348	0.99100	0.00000	0.00277		
07:02:14	2000	3000	3333	9955	3328	0.99100	0.00000	0.00000		
07:02:24	2000	3000	3333	9955	3311	0.99100	0.00000	0.05629		
07:02:34	2000	3000	3333	9955	3298	0.99100	0.00000	0.00000		
07:02:44	2000	3000	3333	9955	3286	0.99100	0.00000	0.00877		
07:02:54	2000	3000	3333	9955	3277	0.99100	0.00000	0.02050		
07:03:04	2000	3000	3333	9955	3271	0.99100	0.00000	0.00175		
07:03:14	2000	3000	3333	9955	3272	0.99100	0.00000	0.01539		
07:03:24	2000	3000	3333	9955	3278	0.99100	0.00000	0.00000		
07:03:34	2000	3000	3333	9955	3284	0.99100	0.00000	0.00000		
07:11:54	2000	3000	3333	9955	3328	0.99100	4.85215	4.60017		
07:12:04	2000	3000	3333	9955	3326	0.99100	4.85211	4.57598		
07:12:24	2000	3000	3333	9955	3326	0.99100	4.85211	4.57598		
07:12:44	2000	3000	3333	9955	3326	0.99100	4.85211	4.57598		
07:13:04	2000	3000	3333	9955	3326	0.99100	4.85211	4.57598		
07:13:34	2000	3000	3333	9955	3326	0.99100	4.85211	4.57598		
07:13:54	2000	3000	3333	9955	3326	0.99100	4.85211	4.57598		
07:14:14	2000	3000	3333	9955	3326	0.99100	4.85211	4.57598		
07:14:24	2000	3000	3333	9955	3326	0.99100	4.85211	4.57598		
07:14:44	2000	3000	3333	9955	3326	0.99100	4.85211	4.57598		
07:14:54	2000	3000	3333	9955	3326	0.99100	4.85211	4.57598		
07:15:14	2000	3000	3333	9955	3326	0.99100	4.85211	4.57598		
07:15:34	2000	3000	3333	9955	3326	0.99100	4.85211	4.57598		
07:15:44	2000	3000	3333	9955	3326	0.99100	4.85211	4.57598		
07:15:54	2000	3000	3333	9955	3326	0.99100	4.85211	4.57598		
07:16:04	2000	3000	3333	9955	3326	0.99100	4.85211	4.57598		
07:16:14	2000	3000	3333	9955	3326	0.99100	4.85211	4.57598		
07:16:24	2000	3000	3333	9955	3326	0.99100	4.85211	4.57598		
07:16:34	2000	3000	3333	9955	3326	0.99100	4.85211	4.57598		
07:16:44	2000	3000	3333	9955	3326	0.99100	4.85211	4.57598		
07:16:54	2000	3000	3333	9955	3326	0.99100	4.85211	4.57598		
07:17:04	2000	3000	3333	9955	3326	0.99100	4.85211	4.57598		
07:17:14	2000	3000	3333	9955	3326	0.99100	4.85211	4.57598		
07:17:24	2000	3000	3333	9955	3326	0.99100	4.85211	4.57598		
07:17:34	2000	3000	3333	9955	3326	0.99100	4.85211	4.57598		
07:17:44	2000	3000	3333	9955	3326	0.99100	4.85211	4.57598		
07:17:54	2000	3000	3333	9955	3326	0.99100	4.85211	4.57598		
07:18:04	2000	3000	3333	9955	3326	0.99100	4.85211	4.57598		
07:18:14	2000	3000	3333	9955	3326	0.99100	4.85211	4.57598		
07:18:24	2000	3000	3333	9955	3326	0.99100	4.85211	4.57598		
07:18:34	2000	3000	3333	9955	3326	0.99100	4.85211	4.57598		
07:18:44	2000	3000	3333	9955	3326	0.99100	4.85211	4.57598		
07:18:54	2000	3000	3333	9955	3326	0.99100	4.85211	4.57598		
07:19:04	2000	3000	3333	9955	3326	0.99100	4.85211	4.57598		
07:19:14	2000	3000	3333	9955	3326	0.99100	4.85211	4.57598		
07:19:24	2000	3000	3333	9955	3326	0.99100	4.85211	4.57598		
07:19:34	2000	3000	3333	9955	3326	0.99100	4.85211	4.57598		
07:19:44	2000	3000	3333	9955	3326	0.99100	4.85211	4.57598		
07:19:54	2000	3000	3333	9955	3326	0.99100	4.85211	4.57598		
07:20:04	2000	3000	3333	9955	3326	0.99100	4.85211	4.57598		
07:20:14	2000	3000	3333	9955	3326	0.99100	4.85211	4.57598		
07:20:24	2000	3000	3333	9955	3326	0.99100	4.85211	4.57598		
07:20:34	2000	3000	3333	9955	3326	0.99100	4.85211	4.57598		
07:20:44	2000	3000	3333	9955	3326	0.99100	4.85211	4.57598		
07:20:54	2000	3000	3333	9955	3326	0.99100	4.85211	4.57598		
07:21:04	2000	3000	3333	9955	3326	0.99100	4.85211	4.57598		
07:21:14	2000	3000	3333	9955	3326	0.99100	4.85211	4.57598		
07:21:24	2000	3000	3333	9955	3326	0.99100	4.85211	4.57598		
07:21:34	2000	3000	3333	9955	3326	0.99100	4.85211	4.57598		
07:21:44	2000	3000	3333	9955	3326	0.99100	4.85211	4.57598		
07:21:54	2000	3000	3333	9955	3326	0.99100	4.85211	4.57598		
07:22:04	2000	3000	3333	9955	3326	0.99100	4.85211	4.57598		
07:22:14	2000	3000	3333	9955	3326	0.99100	4.85211	4.57598		
07:22:24	2000	3000	3333	9955	3326	0.99100	4.85211	4.57598		


			DELHI AIRPORT : 30 m Base line


Time	RVR	 MOR	RVR	MOR	BLM	Trf	 Ref(v)	PD(v)
	(limited)	(limited)	(actual)	(actual)

07:30:54	2000	3000	1659	9955	3270	0.99100	0.00000	0.00000		
07:31:04	2000	3000	3318	9955	3283	0.99100	0.00000	0.00000		
07:31:14	2000	3000	3333	9955	3294	0.99100	4.86050	4.65920		
07:31:24	2000	3000	3333	9955	3302	0.99100	4.86035	4.65100		
07:43:04	2000	3000	3333	9955	2732	0.99100	0.00000	0.00000		
07:43:14	2000	3000	3333	9955	3144	0.99100	0.00000	0.00000		
07:43:24	2000	3000	3333	9955	3147	0.99100	0.00000	0.00000		
07:43:34	2000	3000	3333	9955	3152	0.99100	0.00000	0.00000		
07:43:44	2000	3000	3333	9955	3159	0.99100	4.86693	4.63596		
07:43:54	2000	3000	3333	9955	3169	0.99100	4.86602	4.62425		
07:44:04	2000	3000	3333	9955	3182	0.99100	4.86579	4.65590		
07:44:14	2000	3000	3333	9955	3195	0.99100	4.86519	4.64229		
07:44:24	2000	3000	3333	9955	3203	0.99100	0.00000	0.00000		
07:44:34	2000	3000	3333	9955	3206	0.99100	0.00000	0.00000		
07:44:44	2000	3000	3333	9955	3211	0.99100	0.00000	0.00000		
07:44:54	2000	3000	3333	9955	3208	0.99100	0.00000	0.00000		
07:45:04	2000	3000	3333	6	3205	0.00000	0.00067	0.00000		
07:45:14	2000	3000	3333	9955	3194	0.99100	0.63556	0.60022		
07:45:24	2000	3000	3333	9955	3183	0.99100	4.86408	4.63760		
07:45:34	2000	3000	3333	9955	3168	0.99100	4.86379	4.64050		
07:45:44	2000	3000	3333	9955	3156	0.99100	4.86371	4.63201		
07:45:54	2000	3000	3333	9955	3135	0.99100	4.86325	4.64037		
07:46:04	2000	3000	3333	9955	3127	0.99100	4.86277	4.63662		
07:46:14	2000	3000	3333	9955	3125	0.99100	4.86186	4.64002		
07:46:24	2000	3000	3333	9955	3126	0.99100	4.86116	4.64167		
07:46:34	2000	3000	3333	9955	3131	0.99100	4.85998	4.64415		
07:46:44	2000	3000	3333	9955	3125	0.99100	4.86052	4.64930		
07:46:54	2000	3000	3333	9955	3126	0.99100	4.85945	4.64885		
07:47:04	2000	3000	3333	9955	3124	0.99100	4.85801	4.64908		
07:47:14	2000	3000	3333	9955	3115	0.99100	4.85818	4.64875		
07:47:24	2000	3000	3333	9955	3105	0.99100	4.85715	4.64058		
07:47:34	2000	3000	3333	9955	3094	0.99100	4.85711	4.64317		
07:47:44	2000	3000	3333	9955	3082	0.99100	4.85646	4.64613		
07:47:54	2000	3000	3333	9955	3071	0.99100	4.85491	4.64884		
07:48:04	2000	3000	3333	9955	3063	0.99100	4.85504	4.63771		
07:48:14	2000	3000	3333	9955	3058	0.99100	4.85380	4.64906		
07:48:24	2000	3000	3333	9955	3058	0.99100	4.85378	4.64159		
07:48:34	2000	3000	3333	9955	3069	0.99100	4.85266	4.63889		
07:48:44	2000	3000	3333	9955	3086	0.99100	4.85252	4.64344		
07:48:54	2000	3000	3333	9955	3105	0.99100	4.85260	4.66000		
07:49:04	2000	3000	3333	9955	3125	0.99100	4.85119	4.66079		
07:49:14	2000	3000	3333	9955	3138	0.99100	4.85144	4.65831		
07:49:24	2000	3000	3333	9955	3151	0.99100	4.84982	4.66295		
07:49:34	2000	3000	3333	9955	3163	0.99100	4.85007	4.66253		
07:49:44	2000	3000	3333	9955	3174	0.99100	4.84998	4.67051		
07:49:54	2000	3000	3333	9955	3180	0.99100	4.84850	4.65058		
07:50:04	2000	3000	3333	9955	3180	0.99100	4.84863	4.65425		
07:50:14	2000	3000	3333	9955	3173	0.99100	4.84875	4.64476		
07:50:24	2000	3000	3333	9955	3160	0.99100	4.84863	4.64807		
07:50:34	2000	3000	3333	9955	3148	0.99100	4.84697	4.64071		
07:50:44	2000	3000	3333	9955	3142	0.99100	4.84731	4.64563		
07:50:54	2000	3000	3333	9955	3140	0.99100	4.84738	4.64753		
07:51:04	2000	3000	3333	9955	3141	0.99100	4.84607	4.64615		
07:51:14	2000	3000	3333	9955	3142	0.99100	4.84604	4.64895		
07:51:24	2000	3000	3333	9955	3142	0.99100	4.84608	4.64142		
07:51:34	2000	3000	3333	9955	3136	0.99100	4.84596	4.64242		
07:51:44	2000	3000	3333	9955	3125	0.99100	4.84430	4.64809		
07:51:54	2000	3000	3333	9955	3111	0.99100	4.84420	4.64028		
07:52:04	2000	3000	3333	9955	3100	0.99100	4.84429	4.65427		
07:52:14	2000	3000	3333	9955	3093	0.99100	4.84432	4.64722		
07:52:24	2000	3000	3333	9955	3090	0.99100	4.84412	4.64632		
07:52:34	2000	3000	3333	9955	3091	0.99100	4.84276	4.65011		
07:52:44	2000	3000	3333	9955	3095	0.99100	4.84259	4.63392		
07:52:54	2000	3000	3333	9955	3101	0.99100	4.84274	4.63639		
07:53:04	2000	3000	3333	9955	3105	0.99100	4.84287	4.63886		
07:53:14	2000	3000	3333	9955	3111	0.99100	4.84131	4.63528		
07:53:24	2000	3000	3333	9955	3114	0.99100	4.84102	4.63405		
07:53:34	2000	3000	3333	9955	3115	0.99100	4.84103	4.64283		
07:53:44	2000	3000	3333	9955	3119	0.99100	4.84116	4.63726		
07:53:54	2000	3000	3333	9955	3123	0.99100	4.84110	4.63905		
07:54:04	2000	3000	3333	9955	3127	0.99100	4.84100	4.63191		
07:54:14	2000	3000	3333	9955	3135	0.99100	4.84073	4.63831		
07:54:24	2000	3000	3333	9955	3146	0.99100	4.83922	4.63914		
07:54:34	2000	3000	3333	9955	3154	0.99100	4.83910	4.63181		
07:54:44	2000	3000	3333	9955	3162	0.99100	4.83929	4.64165		
07:54:54	2000	3000	3333	9955	3171	0.99100	4.83931	4.63986		
07:55:04	2000	3000	3333	9955	3183	0.99100	4.83936	4.63503		
07:55:14	2000	3000	3333	9955	3195	0.99100	4.83907	4.64388		
07:55:24	2000	3000	3333	9955	3206	0.99100	4.83897	4.63740		
07:55:34	2000	3000	3333	9955	3218	0.99100	4.83757	4.63758		
07:55:44	2000	3000	3333	9955	3230	0.99100	4.83747	4.63834		
07:55:54	2000	3000	3333	9955	3243	0.99100	4.83742	4.64049		
07:56:04	2000	3000	3333	9955	3259	0.99100	4.83737	4.64411		
07:56:14	2000	3000	3333	9955	3276	0.99100	4.83748	4.63958		
07:56:24	2000	3000	3333	9955	3291	0.99100	4.83773	4.63995		
07:56:34	2000	3000	3333	9955	3305	0.99100	4.83762	4.64079		
07:56:44	2000	3000	3333	9955	3315	0.99100	4.83732	4.64143		
07:56:54	2000	3000	3333	9955	3323	0.99100	4.83680	4.63555		
07:57:04	2000	3000	3333	9955	3329	0.99100	4.83580	4.64081		
07:57:14	2000	3000	3333	9955	3331	0.99100	4.83575	4.63888		
07:57:24	2000	3000	3333	9955	3330	0.99100	4.83564	4.63803		
07:57:34	2000	3000	3333	9955	3328	0.99100	4.83564	4.63765		
07:57:44	2000	3000	3333	9955	3323	0.99100	4.83565	4.64093		
07:57:54	2000	3000	3333	9955	3319	0.99100	4.83560	4.64137		
07:58:04	2000	3000	3333	9955	3315	0.99100	4.83566	4.63845		
07:58:14	2000	3000	3333	9955	3307	0.99100	4.83573	4.63328		
07:58:24	2000	3000	3333	9955	3301	0.99100	4.83403	4.63606		
07:58:34	2000	3000	3333	9955	3299	0.99100	4.83403	4.63891		
07:58:44	2000	3000	3333	9955	3301	0.99100	4.83377	4.63775		
07:58:54	2000	3000	3333	9955	3305	0.99100	4.83368	4.64134		
07:59:04	2000	3000	3333	9955	3310	0.99100	4.83380	4.64492		
07:59:14	2000	3000	3333	9955	3313	0.99100	4.83382	4.64518		
07:59:24	2000	3000	3333	9955	3313	0.99100	4.83363	4.64330		
07:59:34	2000	3000	3333	9955	3311	0.99100	4.83382	4.64882		
07:59:44	2000	3000	3333	9955	3309	0.99100	4.83390	4.64993		
07:59:54	2000	3000	3333	9955	3309	0.99100	4.83380	4.64309		
08:00:04	2000	3000	3333	9955	3308	0.99100	4.83307	4.64333		
08:00:14	2000	3000	3333	9955	3307	0.99100	4.83217	4.63912		
08:00:24	2000	3000	3333	9955	3304	0.99100	4.83208	4.64444		
08:00:34	2000	3000	3333	9955	3301	0.99100	4.83188	4.63991		
08:00:44	2000	3000	3333	9955	3299	0.99100	4.83195	4.64767		
08:00:54	2000	3000	3333	9955	3299	0.99100	4.83208	4.64479		
08:01:04	2000	3000	3333	9955	3301	0.99100	4.83190	4.63858		
08:01:14	2000	3000	3333	9955	3305	0.99100	4.83189	4.63698		
08:01:24	2000	3000	3333	9955	3310	0.99100	4.83181	4.64152		
08:01:34	2000	3000	3333	9955	3315	0.99100	4.83163	4.63901		
08:01:44	2000	3000	3333	9955	3320	0.99100	4.83168	4.63748		
08:01:54	2000	3000	3333	9955	3325	0.99100	4.83167	4.64042		
08:02:04	2000	3000	3333	9955	3327	0.99100	4.83170	4.63734		
08:02:14	2000	3000	3333	9955	3325	0.99100	4.83152	4.62943		
08:02:24	2000	3000	3333	9955	3318	0.99100	4.83130	4.62775		
08:02:34	2000	3000	3333	9955	3313	0.99100	4.82981	4.62942		
08:02:44	2000	3000	3333	9955	3307	0.99100	4.82989	4.62911		
08:02:54	2000	3000	3333	9955	3303	0.99100	4.82988	4.63643		
08:03:04	2000	3000	3333	9955	3299	0.99100	4.82963	4.63353		
08:03:14	2000	3000	3333	9955	3298	0.99100	4.82956	4.63111		
08:03:24	2000	3000	3333	9955	3299	0.99100	4.82961	4.63439		
08:03:34	2000	3000	3333	9955	3300	0.99100	4.82952	4.63188		
08:03:44	2000	3000	3333	9955	3300	0.99100	4.82937	4.63164		
08:03:54	2000	3000	3333	9955	3302	0.99100	4.82928	4.64652		
08:04:04	2000	3000	3333	9955	3304	0.99100	4.82917	4.64678		
08:04:14	2000	3000	3333	9955	3307	0.99100	4.82935	4.66009		
08:04:24	2000	3000	3333	9955	3310	0.99100	4.82944	4.65542		
08:04:34	2000	3000	3333	9955	3314	0.99100	4.82931	4.65777		
08:04:44	2000	3000	3333	9955	3318	0.99100	4.82929	4.65000		
08:04:54	2000	3000	3333	9955	3319	0.99100	4.82899	4.65727		
08:05:04	2000	3000	3333	9955	3324	0.99100	4.82902	4.66439		
08:05:14	2000	3000	3333	9955	3333	0.99100	4.82912	4.65799		
08:05:24	2000	3000	3333	9955	3345	0.99100	4.82854	4.65297		
08:05:34	2000	3000	3333	9955	3361	0.99100	4.82763	4.65245		
08:05:44	2000	3000	3333	9955	3378	0.99100	4.82773	4.65835		
08:05:54	2000	3000	3333	9955	3391	0.99100	4.82747	4.65209		
08:06:04	2000	3000	3333	9955	3403	0.99100	4.82766	4.66554		
08:06:14	2000	3000	3333	9955	3421	0.99100	4.82724	4.65847		
08:06:24	2000	3000	3333	9955	3436	0.99100	4.82717	4.66780		
08:06:34	2000	3000	3333	9955	3443	0.99100	4.82722	4.66805		
08:06:44	2000	3000	3333	9955	3448	0.99100	4.82720	4.66339		
08:06:54	2000	3000	3333	9955	3450	0.99100	4.82698	4.66869		
08:07:04	2000	3000	3333	9955	3451	0.99100	4.82696	4.66891		
08:07:14	2000	3000	3333	9955	3454	0.99100	4.82682	4.67123		
08:07:24	2000	3000	3333	9955	3456	0.99100	4.82703	4.67424		
08:07:34	2000	3000	3333	9955	3457	0.99100	4.82697	4.66228		
08:07:44	2000	3000	3333	9955	3458	0.99100	4.82703	4.66449		
08:07:54	2000	3000	3333	9955	3464	0.99100	4.82694	4.66094		
08:08:04	2000	3000	3333	9955	3473	0.99100	4.82676	4.65800		
08:08:14	2000	3000	3333	9955	3482	0.99100	4.82532	4.66577		
08:08:24	2000	3000	3333	9955	3488	0.99100	4.82504	4.66713		
08:08:34	2000	3000	3333	9955	3493	0.99100	4.82522	4.66808		
08:08:44	2000	3000	3333	9955	3495	0.99100	4.82490	4.66850		
08:08:54	2000	3000	3333	9955	3496	0.99100	4.82505	4.66799		
08:09:04	2000	3000	3333	9955	3495	0.99100	4.82494	4.66702		
08:09:14	2000	3000	3333	9955	3495	0.99100	4.82511	4.66379		
08:09:24	2000	3000	3333	9955	3494	0.99100	4.82491	4.65561		
08:09:34	2000	3000	3333	9955	3490	0.99100	4.82492	4.66273		
08:09:44	2000	3000	3333	9955	3487	0.99100	4.82470	4.65981		
08:09:54	2000	3000	3333	9955	3488	0.99100	4.82477	4.64904		
08:10:04	2000	3000	3333	9955	3493	0.99100	4.82464	4.66822		
08:10:14	2000	3000	3333	9955	3499	0.99100	4.82441	4.66990		
08:10:24	2000	3000	3333	9955	3507	0.99100	4.82440	4.68228		
08:10:34	2000	3000	3333	9955	3515	0.99100	4.82424	4.68412		
08:10:44	2000	3000	3333	9955	3523	0.99100	4.82437	4.67711		
08:10:54	2000	3000	3333	9955	3528	0.99100	4.82444	4.67547		
08:11:04	2000	3000	3333	9955	3533	0.99100	4.82406	4.68371		
08:11:14	2000	3000	3333	9955	3537	0.99100	4.82405	4.69070		
08:11:24	2000	3000	3333	9955	3544	0.99100	4.82396	4.67819		
08:11:34	2000	3000	3333	9955	3554	0.99100	4.82371	4.69306		
08:11:44	2000	3000	3333	9955	3565	0.99100	4.82235	4.68797		
08:11:54	2000	3000	3333	9955	3571	0.99100	4.82258	4.68828		
08:12:04	2000	3000	3333	9955	3578	0.99100	4.82267	4.69561		
08:12:14	2000	3000	3333	9955	3582	0.99100	4.82249	4.68642		
08:12:24	2000	3000	3333	9955	3587	0.99100	4.82252	4.69543		
08:12:34	2000	3000	3333	9955	3591	0.99100	4.82247	4.69160		
08:12:44	2000	3000	3333	9955	3597	0.99100	4.82244	4.69142		
08:12:54	2000	3000	3333	9955	3598	0.99100	4.82238	4.69947		
08:13:04	2000	3000	3333	9955	3596	0.99100	4.82231	4.68322		
08:13:14	2000	3000	3333	9955	3586	0.99100	4.82227	4.68609		
08:13:24	2000	3000	3333	9955	3581	0.99100	4.82196	4.68636		
08:13:34	2000	3000	3333	9955	3575	0.99100	4.82201	4.68616		
08:13:44	2000	3000	3333	9955	3566	0.99100	4.82217	4.70033		
08:13:54	2000	3000	3333	9955	3557	0.99100	4.82209	4.68751		
08:14:04	2000	3000	3333	9955	3555	0.99100	4.82194	4.67052		
08:14:14	2000	3000	3333	9955	3551	0.99100	4.82177	4.68571		
08:14:24	2000	3000	3333	9955	3542	0.99100	4.82177	4.67701		
08:14:34	2000	3000	3333	9955	3525	0.99100	4.82163	4.66792		
08:14:44	2000	3000	3333	9955	3503	0.99100	4.82155	4.68085		
08:14:54	2000	3000	3333	9955	3478	0.99100	4.82164	4.68992		
08:15:04	2000	3000	3333	9955	3453	0.99100	4.82056	4.69048		
08:15:14	2000	3000	3333	9955	3433	0.99100	4.81986	4.69684		
08:15:24	2000	3000	3333	9955	3416	0.99100	4.82027	4.71332		
08:15:34	2000	3000	3333	9955	3397	0.99100	4.81988	4.69623		
08:15:44	2000	3000	3333	9955	3382	0.99100	4.82010	4.71523		
08:15:54	2000	3000	3333	9955	3372	0.99100	4.82011	4.70660		
08:16:04	2000	3000	3333	9955	3371	0.99100	4.81998	4.71063		
08:16:14	2000	3000	3333	9955	3375	0.99100	4.82004	4.71003		
08:16:24	2000	3000	3333	9955	3374	0.99100	4.82053	4.70673		
08:16:34	2000	3000	3333	9955	3372	0.99100	4.82031	4.69331		
08:16:44	2000	3000	3333	9955	3372	0.99100	4.82033	4.69573		
08:16:54	2000	3000	3333	9955	3367	0.99100	4.82002	4.68885		
08:17:04	2000	3000	3333	9955	3358	0.99100	4.81966	4.68930		
08:17:14	2000	3000	3333	9955	3348	0.99100	4.81940	4.68004		
08:17:24	2000	3000	3333	9955	3333	0.99100	4.81944	4.69211		
08:17:34	2000	3000	3333	9955	3318	0.99100	4.81935	4.68820		
08:17:44	2000	3000	3333	9955	3305	0.99100	4.81925	4.68995		
08:17:54	2000	3000	3333	9955	3293	0.99100	4.81941	4.68545		
08:18:04	2000	3000	3333	9955	3278	0.99100	4.81913	4.67696		
08:18:14	2000	3000	3333	9955	3264	0.99100	4.81905	4.67910		
08:18:24	2000	3000	3333	9955	3248	0.99100	4.81902	4.66404		
08:18:34	2000	3000	3333	9955	3237	0.99100	4.81916	4.67503		
08:18:44	2000	3000	3333	9955	3231	0.99100	4.81928	4.67768		
08:18:54	2000	3000	3333	9955	3226	0.99100	4.81884	4.66690		
08:19:04	2000	3000	3333	9955	3227	0.99100	4.81756	4.67665		
08:19:14	2000	3000	3333	9955	3231	0.99100	4.81735	4.68183		
08:19:24	2000	3000	3333	9955	3233	0.99100	4.81744	4.67899		
08:19:34	2000	3000	3333	9955	3234	0.99100	4.81749	4.67670		
08:19:44	2000	3000	3333	9955	3231	0.99100	4.81722	4.67086		
08:19:54	2000	3000	3333	9955	3231	0.99100	4.81722	4.67086		
08:20:04	2000	3000	3333	9955	3231	0.99100	4.81726	4.67214		
08:20:14	2000	3000	3333	9955	3236	0.99100	4.81730	4.67143		
08:20:24	2000	3000	3333	9955	3245	0.99100	4.81728	4.67624		
08:20:34	2000	3000	3333	9955	3252	0.99100	4.81709	4.67788		
08:20:44	2000	3000	3333	9955	3255	0.99100	4.81702	4.67488		
08:20:54	2000	3000	3333	9955	3255	0.99100	4.81685	4.66221		
08:21:04	2000	3000	3333	9955	3253	0.99100	4.81691	4.65834		
08:21:14	2000	3000	3333	9955	3250	0.99100	4.81688	4.65486		
08:21:24	2000	3000	3333	9955	3245	0.99100	4.81681	4.65971		
08:21:34	2000	3000	3333	9955	3237	0.99100	4.81677	4.65656		
08:21:44	2000	3000	3333	9955	3228	0.99100	4.81689	4.65285		
08:21:54	2000	3000	3333	9955	3219	0.99100	4.81674	4.64256		
08:22:04	2000	3000	3333	9955	3209	0.99100	4.81665	4.64389		
08:22:14	2000	3000	3333	9955	3197	0.99100	4.81649	4.64487		
08:22:24	2000	3000	3333	9955	3185	0.99100	4.81661	4.64173		
08:22:34	2000	3000	3333	9955	3175	0.99100	4.81660	4.65453		
08:22:44	2000	3000	3333	9955	3167	0.99100	4.81652	4.65353		
08:22:54	2000	3000	3333	9955	3159	0.99100	4.81638	4.65346		
08:23:04	2000	3000	3333	9955	3150	0.99100	4.81622	4.67258		
08:23:14	2000	3000	3333	9955	3140	0.99100	4.81599	4.65661		
08:23:24	2000	3000	3333	9955	3129	0.99100	4.81468	4.66099		
08:23:34	2000	3000	3333	9955	3118	0.99100	4.81457	4.65599		
08:23:44	2000	3000	3333	9955	3114	0.99100	4.81469	4.65509		
08:23:54	2000	3000	3333	9955	3112	0.99100	4.81467	4.65628		
08:24:04	2000	3000	3333	9955	3101	0.99100	4.81453	4.65472		
08:24:14	2000	3000	3333	9955	3089	0.99100	4.81449	4.66348		
08:24:24	2000	3000	3333	9955	3075	0.99100	4.81453	4.66996		
08:24:34	2000	3000	3333	9955	3063	0.99100	4.81441	4.66703		
08:24:44	2000	3000	3333	9955	3052	0.99100	4.81430	4.66838		
08:24:54	2000	3000	3333	9955	3042	0.99100	4.81413	4.67681		
08:25:04	2000	3000	3333	9955	3032	0.99100	4.81418	4.68141		
08:25:14	2000	3000	3333	9955	3021	0.99100	4.81420	4.68166		
08:25:24	2000	3000	3333	9955	3014	0.99100	4.81441	4.68483		
08:25:34	2000	3000	3333	9955	3014	0.99100	4.81442	4.68366		
08:25:44	2000	3000	3333	9955	3021	0.99100	4.81412	4.68186		
08:25:54	2000	3000	3333	9955	3025	0.99100	4.81416	4.68187		
08:26:04	2000	3000	3333	9955	3031	0.99100	4.81405	4.68980		
08:26:14	2000	3000	3333	9955	3035	0.99100	4.81425	4.68864		
08:26:24	2000	3000	3333	9955	3036	0.99100	4.81430	4.68945		
08:26:34	2000	3000	3333	9955	3037	0.99100	4.81428	4.69241		
08:26:44	2000	3000	3333	9955	3039	0.99100	4.81422	4.68847		
08:26:54	2000	3000	3333	9955	3036	0.99100	4.81283	4.68185		
08:27:04	2000	3000	3333	9955	3033	0.99100	4.81265	4.68537		
08:27:14	2000	3000	3333	9955	3035	0.99100	4.81241	4.68743		
08:27:24	2000	3000	3333	9955	3030	0.99100	4.81249	4.68298		
08:27:34	2000	3000	3333	9955	3021	0.99100	4.81237	4.68659		
08:27:44	2000	3000	3333	9955	3010	0.99100	4.81239	4.68265		
08:27:54	2000	3000	3333	9955	2997	0.99100	4.81244	4.68480		
08:28:04	2000	3000	3333	9955	2983	0.99100	4.81267	4.68405		
08:28:14	2000	3000	3333	9955	2967	0.99100	4.81252	4.68495		
08:28:24	2000	3000	3333	9955	2954	0.99100	4.81258	4.69227		
08:28:34	2000	3000	3333	9955	2947	0.99100	4.81227	4.68637		
08:28:44	2000	3000	3333	9955	2944	0.99100	4.81233	4.68469		
08:28:54	2000	3000	3333	9955	2940	0.99100	4.81265	4.68013		
08:29:04	2000	3000	3333	9955	2935	0.99100	4.81271	4.68221		
08:29:14	2000	3000	3333	9955	2934	0.99100	4.81259	4.68646		
08:29:24	2000	3000	3333	9955	2938	0.99100	4.81268	4.67944		
08:29:34	2000	3000	3333	9955	2942	0.99100	4.81252	4.67747		
08:29:44	2000	3000	3333	9955	2946	0.99100	4.81254	4.67789		
08:29:54	2000	3000	3333	9955	2952	0.99100	4.81273	4.66896		
08:30:04	2000	3000	3333	9955	2960	0.99100	4.81267	4.67378		
08:30:14	2000	3000	3333	9955	2968	0.99100	4.81261	4.67606		
08:30:24	2000	3000	3333	9955	2975	0.99100	4.81248	4.67252		
08:30:34	2000	3000	3333	9955	2983	0.99100	4.81240	4.66106		
08:30:44	2000	3000	3333	9955	2992	0.99100	4.81242	4.66818		
08:30:54	2000	3000	3333	9955	2998	0.99100	4.81231	4.66708		
08:31:04	2000	3000	3333	9955	3001	0.99100	4.81056	4.66567		
08:31:14	2000	3000	3333	9955	3003	0.99100	4.81059	4.66886		
08:31:24	2000	3000	3333	9955	3003	0.99100	4.81064	4.66642		
08:31:34	2000	3000	3333	9955	3000	0.99100	4.81051	4.66182		
08:31:44	2000	3000	3333	9955	2996	0.99100	4.81078	4.66974		
08:31:54	2000	3000	3333	9955	2989	0.99100	4.81096	4.65980		
08:32:04	2000	3000	3333	9955	2982	0.99100	4.81083	4.65674		
08:32:14	2000	3000	3333	9955	2976	0.99100	4.81064	4.65373		
08:32:24	2000	3000	3333	9955	2973	0.99100	4.81062	4.65262		
08:32:34	2000	3000	3333	9955	2971	0.99100	4.81039	4.65304		
08:32:44	2000	3000	3333	9955	2974	0.99100	4.81044	4.66134		
08:32:54	2000	3000	3333	9955	2978	0.99100	4.81048	4.65058		
08:33:04	2000	3000	3333	9955	2984	0.99100	4.81057	4.65982		
08:33:14	2000	3000	3333	9955	2991	0.99100	4.81036	4.66286		
08:33:24	2000	3000	3333	9955	2999	0.99100	4.81045	4.65621		
08:33:34	2000	3000	3333	9955	3005	0.99100	4.81032	4.66353		
08:33:44	2000	3000	3333	9955	3007	0.99100	4.81024	4.65907		
08:33:54	2000	3000	3333	9955	3007	0.99100	4.81023	4.66225		
08:34:04	2000	3000	3333	9955	3003	0.99100	4.81018	4.66501		
08:34:14	2000	3000	3333	9955	3000	0.99100	4.81002	4.66052		
08:34:24	2000	3000	3333	9955	3000	0.99100	4.81004	4.65841		
08:34:34	2000	3000	3333	9955	3000	0.99100	4.81031	4.66075		
08:34:44	2000	3000	3333	9955	3000	0.99100	4.81014	4.66346		
08:34:54	2000	3000	3333	9955	3006	0.99100	4.80992	4.67169		
08:35:04	2000	3000	3333	9955	3014	0.99100	4.80995	4.67003		
08:35:14	2000	3000	3333	9955	3020	0.99100	4.81003	4.66571		
08:35:24	2000	3000	3333	9955	3024	0.99100	4.80984	4.66055		
08:35:34	2000	3000	3333	9955	3024	0.99100	4.80866	4.65391		
08:35:44	2000	3000	3333	9955	3026	0.99100	4.80855	4.65967		
08:35:54	2000	3000	3333	9955	3027	0.99100	4.80849	4.65966		
08:36:04	2000	3000	3333	9955	3027	0.99100	4.80835	4.66129		
08:36:14	2000	3000	3333	9955	3029	0.99100	4.80821	4.66111		
08:36:24	2000	3000	3333	9955	3033	0.99100	4.80826	4.64936		
08:36:34	2000	3000	3333	9955	3030	0.99100	4.80817	4.65192		
08:36:44	2000	3000	3333	9955	3023	0.99100	4.80853	4.65747		
08:36:54	2000	3000	3333	9955	3015	0.99100	4.80828	4.64687		
08:37:04	2000	3000	3333	9955	3009	0.99100	4.80821	4.65492		
08:37:14	2000	3000	3333	9955	3009	0.99100	4.80818	4.65426		
08:37:24	2000	3000	3333	9955	3008	0.99100	4.80802	4.65394		
08:37:34	2000	3000	3333	9955	3010	0.99100	4.80808	4.65352		
08:37:44	2000	3000	3333	9955	3015	0.99100	4.80803	4.65865		
08:37:54	2000	3000	3333	9955	3019	0.99100	4.80817	4.64817		
08:38:04	2000	3000	3333	9955	3026	0.99100	4.80828	4.66186		
08:38:14	2000	3000	3333	9955	3037	0.99100	4.80817	4.65563		
08:38:24	2000	3000	3333	9955	3049	0.99100	4.80800	4.66044		
08:38:34	2000	3000	3333	9955	3060	0.99100	4.80811	4.66042		
08:38:44	2000	3000	3333	9955	3070	0.99100	4.80785	4.67263		
08:38:54	2000	3000	3333	9955	3079	0.99100	4.80813	4.67517		
08:39:04	2000	3000	3333	9955	3086	0.99100	4.80817	4.66680		
08:39:14	2000	3000	3333	9955	3091	0.99100	4.80787	4.66583		
08:39:24	2000	3000	3333	9955	3092	0.99100	4.80807	4.65975		
08:39:34	2000	3000	3333	9955	3092	0.99100	4.80787	4.66057		
08:39:44	2000	3000	3333	9955	3088	0.99100	4.80792	4.67353		
08:39:54	2000	3000	3333	9955	3084	0.99100	4.80783	4.67731		
08:40:04	2000	3000	3333	9955	3078	0.99100	4.80768	4.68150		
08:40:14	2000	3000	3333	9955	3072	0.99100	4.80766	4.68581		
08:40:24	2000	3000	3333	9955	3064	0.99100	4.80796	4.68439		
08:40:34	2000	3000	3333	9955	3055	0.99100	4.80801	4.67385		
08:40:44	2000	3000	3333	9955	3048	0.99100	4.80793	4.68048		
08:40:54	2000	3000	3333	9955	3041	0.99100	4.80784	4.67905		
08:41:04	2000	3000	3333	9955	3037	0.99100	4.80771	4.66078		
08:41:14	2000	3000	3333	9955	3038	0.99100	4.80748	4.66353		
08:41:24	2000	3000	3333	9955	3041	0.99100	4.80760	4.66514		
08:41:34	2000	3000	3333	9955	3042	0.99100	4.80753	4.66322		
08:41:44	2000	3000	3333	9955	3044	0.99100	4.80780	4.66776		
08:41:54	2000	3000	3333	9955	3043	0.99100	4.80745	4.66452		
08:42:04	2000	3000	3333	9955	3041	0.99100	4.80772	4.65630		
08:42:14	2000	3000	3333	9955	3038	0.99100	4.80769	4.66239		
08:42:24	2000	3000	3333	9955	3038	0.99100	4.80745	4.65869		
08:42:34	2000	3000	3333	9955	3041	0.99100	4.80763	4.65912		
08:42:44	2000	3000	3333	9955	3043	0.99100	4.80748	4.64594		
08:42:54	2000	3000	3333	9955	3044	0.99100	4.80755	4.64934		
08:43:04	2000	3000	3333	9955	3042	0.99100	4.80753	4.65725		
08:43:14	2000	3000	3333	9955	3041	0.99100	4.80734	4.65739		
08:43:24	2000	3000	3333	9955	3040	0.99100	4.80604	4.66027		
08:43:34	2000	3000	3333	9955	3037	0.99100	4.80622	4.65636		
08:43:44	2000	3000	3333	9955	3035	0.99100	4.80603	4.64847		
08:43:54	2000	3000	3333	9955	3038	0.99100	4.80627	4.65802		
08:44:04	2000	3000	3333	9955	3040	0.99100	4.80597	4.65832		
08:44:14	2000	3000	3333	9955	3043	0.99100	4.80594	4.66727		
08:44:24	2000	3000	3333	9955	3045	0.99100	4.80557	4.67435		
08:44:34	2000	3000	3333	9955	3045	0.99100	4.80556	4.66786		
08:44:44	2000	3000	3333	9955	3045	0.99100	4.80560	4.66982		
08:44:54	2000	3000	3333	9955	3047	0.99100	4.80573	4.67655		
08:45:04	2000	3000	3333	9955	3048	0.99100	4.80570	4.67700		
08:45:14	2000	3000	3333	9955	3049	0.99100	4.80555	4.67348		
08:45:24	2000	3000	3333	9955	3049	0.99100	4.80571	4.67382		
08:45:34	2000	3000	3333	9955	3045	0.99100	4.80550	4.67386		
08:45:44	2000	3000	3333	9955	3038	0.99100	4.80557	4.66789		
08:45:54	2000	3000	3333	9955	3029	0.99100	4.80537	4.67355		
08:46:04	2000	3000	3333	9955	3024	0.99100	4.80549	4.67403		
08:46:14	2000	3000	3333	9955	3021	0.99100	4.80561	4.67036		
08:46:24	2000	3000	3333	9955	3019	0.99100	4.80545	4.67326		
08:46:34	2000	3000	3333	9955	3017	0.99100	4.80559	4.67123		
08:46:44	2000	3000	3333	9955	3016	0.99100	4.80552	4.67923		
08:46:54	2000	3000	3333	9955	3012	0.99100	4.80539	4.68130		
08:47:04	2000	3000	3333	9955	3005	0.99100	4.80543	4.67545		
08:47:14	2000	3000	3333	9955	2996	0.99100	4.80557	4.68558		
08:47:24	2000	3000	3333	9955	2989	0.99100	4.80612	4.67995		
08:47:34	2000	3000	3333	9955	2988	0.99100	4.80636	4.67847		
08:47:44	2000	3000	3333	9955	2986	0.99100	4.80638	4.68130		
08:47:54	2000	3000	3333	9955	2987	0.99100	4.80654	4.67215		
08:48:04	2000	3000	3333	9955	2989	0.99100	4.80644	4.67478		
08:48:14	2000	3000	3333	9955	2992	0.99100	4.80660	4.67475		
08:48:24	2000	3000	3333	9955	2994	0.99100	4.80661	4.66893		
08:48:34	2000	3000	3333	9955	2993	0.99100	4.80662	4.67237		
08:48:44	2000	3000	3333	9955	2991	0.99100	4.80657	4.67697		
08:48:54	2000	3000	3333	9955	2994	0.99100	4.80657	4.67138		
08:49:04	2000	3000	3333	9955	2997	0.99100	4.80635	4.67987		
08:49:14	2000	3000	3333	9955	2999	0.99100	4.80637	4.67009		
08:49:24	2000	3000	3333	9955	3003	0.99100	4.80632	4.67321		
08:49:34	2000	3000	3333	9955	3010	0.99100	4.80630	4.66616		
08:49:44	2000	3000	3333	9955	3021	0.99100	4.80632	4.66787		
08:49:54	2000	3000	3333	9955	3034	0.99100	4.80645	4.66802		
08:50:04	2000	3000	3333	9955	3049	0.99100	4.80621	4.65291		
08:50:14	2000	3000	3333	9955	3068	0.99100	4.80607	4.66113		
08:50:24	2000	3000	3333	9955	3087	0.99100	4.80626	4.65199		
08:50:34	2000	3000	3333	9955	3107	0.99100	4.80609	4.65850		
08:50:44	2000	3000	3333	9955	3127	0.99100	4.80626	4.65723		
08:50:54	2000	3000	3333	9955	3145	0.99100	4.80631	4.65139		
08:51:04	2000	3000	3333	9955	3160	0.99100	4.80621	4.65452		
08:51:14	2000	3000	3333	9955	3172	0.99100	4.80619	4.64654		
08:51:24	2000	3000	3333	9955	3180	0.99100	4.80619	4.65160		
08:51:34	2000	3000	3333	9955	3191	0.99100	4.80614	4.65408		
08:51:44	2000	3000	3333	9955	3202	0.99100	4.80621	4.65677		
08:51:54	2000	3000	3333	9955	3211	0.99100	4.80620	4.65330		
08:52:04	2000	3000	3333	9955	3216	0.99100	4.80610	4.64867		
08:52:14	2000	3000	3333	9955	3217	0.99100	4.80611	4.64177		
08:52:24	2000	3000	3333	9955	3217	0.99100	4.80588	4.64715		
08:52:34	2000	3000	3333	9955	3213	0.99100	4.80599	4.64846		
08:52:44	2000	3000	3333	9955	3212	0.99100	4.80602	4.65155		
08:52:54	2000	3000	3333	9955	3210	0.99100	4.80445	4.65285		
08:53:04	2000	3000	3333	9955	3207	0.99100	4.80417	4.65865		
08:53:14	2000	3000	3333	9955	3203	0.99100	4.80441	4.64975		
08:53:24	2000	3000	3333	9955	3199	0.99100	4.80433	4.65404		
08:53:34	2000	3000	3333	9955	3194	0.99100	4.80436	4.65663		
08:53:44	2000	3000	3333	9955	3189	0.99100	4.80449	4.66073		
08:53:54	2000	3000	3333	9955	3184	0.99100	4.80434	4.66244		
08:54:04	2000	3000	3333	9955	3182	0.99100	4.80453	4.66637		
08:54:14	2000	3000	3333	9955	3181	0.99100	4.80450	4.65854		
08:54:24	2000	3000	3333	9955	3182	0.99100	4.80453	4.65482		
08:54:34	2000	3000	3333	9955	3182	0.99100	4.80455	4.65968		
08:54:44	2000	3000	3333	9955	3177	0.99100	4.80445	4.66085		
08:54:54	2000	3000	3333	9955	3169	0.99100	4.80433	4.65679		
08:55:04	2000	3000	3333	9955	3162	0.99100	4.80456	4.65804		
08:55:14	2000	3000	3333	9955	3157	0.99100	4.80426	4.66230		
08:55:24	2000	3000	3333	9955	3152	0.99100	4.80441	4.66224		
08:55:34	2000	3000	3333	9955	3151	0.99100	4.80421	4.65936		
08:55:44	2000	3000	3333	9955	3150	0.99100	4.80461	4.66750		
08:55:54	2000	3000	3333	9955	3153	0.99100	4.80432	4.66398		
08:56:04	2000	3000	3333	9955	3155	0.99100	4.80440	4.66184		
08:56:14	2000	3000	3333	9955	3156	0.99100	4.80449	4.66524		
08:56:24	2000	3000	3333	9955	3156	0.99100	4.80452	4.66168		
08:56:34	2000	3000	3333	9955	3154	0.99100	4.80449	4.66431		
08:56:44	2000	3000	3333	9955	3151	0.99100	4.80441	4.66014		
08:56:54	2000	3000	3333	9955	3149	0.99100	4.80434	4.65810		
08:57:04	2000	3000	3333	9955	3147	0.99100	4.80435	4.65359		
08:57:14	2000	3000	3333	9955	3147	0.99100	4.80452	4.65526		
08:57:24	2000	3000	3333	9955	3149	0.99100	4.80506	4.64585		
08:57:34	2000	3000	3333	9955	3150	0.99100	4.80519	4.64843		
08:57:44	2000	3000	3333	9955	3152	0.99100	4.80496	4.63999		
08:57:54	2000	3000	3333	9955	3152	0.99100	4.80491	4.64302		
08:58:04	2000	3000	3333	9955	3149	0.99100	4.80509	4.64452		
08:58:14	2000	3000	3333	9955	3143	0.99100	4.80492	4.64101		
08:58:24	2000	3000	3333	9955	3135	0.99100	4.80476	4.64403		
08:58:34	2000	3000	3333	9955	3121	0.99100	4.80498	4.63995		
08:58:44	2000	3000	3333	9955	3100	0.99100	4.80531	4.63881		
08:58:54	2000	3000	3333	9955	3075	0.99100	4.80408	4.64213		
08:59:04	2000	3000	3333	9955	3051	0.99100	4.80370	4.64132		
08:59:14	2000	3000	3333	9955	3030	0.99100	4.80352	4.63775		
08:59:24	2000	3000	3333	9955	3012	0.99100	4.80358	4.64358		
08:59:34	2000	3000	3333	9955	2996	0.99100	4.80346	4.64427		
08:59:44	2000	3000	3333	9955	2984	0.99100	4.80339	4.64414		
08:59:54	2000	3000	3333	9955	2976	0.99100	4.80321	4.64444		
09:00:04	2000	3000	3333	9955	2975	0.99100	4.80465	4.64178		
09:00:14	2000	3000	3333	9955	2981	0.99100	4.80459	4.63552		
09:00:24	2000	3000	3333	9955	2989	0.99100	4.80432	4.64131		
09:00:34	2000	3000	3333	9955	2996	0.99100	4.80411	4.64526		
09:00:44	2000	3000	3333	9955	2998	0.99100	4.80422	4.65568		
09:00:54	2000	3000	3333	9955	2995	0.99100	4.80408	4.66201		
09:01:04	2000	3000	3333	9955	2994	0.99100	4.80382	4.67107		
09:01:14	2000	3000	3333	9955	2991	0.99100	4.80383	4.67722		
09:01:24	2000	3000	3333	9955	2987	0.99100	4.80387	4.67401		
09:01:34	2000	3000	3333	9955	2982	0.99100	4.80397	4.66468		
09:01:44	2000	3000	3333	9955	2976	0.99100	4.80411	4.66450		
09:01:54	2000	3000	3333	9955	2968	0.99100	4.80414	4.66130		
09:02:04	2000	3000	3333	9955	2959	0.99100	4.80416	4.66416		
09:02:14	2000	3000	3333	9955	2954	0.99100	4.80418	4.65963		
09:02:24	2000	3000	3333	9955	2955	0.99100	4.80400	4.65721		
09:02:34	2000	3000	3333	9955	2956	0.99100	4.80398	4.65592		
09:02:44	2000	3000	3333	9955	2956	0.99100	4.80395	4.66219		
09:02:54	2000	3000	3333	9955	2953	0.99100	4.80390	4.67481		
09:03:04	2000	3000	3333	9955	2950	0.99100	4.80396	4.66574		
09:03:14	2000	3000	3333	9955	2945	0.99100	4.80387	4.66134		
09:03:24	2000	3000	3333	9955	2941	0.99100	4.80361	4.66082		
09:03:34	2000	3000	3333	9955	2937	0.99100	4.80374	4.65741		
09:03:44	2000	3000	3333	9955	2933	0.99100	4.80378	4.66132		
09:03:54	2000	3000	3333	9955	2930	0.99100	4.80375	4.66840		
09:04:04	2000	3000	3333	9955	2928	0.99100	4.80374	4.65986		
09:04:14	2000	3000	3333	9955	2924	0.99100	4.80347	4.66128		
09:04:24	2000	3000	3333	9955	2920	0.99100	4.80364	4.66156		
09:04:34	2000	3000	3333	9955	2920	0.99100	4.80374	4.66387		
09:04:44	2000	3000	3333	9955	2924	0.99100	4.80382	4.65594		
09:04:54	2000	3000	3333	9955	2930	0.99100	4.80392	4.66652		
09:05:04	2000	3000	3333	9955	2939	0.99100	4.80374	4.67290		
09:05:14	2000	3000	3333	9955	2949	0.99100	4.80372	4.66741		
09:05:24	2000	3000	3333	9955	2959	0.99100	4.80380	4.66395		
09:05:34	2000	3000	3333	9955	2966	0.99100	4.80384	4.65938		
09:05:44	2000	3000	3333	9955	2970	0.99100	4.80403	4.65683		
09:05:54	2000	3000	3333	9955	2971	0.99100	4.80397	4.66407		
09:06:04	2000	3000	3333	9955	2971	0.99100	4.80404	4.66611		
09:06:14	2000	3000	3333	9955	2971	0.99100	4.80382	4.66211		
09:06:24	2000	3000	3333	9955	2968	0.99100	4.80396	4.65925		
09:06:34	2000	3000	3333	9955	2961	0.99100	4.80274	4.66659		
09:06:44	2000	3000	3333	9955	2955	0.99100	4.80272	4.66074		
09:06:54	2000	3000	3333	9955	2952	0.99100	4.80257	4.65756		
09:07:04	2000	3000	3333	9955	2947	0.99100	4.80251	4.65710		
09:07:14	2000	3000	3333	9955	2950	0.99100	4.80267	4.65740		
09:07:24	2000	3000	3333	9955	2955	0.99100	4.80256	4.65909		
09:07:34	2000	3000	3333	9955	2963	0.99100	4.80277	4.66044		
09:07:44	2000	3000	3333	9955	2972	0.99100	4.80279	4.66468		
09:07:54	2000	3000	3333	9955	2982	0.99100	4.80266	4.65505		
09:08:04	2000	3000	3333	9955	2990	0.99100	4.80263	4.65860		
09:08:14	2000	3000	3333	9955	2994	0.99100	4.80271	4.65933		
09:08:24	2000	3000	3333	9955	2996	0.99100	4.80268	4.66550		
09:08:34	2000	3000	3333	9955	2998	0.99100	4.80266	4.66661		
09:08:44	2000	3000	3333	9955	3001	0.99100	4.80279	4.67514		
09:08:54	2000	3000	3333	9955	3002	0.99100	4.80271	4.67042		
09:09:04	2000	3000	3333	9955	2997	0.99100	4.80258	4.67300		
09:09:14	2000	3000	3333	9955	2988	0.99100	4.80261	4.67467		
09:09:24	2000	3000	3333	9955	2975	0.99100	4.80264	4.67000		
09:09:34	2000	3000	3333	9955	2959	0.99100	4.80258	4.67587		
09:09:44	2000	3000	3333	9955	2944	0.99100	4.80243	4.67757		
09:09:54	2000	3000	3333	9955	2931	0.99100	4.80265	4.68409		
09:10:04	2000	3000	3333	9955	2920	0.99100	4.80266	4.67635		
09:10:14	2000	3000	3333	9955	2911	0.99100	4.80288	4.67671		
09:10:24	2000	3000	3333	9955	2904	0.99100	4.80264	4.67987		
09:10:34	2000	3000	3333	9955	2898	0.99100	4.80280	4.67219		
09:10:44	2000	3000	3333	9955	2893	0.99100	4.80262	4.67542		
09:10:54	2000	3000	3333	9955	2884	0.99100	4.80268	4.67719		
09:11:04	2000	3000	3333	9955	2875	0.99100	4.80268	4.68628		
09:11:14	2000	3000	3333	9955	2868	0.99100	4.80272	4.68341		
09:11:24	2000	3000	3333	9955	2860	0.99100	4.80250	4.68631		
09:11:34	2000	3000	3333	9955	2851	0.99100	4.80245	4.68755		
09:11:44	2000	3000	3333	9955	2842	0.99100	4.80267	4.69556		
09:11:54	2000	3000	3333	9955	2837	0.99100	4.80266	4.69326		
09:12:04	2000	3000	3333	9955	2834	0.99100	4.80247	4.69686		
09:12:14	2000	3000	3333	9955	2837	0.99100	4.80263	4.69186		
09:12:24	2000	3000	3333	9955	2842	0.99100	4.80285	4.69096		
09:12:34	2000	3000	3333	9955	2848	0.99100	4.80281	4.69544		
09:12:44	2000	3000	3333	9955	2853	0.99100	4.80273	4.69505		
09:12:54	2000	3000	3333	9955	2855	0.99100	4.80274	4.69550		
09:13:04	2000	3000	3333	9955	2852	0.99100	4.80241	4.69405		
09:13:14	2000	3000	3333	9955	2849	0.99100	4.80259	4.69551		
09:13:24	2000	3000	3333	9955	2847	0.99100	4.80249	4.69377		
09:13:34	2000	3000	3333	9955	2839	0.99100	4.80234	4.68904		
09:13:44	2000	3000	3333	9955	2828	0.99100	4.80231	4.68185		
09:13:54	2000	3000	3333	9955	2820	0.99100	4.80241	4.68416		
09:14:04	2000	3000	3333	9955	2818	0.99100	4.80378	4.68387		
09:14:14	2000	3000	3333	9955	2823	0.99100	4.80313	4.68373		
09:14:24	2000	3000	3333	9955	2829	0.99100	4.80269	4.68576		
09:14:34	2000	3000	3333	9955	2834	0.99100	4.80251	4.68624		
09:14:44	2000	3000	3333	9955	2839	0.99100	4.80262	4.68899		
09:14:54	2000	3000	3333	9955	2843	0.99100	4.80259	4.68900		
09:15:04	2000	3000	3333	9955	2848	0.99100	4.80246	4.68033		
09:15:14	2000	3000	3333	9955	2853	0.99100	4.80240	4.68028		
09:15:24	2000	3000	3333	9955	2859	0.99100	4.80234	4.68165		
09:15:34	2000	3000	3333	9955	2862	0.99100	4.80209	4.68188		
09:15:44	2000	3000	3333	9955	2865	0.99100	4.80206	4.68570		
09:15:54	2000	3000	3333	9955	2868	0.99100	4.80215	4.68154		
09:16:04	2000	3000	3333	9955	2867	0.99100	4.80232	4.67735		
09:16:14	2000	3000	3333	9955	2866	0.99100	4.80218	4.68040		
09:16:24	2000	3000	3333	9955	2868	0.99100	4.80207	4.68283		
09:16:34	2000	3000	3333	9955	2871	0.99100	4.80209	4.68031		
09:16:44	2000	3000	3333	9955	2872	0.99100	4.80197	4.68498		
09:16:54	2000	3000	3333	9955	2871	0.99100	4.80208	4.68498		
09:17:04	2000	3000	3333	9955	2870	0.99100	4.80208	4.68285		
09:17:14	2000	3000	3333	9955	2872	0.99100	4.80205	4.68002		
09:17:24	2000	3000	3333	9955	2877	0.99100	4.80193	4.67780		
09:17:34	2000	3000	3333	9955	2881	0.99100	4.80210	4.67882		
09:17:44	2000	3000	3333	9955	2884	0.99100	4.80207	4.68013		
09:17:54	2000	3000	3333	9955	2884	0.99100	4.80197	4.67958		
09:18:04	2000	3000	3333	9955	2884	0.99100	4.80189	4.67462		
09:18:14	2000	3000	3333	9955	2884	0.99100	4.80172	4.67507		
09:18:24	2000	3000	3333	9955	2885	0.99100	4.80166	4.67517		
09:18:34	2000	3000	3333	9955	2887	0.99100	4.80151	4.66613		
09:18:44	2000	3000	3333	9955	2888	0.99100	4.80186	4.67122		
09:18:54	2000	3000	3333	9955	2891	0.99100	4.80174	4.67255		
09:19:04	2000	3000	3333	9955	2893	0.99100	4.80165	4.67438		
09:19:14	2000	3000	3333	9955	2895	0.99100	4.80177	4.67305		
09:19:24	2000	3000	3333	9955	2899	0.99100	4.80172	4.67310		
09:19:34	2000	3000	3333	9955	2902	0.99100	4.80180	4.67757		
09:19:44	2000	3000	3333	9955	2902	0.99100	4.80169	4.67537		
09:19:54	2000	3000	3333	9955	2901	0.99100	4.80167	4.67170		
09:20:04	2000	3000	3333	9955	2901	0.99100	4.80170	4.67947		
09:20:14	2000	3000	3333	9955	2899	0.99100	4.80166	4.67904		
09:20:24	2000	3000	3333	9955	2897	0.99100	4.80159	4.67316		
09:20:34	2000	3000	3333	9955	2894	0.99100	4.80157	4.67176		
09:20:44	2000	3000	3333	9955	2889	0.99100	4.80147	4.67649		
09:20:54	2000	3000	3333	3199	2884	0.97226	4.80136	4.67691		
09:21:04	2000	3000	3333	3250	2880	0.97269	4.80145	4.67927		
09:21:14	2000	3000	3333	3276	2878	0.97290	4.80162	4.68056		
09:21:24	2000	3000	3333	3313	2877	0.97320	4.80165	4.68216		
09:21:34	2000	3000	3333	3230	2878	0.97252	4.80154	4.67849		
09:21:44	2000	3000	3250	3232	2880	0.97254	4.80150	4.67852		
09:21:54	2000	3000	3268	3309	2886	0.97317	4.80171	4.68206		
09:22:04	2000	3000	3275	3294	2891	0.97305	4.80178	4.68149		
09:22:14	2000	3000	3282	3314	2897	0.97321	4.80172	4.68229		
09:22:24	2000	3000	3265	3213	2904	0.97238	4.80181	4.67798		
09:22:34	2000	3000	3240	3079	2910	0.97119	4.80174	4.67163		
09:22:44	2000	3000	3227	3155	2916	0.97187	4.80160	4.67511		
09:22:54	2000	3000	3204	3172	2922	0.97203	4.80141	4.67574		
09:23:04	2000	3000	3169	3083	2927	0.97123	4.80157	4.67166		
09:23:14	2000	3000	3128	3068	2930	0.97109	4.80150	4.67088		
09:23:24	2000	3000	3093	3006	2930	0.97050	4.80161	4.66788		
09:23:34	2000	3000	3105	3151	2928	0.97184	4.80131	4.67466		
09:23:44	2000	3000	3097	3103	2921	0.97141	4.80155	4.67261		
09:23:54	2000	3000	3082	3086	2913	0.97126	4.80156	4.67183		
09:24:04	2000	3000	3093	3148	2906	0.97181	4.80163	4.67482		
09:24:14	2000	3000	3107	3148	2906	0.97181	4.80163	4.67482		
09:24:24	2000	3000	3138	3196	2901	0.97223	4.80159	4.67700		
09:24:34	2000	3000	3124	3065	2895	0.97107	4.80167	4.67090		
09:24:44	2000	3000	3140	3202	2890	0.97228	4.80149	4.67717		
09:24:54	2000	3000	3162	3215	2885	0.97239	4.80139	4.67764		
09:25:04	2000	3000	3168	3186	2880	0.97215	4.80140	4.67636		
09:25:14	2000	3000	3194	3303	2873	0.97312	4.80136	4.68144		
09:25:24	2000	3000	3204	3257	2868	0.97275	4.80156	4.67969		
09:25:34	2000	3000	3218	3148	2864	0.97181	4.80138	4.67458		
09:25:44	2000	3000	3200	3093	2862	0.97132	4.80154	4.67211		
09:25:54	2000	3000	3187	3138	2863	0.97173	4.80163	4.67437		
09:26:04	2000	3000	3186	3179	2865	0.97209	4.80144	4.67609		
09:26:14	2000	3000	3173	3225	2868	0.97248	4.80201	4.67871		
09:26:24	2000	3000	3164	3204	2873	0.97230	4.80225	4.67800		
09:26:34	2000	3000	3158	3113	2878	0.97151	4.80215	4.67370		
09:26:44	2000	3000	3159	3095	2885	0.97134	4.80247	4.67313		
09:26:54	2000	3000	3152	3099	2892	0.97138	4.80238	4.67324		
09:27:04	2000	3000	3132	3056	2900	0.97098	4.80203	4.67081		
09:27:14	2000	3000	3090	2978	2906	0.97023	4.80103	4.66584		
09:27:24	2000	3000	3080	3140	2910	0.97174	4.80088	4.67371		
09:27:34	2000	3000	3073	3072	2910	0.97113	4.80128	4.67086		
09:27:44	2000	3000	3062	3029	2907	0.97073	4.80105	4.66852		
09:27:54	2000	3000	3052	3039	2903	0.97082	4.80111	4.66907		
09:28:04	2000	3000	3055	3074	2900	0.97115	4.80107	4.67074		
09:28:14	2000	3000	3071	3077	2898	0.97118	4.80085	4.67070		
09:28:24	2000	3000	3078	3180	2898	0.97210	4.80076	4.67548		
09:28:34	2000	3000	3080	3084	2897	0.97124	4.80089	4.67108		
09:28:44	2000	3000	3094	3114	2897	0.97151	4.80076	4.67237		
09:28:54	2000	3000	3090	3011	2895	0.97055	4.80087	4.66741		
09:29:04	2000	3000	3090	3076	2893	0.97117	4.80091	4.67070		
09:29:14	2000	3000	3069	2951	2894	0.96996	4.80070	4.66412		
09:29:24	2000	3000	3036	2981	2897	0.97026	4.80100	4.66601		
09:29:34	2000	3000	3022	3001	2900	0.97045	4.80106	4.66708		
09:29:44	2000	3000	3009	3038	2902	0.97081	4.80085	4.66876		
09:29:54	2000	3000	3018	3062	2905	0.97104	4.80096	4.67005		
09:30:04	2000	3000	3023	3108	2908	0.97146	4.80108	4.67240		
09:30:14	2000	3000	3050	3114	2909	0.97151	4.80101	4.67262		
09:30:24	2000	3000	3070	3098	2906	0.97137	4.80086	4.67171		
09:30:34	2000	3000	3073	3018	2902	0.97062	4.80094	4.66782		
09:30:44	2000	3000	3063	2983	2898	0.97028	4.80076	4.66586		
09:30:54	2000	3000	3054	3003	2894	0.97048	4.80103	4.66717		
09:31:04	2000	3000	3039	3022	2891	0.97066	4.80084	4.66795		
09:31:14	2000	3000	3014	2962	2888	0.97007	4.80090	4.66491		
09:31:24	2000	2900	2991	2959	2886	0.97004	4.80094	4.66478		
09:31:34	2000	2900	2985	2981	2883	0.97026	4.80090	4.66592		
09:31:44	2000	2900	2970	2894	2881	0.96938	4.80099	4.66132		
09:31:54	2000	2900	2949	2881	2881	0.96925	4.80123	4.66087		
09:32:04	2000	2900	2922	2858	2885	0.96900	4.80102	4.65933		
09:32:14	2000	2900	2911	2897	2890	0.96941	4.80101	4.66153		
09:32:24	2000	2900	2902	2905	2896	0.96949	4.80111	4.66204		
09:32:34	2000	2800	2881	2853	2901	0.96895	4.80092	4.65899		
09:32:44	2000	2800	2876	2867	2906	0.96909	4.80080	4.65962		
09:32:54	2000	2800	2879	2896	2912	0.96940	4.80093	4.66140		
09:33:04	2000	2800	2880	2862	2918	0.96904	4.80084	4.65939		
09:33:14	2000	2800	2870	2842	2923	0.96883	4.80089	4.65833		
09:33:24	2000	2800	2878	2948	2928	0.96993	4.80093	4.66418		
09:33:34	2000	2800	2874	2834	2930	0.96874	4.80088	4.65786		
09:33:44	2000	2800	2871	2849	2932	0.96891	4.80092	4.65877		
09:33:54	2000	2800	2859	2824	2933	0.96863	4.80097	4.65735		
09:34:04	2000	2800	2861	2873	2931	0.96916	4.80086	4.66006		
09:34:14	2000	2800	2877	2937	2929	0.96983	4.80077	4.66347		
09:34:24	2000	2800	2875	2933	2926	0.96978	4.80090	4.66335		
09:34:34	2000	2800	2895	2956	2924	0.97002	4.80093	4.66463		
09:34:44	2000	2900	2906	2913	2922	0.96958	4.80112	4.66252		
09:34:54	2000	2900	2921	2914	2921	0.96959	4.80103	4.66248		
09:35:04	2000	2900	2927	2909	2921	0.96954	4.80106	4.66222		
09:35:14	2000	2900	2923	2914	2920	0.96959	4.80091	4.66237		
09:35:24	2000	2900	2920	2919	2921	0.96964	4.80101	4.66273		
09:35:34	2000	2900	2902	2847	2920	0.96888	4.80101	4.65870		
09:35:44	2000	2800	2892	2852	2920	0.96894	4.80074	4.65876		
09:35:54	2000	2800	2887	2883	2920	0.96926	4.80087	4.66058		
09:36:04	2000	2800	2886	2906	2920	0.96950	4.80102	4.66201		
09:36:14	2000	2900	2914	3081	2920	0.97121	4.80097	4.67100		
09:36:24	2000	2900	2960	3195	2921	0.97223	4.80096	4.67634		
09:36:34	2000	3000	3001	3091	2920	0.97131	4.80101	4.67153		
09:36:44	2000	3000	3036	3061	2921	0.97103	4.80108	4.67012		
09:36:54	2000	3000	3061	3033	2921	0.97076	4.80104	4.66869		
09:37:04	2000	3000	3064	2926	2921	0.96971	4.80119	4.66327		
09:37:14	2000	3000	3041	2945	2922	0.96990	4.80094	4.66404		
09:37:24	2000	3000	3014	3029	2924	0.97072	4.80101	4.66845		
09:37:34	2000	2900	2991	2954	2926	0.97000	4.80108	4.66467		
09:37:44	2000	2900	2992	3066	2928	0.97107	4.80121	4.67048		
09:37:54	2000	2900	2980	2961	2930	0.97006	4.80097	4.66490		
09:38:04	2000	2900	2997	3031	2932	0.97075	4.80091	4.66847		
09:38:14	2000	2900	2995	2933	2933	0.96978	4.80108	4.66354		
09:38:24	2000	2900	2997	3041	2934	0.97084	4.80112	4.66918		
09:38:34	2000	3000	3001	2978	2934	0.97023	4.80113	4.66597		
09:38:44	2000	2900	2980	2939	2935	0.96985	4.80098	4.66378		
09:38:54	2000	2900	2978	2951	2935	0.96996	4.80126	4.66465		
09:39:04	2000	2900	2953	2878	2933	0.96922	4.80134	4.66081		
09:39:14	2000	2900	2962	2987	2932	0.97032	4.80123	4.66652		
09:39:24	2000	2900	2954	2996	2932	0.97041	4.80099	4.66678		
09:39:34	2000	2900	2965	3041	2933	0.97084	4.80103	4.66909		
09:39:44	2000	2900	2964	2936	2934	0.96981	4.80077	4.66338		
09:39:54	2000	2900	2975	3017	2936	0.97061	4.80060	4.66747		
09:40:04	2000	3000	3006	3059	2938	0.97101	4.80045	4.66940		
09:40:14	2000	3000	3033	3150	2938	0.97183	4.80056	4.67387		
09:40:24	2000	3000	3039	3036	2936	0.97079	4.80054	4.66837		
09:40:34	2000	3000	3052	3114	2934	0.97151	4.80032	4.67194		
09:40:44	2000	3000	3097	3211	2932	0.97236	4.80050	4.67660		
09:40:54	2000	3000	3128	3198	2927	0.97225	4.80040	4.67593		
09:41:04	2000	3000	3158	3239	2921	0.97259	4.80065	4.67798		
09:41:14	2000	3000	3169	3218	2913	0.97242	4.80053	4.67695		
09:41:24	2000	3000	3199	3219	2905	0.97243	4.80037	4.67685		
09:41:34	2000	3000	3224	3259	2897	0.97276	4.80058	4.67880		
09:41:44	2000	3000	3223	3210	2889	0.97236	4.80046	4.67654		
09:41:54	2000	3000	3228	3227	2878	0.97249	4.80056	4.67737		
09:42:04	2000	3000	3222	3199	2869	0.97226	4.80039	4.67597		
09:42:14	2000	3000	3249	3382	2862	0.97374	4.80035	4.68374		
09:42:24	2000	3000	3278	3394	2858	0.97383	4.80050	4.68440		
09:42:34	2000	3000	3331	3574	2855	0.97513	4.80037	4.69112		
09:42:44	2000	3000	3333	3256	2852	0.97274	4.80043	4.67852		
09:42:54	2000	3000	3333	3252	2850	0.97270	4.80044	4.67835		
09:43:04	2000	3000	3317	3044	2851	0.97086	4.80063	4.66882		
09:43:14	2000	3000	3333	3558	2852	0.97502	4.80043	4.69061		
09:43:24	2000	3000	3322	3249	2852	0.97268	4.80027	4.67808		
09:43:34	2000	3000	3244	3107	2852	0.97145	4.80027	4.67155		
09:43:44	2000	3000	3244	3259	2853	0.97276	4.80046	4.67868		
09:43:54	2000	3000	3266	3384	2853	0.97376	4.80019	4.68369		
09:44:04	2000	3000	3329	3422	2853	0.97405	4.80023	4.68525		
09:44:14	2000	3000	3253	3098	2854	0.97137	4.80041	4.67127		
09:44:24	2000	3000	3245	3201	2854	0.97228	4.80028	4.67596		
09:44:34	2000	3000	3266	3237	2856	0.97258	4.80024	4.67752		
09:44:44	2000	3000	3219	2974	2858	0.97019	4.80032	4.66498		
09:44:54	2000	3000	3187	3190	2859	0.97219	4.80018	4.67537		
09:45:04	2000	3000	3149	3196	2860	0.97223	4.80051	4.67594		
09:45:14	2000	3000	3201	3410	2861	0.97396	4.80050	4.68504		
09:45:24	2000	3000	3206	3229	2861	0.97251	4.80059	4.67751		
09:45:34	2000	3000	3229	3378	2860	0.97371	4.80041	4.68366		
09:45:44	2000	3000	3312	3469	2856	0.97439	4.80055	4.68740		
09:45:54	2000	3000	3333	3423	2852	0.97405	4.80058	4.68562		
09:46:04	2000	3000	3333	3348	2848	0.97348	4.80039	4.68241		
09:46:14	2000	3000	3333	3483	2846	0.97449	4.80040	4.68778		
09:46:24	2000	3000	3333	3303	2844	0.97312	4.80053	4.68065		
09:46:34	2000	3000	3333	3560	2842	0.97504	4.80048	4.69073		
09:46:44	2000	3000	3333	3558	2839	0.97502	4.80053	4.69071		
09:46:54	2000	3000	3333	3470	2837	0.97440	4.80043	4.68732		
09:47:04	2000	3000	3333	3320	2835	0.97326	4.80055	4.68139		
09:47:14	2000	3000	3333	3400	2835	0.97388	4.80059	4.68471		
09:47:24	2000	3000	3333	3459	2836	0.97432	4.80067	4.68713		
09:47:34	2000	3000	3333	3156	2840	0.97189	4.80056	4.67418		


			DELHI AIRPORT : 30 m Base line


Time	RVR	 MOR	RVR	MOR	BLM	Trf	 Ref(v)	PD(v)
	(limited)	(limited)	(actual)	(actual)

10:12:11	2000	2700	450	2702	2598	0.96725	4.81717	4.66572		
10:12:21	2000	2600	890	2638	2612	0.96646	4.83675	4.68052		
10:12:31	2000	2600	1331	2648	2613	0.96659	4.83644	4.68087		
10:12:41	2000	2500	1762	2588	2613	0.96582	4.83683	4.67719		
10:12:51	2000	2600	2200	2626	2613	0.96631	4.83664	4.67958		
10:13:01	2000	2300	2594	2362	2612	0.96262	4.83686	4.66015		
10:13:11	2000	2300	2540	2380	2609	0.96288	4.83737	4.66206		
10:13:21	2000	2500	2517	2502	2605	0.96467	4.83680	4.67100		
10:13:31	2000	2400	2491	2489	2601	0.96449	4.83693	4.67016		
10:13:41	2000	2500	2501	2649	2595	0.96660	4.83717	4.68163		
10:13:51	2000	2400	2495	2592	2588	0.96588	4.83621	4.67688		
10:14:01	2000	2500	2521	2518	2579	0.96489	4.83544	4.67088		
10:14:11	2000	2500	2543	2513	2570	0.96482	4.83487	4.66994		
10:14:21	2000	2500	2536	2455	2562	0.96400	4.83395	4.66471		
10:14:31	2000	2500	2564	2662	2554	0.96675	4.83394	4.67933		
10:14:41	2000	2500	2544	2529	2547	0.96504	4.83401	4.67030		
10:14:51	2000	2500	2572	2758	2542	0.96789	4.83366	4.68514		
10:15:01	2000	2600	2614	2767	2538	0.96799	4.83421	4.68620		
10:15:11	2000	2600	2657	2774	2536	0.96807	4.83450	4.68692		
10:15:21	2000	2700	2715	2802	2535	0.96839	4.83456	4.68867		
10:15:31	2000	2700	2728	2743	2535	0.96772	4.83489	4.68541		
10:15:41	2000	2800	2833	3158	2518	0.97191	4.83460	4.70741		
10:15:51	2000	2800	2831	2742	2518	0.96772	4.83471	4.68521		
10:16:01	2000	2800	2819	2695	2514	0.96716	4.83501	4.68253		
10:16:11	2000	2700	2800	2662	2519	0.96676	4.83441	4.67984		
10:16:21	2000	2700	2781	2687	2540	0.96706	4.83446	4.68150		
10:16:31	2000	2700	2782	2750	2541	0.96780	4.83438	4.68535		
10:16:41	2000	2700	2710	2729	2541	0.96756	4.83495	4.68461		
10:16:51	2000	2600	2695	2652	2542	0.96664	4.83493	4.67969		
10:17:01	2000	2600	2696	2698	2542	0.96719	4.83488	4.68256		
10:17:11	2000	2700	2703	2705	2541	0.96728	4.83415	4.68235		
10:17:21	2000	2700	2714	2753	2540	0.96783	4.83546	4.68657		
10:17:31	2000	2700	2708	2715	2540	0.96740	4.83575	4.68453		
10:17:41	2000	2700	2704	2702	2538	0.96724	4.83560	4.68356		
10:17:51	2000	2700	2717	2729	2537	0.96756	4.83558	4.68520		
10:18:01	2000	2700	2722	2730	2535	0.96757	4.83599	4.68568		
10:18:11	2000	2700	2716	2672	2533	0.96688	4.83537	4.68142		
10:18:21	2000	2700	2711	2722	2531	0.96748	4.83561	4.68481		
10:18:31	2000	2700	2705	2680	2529	0.96698	4.83567	4.68221		
10:18:41	2000	2600	2697	2652	2527	0.96663	4.83714	4.68181		
10:18:51	2000	2600	2671	2571	2525	0.96559	4.83567	4.67485		
10:19:01	2000	2600	2653	2624	2522	0.96628	4.83577	4.67861		
10:19:11	2000	2600	2647	2634	2519	0.96641	4.83563	4.67915		
10:19:21	2000	2600	2613	2519	2516	0.96491	4.83442	4.66999		
10:19:31	2000	2500	2597	2585	2512	0.96579	4.83386	4.67412		
10:19:41	2000	2500	2587	2591	2507	0.96586	4.83404	4.67471		
10:19:51	2000	2500	2583	2549	2502	0.96530	4.83354	4.67124		
10:20:01	2000	2500	2581	2610	2497	0.96611	4.83441	4.67636		
10:20:11	2000	2500	2573	2587	2491	0.96581	4.83358	4.67397		
10:20:21	2000	2500	2584	2585	2486	0.96579	4.83296	4.67326		
10:20:31	2000	2500	2590	2620	2480	0.96623	4.83281	4.67547		
10:20:41	2000	2500	2596	2630	2475	0.96636	4.83276	4.67609		
10:20:51	2000	2500	2599	2564	2470	0.96551	4.83276	4.67157		
10:21:01	2000	2500	2598	2603	2465	0.96601	4.83285	4.67436		
10:21:11	2000	2600	2604	2627	2459	0.96632	4.83302	4.67615		
10:21:21	2000	2600	2612	2628	2454	0.96633	4.83323	4.67642		
10:21:31	2000	2600	2617	2654	2449	0.96666	4.83291	4.67786		
10:21:41	2000	2600	2612	2601	2444	0.96599	4.83235	4.67372		
10:21:51	2000	2600	2604	2511	2439	0.96479	4.83234	4.66735		
10:22:01	2000	2500	2589	2516	2433	0.96486	4.83298	4.66836		
10:22:11	2000	2500	2570	2512	2428	0.96481	4.83267	4.66779		
10:22:21	2000	2500	2551	2517	2422	0.96487	4.83341	4.66880		
10:22:31	2000	2500	2531	2533	2417	0.96509	4.83386	4.67042		
10:22:41	2000	2500	2524	2559	2411	0.96544	4.83316	4.67161		
10:22:51	2000	2500	2536	2584	2405	0.96577	4.83343	4.67361		
10:23:01	2000	2500	2543	2558	2399	0.96543	4.83345	4.67184		
10:23:11	2000	2500	2547	2531	2393	0.96506	4.83270	4.66915		
10:23:21	2000	2500	2557	2577	2388	0.96568	4.83225	4.67200		
10:23:31	2000	2500	2563	2572	2382	0.96561	4.83211	4.67151		
10:23:41	2000	2500	2564	2564	2375	0.96551	4.83212	4.67097		
10:23:51	2000	2500	2567	2601	2369	0.96599	4.83230	4.67368		
10:24:01	2000	2500	2571	2583	2363	0.96576	4.83230	4.67246		
10:24:11	2000	2500	2580	2585	2357	0.96578	4.83287	4.67312		
10:24:21	2000	2500	2579	2571	2352	0.96560	4.83259	4.67189		
10:24:31	2000	2500	2576	2552	2349	0.96534	4.83312	4.67105		
10:24:41	2000	2500	2557	2453	2346	0.96397	4.83720	4.66770		
10:24:51	2000	2500	2533	2456	2344	0.96402	4.83575	4.66657		
10:25:01	2000	2500	2519	2501	2342	0.96466	4.83711	4.67126		
10:25:11	2000	2500	2505	2497	2341	0.96460	4.83702	4.67087		
10:25:21	2000	2400	2498	2529	2339	0.96504	4.83575	4.67197		
10:25:31	2000	2400	2495	2534	2337	0.96510	4.83678	4.67329		
10:25:41	2000	2500	2513	2561	2336	0.96547	4.83558	4.67410		
10:25:51	2000	2500	2535	2592	2335	0.96587	4.83553	4.67618		
10:26:01	2000	2500	2553	2610	2334	0.96610	4.83545	4.67733		
10:26:11	2000	2500	2555	2507	2333	0.96473	4.83681	4.67136		
10:26:21	2000	2500	2550	2497	2332	0.96460	4.83542	4.66933		
10:26:31	2000	2500	2551	2539	2330	0.96517	4.83615	4.67307		
10:26:41	2000	2500	2547	2538	2328	0.96515	4.83553	4.67237		
10:26:51	2000	2500	2526	2469	2325	0.96421	4.83543	4.66725		
10:27:01	2000	2500	2507	2494	2322	0.96455	4.83560	4.66922		
10:27:11	2000	2500	2511	2530	2318	0.96505	4.83495	4.67126		
10:27:21	2000	2500	2506	2471	2314	0.96423	4.83550	4.66742		
10:27:31	2000	2400	2490	2442	2310	0.96381	4.83539	4.66509		
10:27:41	2000	2400	2492	2546	2306	0.96527	4.83512	4.67257		
10:27:51	2000	2400	2496	2498	2303	0.96461	4.83559	4.66952		
10:28:01	2000	2400	2483	2414	2301	0.96341	4.83686	4.66435		
10:28:11	2000	2400	2461	2400	2301	0.96319	4.83586	4.66224		
10:28:21	2000	2400	2447	2386	2302	0.96299	4.83600	4.66129		
10:28:31	2000	2400	2445	2426	2303	0.96358	4.83596	4.66440		
10:28:41	2000	2400	2438	2506	2305	0.96473	4.83606	4.67061		
10:28:51	2000	2400	2429	2447	2306	0.96389	4.83604	4.66614		
10:29:01	2000	2400	2442	2490	2306	0.96450	4.83650	4.66984		
10:29:11	2000	2400	2463	2525	2306	0.96498	4.83567	4.67158		
10:29:21	2000	2400	2491	2553	2306	0.96536	4.83602	4.67394		
10:29:31	2000	2500	2514	2568	2304	0.96556	4.83620	4.67518		
10:29:41	2000	2500	2505	2447	2301	0.96388	4.83683	4.66686		
10:29:51	2000	2500	2518	2525	2298	0.96498	4.83676	4.67265		
10:30:01	2000	2500	2514	2469	2294	0.96420	4.83662	4.66833		
10:30:11	2000	2500	2508	2489	2289	0.96449	4.83652	4.66977		
10:30:21	2000	2500	2513	2584	2284	0.96578	4.83667	4.67678		
10:30:31	2000	2500	2521	2614	2279	0.96616	4.83618	4.67834		
10:30:41	2000	2500	2527	2486	2272	0.96444	4.83680	4.66981		
10:30:51	2000	2500	2530	2538	2264	0.96516	4.83657	4.67341		
10:31:01	2000	2500	2550	2591	2257	0.96586	4.83661	4.67718		
10:31:11	2000	2500	2572	2624	2252	0.96628	4.83670	4.67949		
10:31:21	2000	2600	2612	2821	2246	0.96860	4.83644	4.69161		
10:31:31	2000	2600	2628	2709	2240	0.96733	4.83660	4.68498		
10:31:41	2000	2600	2658	2665	2234	0.96679	4.83669	4.68222		
10:31:51	2000	2600	2683	2692	2229	0.96712	4.83682	4.68411		
10:32:01	2000	2600	2693	2648	2223	0.96659	4.83693	4.68135		
10:32:11	2000	2600	2694	2629	2218	0.96635	4.83703	4.68017		
10:32:21	2000	2600	2679	2732	2213	0.96760	4.83731	4.68710		
10:32:31	2000	2600	2681	2722	2209	0.96748	4.83691	4.68610		
10:32:41	2000	2600	2694	2745	2205	0.96774	4.83744	4.68800		
10:32:51	2000	2700	2705	2756	2202	0.96788	4.83740	4.68867		
10:33:01	2000	2700	2734	2820	2198	0.96859	4.83719	4.69227		
10:33:11	2000	2700	2768	2833	2195	0.96873	4.83743	4.69327		
10:33:21	2000	2700	2786	2841	2192	0.96882	4.83782	4.69412		
10:33:31	2000	2700	2797	2789	2188	0.96825	4.83752	4.69076		
10:33:41	2000	2800	2808	2812	2185	0.96850	4.83788	4.69244		
10:33:51	2000	2800	2812	2777	2182	0.96811	4.83767	4.69017		
10:34:01	2000	2700	2791	2694	2179	0.96715	4.83790	4.68528		
10:34:11	2000	2700	2778	2760	2176	0.96792	4.83803	4.68953		
10:34:21	2000	2700	2758	2721	2173	0.96747	4.83774	4.68683		
10:34:31	2000	2700	2762	2812	2171	0.96850	4.83711	4.69174		
10:34:41	2000	2700	2759	2795	2168	0.96831	4.83761	4.69120		
10:34:51	2000	2700	2751	2725	2165	0.96751	4.83793	4.68724		
10:35:01	2000	2700	2744	2656	2163	0.96668	4.83818	4.68307		
10:35:11	2000	2700	2732	2684	2161	0.96702	4.83782	4.68454		
10:35:21	2000	2700	2723	2666	2159	0.96680	4.83820	4.68374		
10:35:31	2000	2600	2699	2670	2156	0.96685	4.83821	4.68401		
10:35:41	2000	2600	2694	2766	2154	0.96799	4.83473	4.68667		
10:35:51	2000	2700	2712	2832	2152	0.96872	4.83446	4.69032		
10:36:01	2000	2700	2724	2730	2150	0.96758	4.83546	4.68519		
10:36:11	2000	2700	2737	2758	2147	0.96790	4.83502	4.68649		
10:36:21	2000	2700	2746	2722	2145	0.96748	4.83515	4.68438		
10:36:31	2000	2700	2750	2693	2144	0.96713	4.83547	4.68282		
10:36:41	2000	2700	2738	2695	2143	0.96716	4.83552	4.68304		
10:36:51	2000	2700	2718	2715	2143	0.96740	4.83509	4.68390		
10:37:01	2000	2700	2709	2675	2142	0.96691	4.83498	4.68118		
10:37:11	2000	2700	2701	2710	2140	0.96733	4.83527	4.68372		
10:37:21	2000	2600	2692	2668	2138	0.96683	4.83503	4.68081		
10:37:31	2000	2600	2686	2657	2136	0.96669	4.83565	4.68068		
10:37:41	2000	2600	2684	2683	2133	0.96702	4.83490	4.68167		
10:37:51	2000	2600	2674	2653	2131	0.96665	4.83524	4.68004		
10:38:01	2000	2600	2679	2704	2128	0.96727	4.83567	4.68376		
10:38:11	2000	2600	2678	2708	2126	0.96731	4.83541	4.68373		
10:38:21	2000	2600	2688	2723	2123	0.96749	4.83523	4.68449		
10:38:31	2000	2700	2703	2752	2119	0.96782	4.83513	4.68618		
10:38:41	2000	2700	2714	2746	2116	0.96776	4.83566	4.68635		
10:38:51	2000	2700	2722	2703	2114	0.96725	4.83592	4.68390		
10:39:01	2000	2700	2712	2645	2111	0.96655	4.83647	4.68071		
10:39:11	2000	2700	2701	2637	2109	0.96645	4.83588	4.67961		
10:39:21	2000	2600	2692	2674	2106	0.96690	4.83587	4.68201		
10:39:31	2000	2600	2682	2690	2104	0.96710	4.83590	4.68308		
10:39:41	2000	2600	2665	2643	2101	0.96652	4.83708	4.68115		
10:39:51	2000	2600	2665	2701	2099	0.96723	4.83606	4.68395		
10:40:01	2000	2600	2672	2689	2098	0.96708	4.83606	4.68315		
10:40:11	2000	2600	2677	2669	2097	0.96684	4.83622	4.68199		
10:40:21	2000	2600	2682	2703	2096	0.96726	4.83609	4.68410		
10:40:31	2000	2600	2696	2772	2095	0.96805	4.83505	4.68733		
10:40:41	2000	2700	2715	2756	2094	0.96787	4.83558	4.68690		
10:40:51	2000	2700	2720	2732	2094	0.96759	4.83545	4.68525		
10:41:01	2000	2700	2726	2729	2092	0.96756	4.83528	4.68495		
10:41:11	2000	2700	2729	2686	2090	0.96705	4.83553	4.68247		
10:41:21	2000	2700	2725	2675	2087	0.96692	4.83576	4.68197		
10:41:31	2000	2600	2695	2597	2084	0.96594	4.83769	4.67865		
10:41:41	2000	2600	2673	2624	2081	0.96629	4.83562	4.67849		
10:41:51	2000	2600	2651	2597	2077	0.96593	4.83597	4.67695		
10:42:01	2000	2600	2634	2630	2073	0.96636	4.83636	4.67958		
10:42:11	2000	2600	2624	2622	2068	0.96626	4.83596	4.67868		
10:42:21	2000	2600	2616	2629	2063	0.96635	4.83702	4.68016		
10:42:31	2000	2600	2629	2672	2058	0.96687	4.83702	4.68297		
10:42:41	2000	2600	2625	2605	2054	0.96604	4.83586	4.67738		
10:42:51	2000	2600	2622	2579	2051	0.96570	4.83660	4.67632		
10:43:01	2000	2600	2619	2610	2047	0.96611	4.83627	4.67818		
10:43:11	2000	2600	2619	2624	2044	0.96629	4.83639	4.67924		
10:43:21	2000	2600	2625	2660	2041	0.96673	4.83538	4.68064		
10:43:31	2000	2600	2631	2712	2038	0.96736	4.83537	4.68395		
10:43:41	2000	2600	2643	2674	2036	0.96690	4.83552	4.68165		
10:43:51	2000	2600	2663	2702	2033	0.96724	4.83541	4.68334		
10:44:01	2000	2600	2667	2635	2030	0.96642	4.83603	4.67959		
10:44:11	2000	2600	2670	2639	2027	0.96647	4.83635	4.68016		
10:44:21	2000	2600	2677	2700	2024	0.96721	4.83551	4.68332		
10:44:31	2000	2600	2690	2793	2021	0.96829	4.83553	4.68908		
10:44:41	2000	2700	2701	2737	2018	0.96765	4.83530	4.68545		
10:44:51	2000	2600	2697	2682	2016	0.96700	4.83621	4.68284		
10:45:01	2000	2700	2711	2719	2014	0.96744	4.83590	4.68491		
10:45:11	2000	2700	2720	2694	2013	0.96715	4.83612	4.68354		
10:45:21	2000	2700	2731	2761	2012	0.96793	4.83586	4.68749		
10:45:31	2000	2700	2729	2785	2010	0.96820	4.83560	4.68863		
10:45:41	2000	2700	2735	2771	2009	0.96804	4.83579	4.68799		
10:45:51	2000	2700	2748	2763	2008	0.96795	4.83679	4.68846		
10:46:01	2000	2400	2512	1061	2006	0.91869	4.83596	4.42538		
10:46:11	2000	2400	2525	2773	2004	0.96807	4.83614	4.68846		
10:46:21	2000	2400	2528	2779	2001	0.96813	4.83604	4.68872		
10:46:31	2000	2400	2523	2756	1998	0.96787	4.83593	4.68721		
10:46:41	2000	2400	2517	2733	1994	0.96761	4.83643	4.68630		
10:46:51	2000	2400	2519	2775	1990	0.96808	4.83611	4.68852		
10:47:01	2000	2700	2776	2840	1986	0.96880	4.83323	4.68956		
10:47:11	2000	2700	2766	2716	1982	0.96740	4.84048	4.68914		
10:47:21	2000	2700	2753	2703	1977	0.96725	4.84017	4.68801		
10:47:31	2000	2700	2728	2605	1972	0.96604	4.84107	4.68243		
10:47:41	2000	2700	2703	2584	1966	0.96577	4.84061	4.68056		
10:47:51	2000	2600	2676	2611	1961	0.96611	4.84019	4.68198		
10:48:01	2000	2600	2645	2656	1957	0.96669	4.84074	4.68557		
10:48:11	2000	2600	2642	2698	1954	0.96719	4.84043	4.68797		
10:48:21	2000	2600	2635	2658	1951	0.96671	4.84076	4.68570		
10:48:31	2000	2600	2645	2668	1950	0.96683	4.84066	4.68624		
10:48:41	2000	2600	2655	2640	1948	0.96649	4.84069	4.68447		
10:48:51	2000	2600	2656	2620	1940	0.96623	4.84089	4.68330		
10:49:01	2000	2600	2652	2629	1945	0.96635	4.84102	4.68403		
10:49:11	2000	2600	2651	2691	1945	0.96711	4.84113	4.68819		
10:49:21	2000	2600	2656	2693	1946	0.96713	4.84128	4.68847		
10:49:31	2000	2600	2656	2668	1947	0.96683	4.84104	4.68665		
10:49:41	2000	2600	2657	2641	1948	0.96650	4.84153	4.68532		
10:49:51	2000	2600	2661	2649	1950	0.96660	4.84178	4.68611		
10:50:01	2000	2600	2663	2639	1951	0.96647	4.84199	4.68565		
10:50:11	2000	2600	2654	2635	1951	0.96642	4.84158	4.68498		
10:50:21	2000	2600	2658	2718	1951	0.96743	4.84019	4.68900		
10:50:31	2000	2600	2657	2662	1951	0.96675	4.84182	4.68698		
10:50:41	2000	2600	2665	2687	1950	0.96706	4.84153	4.68832		
10:50:51	2000	2600	2665	2654	1949	0.96666	4.84126	4.68591		
10:51:01	2000	2600	2676	2701	1948	0.96723	4.84085	4.68855		
10:51:11	2000	2600	2686	2695	1946	0.96716	4.84122	4.68855		
10:51:21	2000	2600	2682	2695	1944	0.96716	4.84087	4.68820		
10:51:31	2000	2600	2689	2703	1940	0.96726	4.84086	4.68873		
10:51:41	2000	2600	2679	2629	1937	0.96635	4.84158	4.68460		
10:51:51	2000	2600	2691	2724	1933	0.96750	4.84160	4.69076		
10:52:01	2000	2600	2682	2648	1929	0.96658	4.84165	4.68587		
10:52:11	2000	2600	2679	2675	1926	0.96691	4.84171	4.68770		
10:52:21	2000	2600	2676	2677	1922	0.96694	4.84180	4.68794		
10:52:31	2000	2600	2667	2652	1919	0.96663	4.84193	4.68642		
10:52:41	2000	2600	2680	2704	1917	0.96727	4.84192	4.68980		
10:52:51	2000	2600	2676	2704	1915	0.96726	4.84182	4.68967		
10:53:01	2000	2600	2682	2682	1914	0.96700	4.84154	4.68801		
10:53:11	2000	2600	2680	2662	1913	0.96675	4.84144	4.68660		
10:53:21	2000	2600	2684	2704	1912	0.96727	4.84178	4.68967		
10:53:31	2000	2700	2702	2759	1912	0.96790	4.84180	4.69308		
10:53:41	2000	2700	2720	2809	1912	0.96846	4.84211	4.69637		
10:53:51	2000	2700	2726	2740	1911	0.96769	4.84161	4.69177		
10:54:01	2000	2700	2741	2775	1911	0.96809	4.84146	4.69373		
10:54:11	2000	2700	2755	2744	1910	0.96774	4.84134	4.69174		
10:54:21	2000	2700	2755	2703	1910	0.96726	4.84152	4.68936		


			DELHI AIRPORT : 30 m Base line


Time	RVR	 MOR	RVR	MOR	BLM	Trf	 Ref(v)	PD(v)
	(limited)	(limited)	(actual)	(actual)

10:54:48	2000	2700	912	2772	1909	0.96806	4.84177	4.69387		
10:54:58	2000	2700	1374	2774	1909	0.96808	4.84096	4.69322		
10:55:08	2000	2800	1845	2822	1907	0.96861	4.84218	4.69721		
10:55:18	2000	2800	2312	2802	1906	0.96839	4.84231	4.69616		
10:55:28	2000	2800	2784	2834	1905	0.96874	4.84109	4.69686		
10:55:38	2000	2800	2806	2834	1905	0.96874	4.84047	4.69626		
10:55:48	2000	2700	2809	2790	1904	0.96826	4.84127	4.69446		
10:55:58	2000	2800	2820	2843	1903	0.96884	4.84085	4.69714		
10:56:08	2000	2800	2843	2959	1902	0.97004	4.83748	4.70029		
10:56:18	2000	2800	2834	2746	1902	0.96775	4.84318	4.69362		
10:56:28	2000	2800	2826	2785	1902	0.96820	4.84274	4.69559		
10:56:38	2000	2800	2814	2764	1902	0.96796	4.84286	4.69442		
10:56:48	2000	2800	2811	2770	1901	0.96803	4.84280	4.69475		
10:56:58	2000	2800	2811	2846	1899	0.96887	4.84305	4.69943		
10:57:08	2000	2700	2786	2809	1897	0.96847	4.84273	4.69701		
10:57:18	2000	2700	2798	2819	1894	0.96858	4.84324	4.69810		
10:57:28	2000	2800	2806	2830	1890	0.96870	4.84354	4.69902		
10:57:38	2000	2800	2809	2785	1886	0.96820	4.84326	4.69609		
10:57:48	2000	2800	2812	2788	1882	0.96824	4.84356	4.69656		
10:57:58	2000	2700	2793	2732	1879	0.96759	4.84335	4.69291		
10:58:08	2000	2700	2787	2769	1875	0.96801	4.84358	4.69540		
10:58:18	2000	2700	2775	2750	1871	0.96780	4.84362	4.69428		
10:58:28	2000	2700	2757	2721	1868	0.96747	4.84373	4.69262		
10:58:38	2000	2700	2742	2697	1865	0.96718	4.84389	4.69126		
10:58:48	2000	2700	2722	2664	1862	0.96678	4.84497	4.69015		
10:58:58	2000	2700	2714	2688	1860	0.96707	4.84491	4.69165		
10:59:08	2000	2700	2704	2708	1858	0.96731	4.84499	4.69300		
10:59:18	2000	2700	2703	2740	1855	0.96769	4.84448	4.69452		
10:59:28	2000	2700	2701	2709	1853	0.96732	4.84471	4.69281		
10:59:38	2000	2700	2711	2762	1850	0.96794	4.84471	4.69610		
10:59:48	2000	2700	2733	2792	1847	0.96828	4.84424	4.69747		
10:59:58	2000	2700	2744	2757	1843	0.96788	4.84494	4.69602		
11:00:08	2000	2700	2756	2777	1839	0.96811	4.84471	4.69698		
11:00:18	2000	2700	2760	2767	1835	0.96800	4.84459	4.69631		
11:00:28	2000	2700	2773	2783	1831	0.96817	4.84441	4.69706		
11:00:38	2000	2700	2776	2782	1827	0.96817	4.84479	4.69741		
11:00:48	2000	2700	2769	2749	1824	0.96779	4.84504	4.69562		
11:00:58	2000	2700	2774	2791	1820	0.96827	4.84548	4.69862		
11:01:08	2000	2700	2778	2799	1817	0.96836	4.84523	4.69884		
11:01:18	2000	2700	2776	2754	1815	0.96784	4.84506	4.69593		
11:01:28	2000	2700	2758	2673	1812	0.96690	4.84498	4.69079		
11:01:38	2000	2700	2747	2719	1809	0.96745	4.84504	4.69378		
11:01:48	2000	2700	2736	2683	1807	0.96701	4.84475	4.69120		
11:01:58	2000	2700	2726	2733	1804	0.96760	4.84528	4.69485		
11:02:08	2000	2700	2720	2759	1801	0.96791	4.84517	4.69639		
11:02:18	2000	2700	2713	2715	1798	0.96739	4.84539	4.69383		
11:02:28	2000	2700	2721	2719	1795	0.96744	4.84484	4.69356		
11:02:38	2000	2700	2720	2712	1792	0.96736	4.84512	4.69341		
11:02:48	2000	2700	2725	2714	1789	0.96738	4.84529	4.69369		
11:02:58	2000	2700	2729	2759	1786	0.96791	4.84553	4.69673		
11:03:08	2000	2700	2721	2707	1783	0.96730	4.84533	4.69329		
11:03:18	2000	2700	2731	2778	1781	0.96812	4.84515	4.69748		
11:03:28	2000	2700	2746	2807	1778	0.96845	4.84582	4.69990		
11:03:38	2000	2700	2754	2759	1776	0.96790	4.84581	4.69696		
11:03:48	2000	2700	2754	2718	1775	0.96743	4.84588	4.69449		
11:03:58	2000	2700	2743	2694	1773	0.96714	4.84562	4.69273		
11:04:08	2000	2700	2734	2650	1771	0.96661	4.84532	4.68960		
11:04:18	2000	2700	2717	2677	1769	0.96694	4.84576	4.69177		
11:04:28	2000	2600	2692	2654	1766	0.96666	4.84591	4.69045		
11:04:38	2000	2600	2685	2719	1763	0.96744	4.84615	4.69482		
11:04:48	2000	2600	2676	2664	1760	0.96678	4.84613	4.69126		
11:04:58	2000	2600	2683	2735	1756	0.96763	4.84597	4.69565		
11:05:08	2000	2600	2683	2651	1752	0.96662	4.84612	4.69042		
11:05:18	2000	2700	2701	2788	1748	0.96823	4.84600	4.69889		
11:05:28	2000	2700	2709	2697	1743	0.96718	4.84604	4.69335		
11:05:38	2000	2700	2715	2760	1739	0.96792	4.84618	4.69742		
11:05:48	2000	2700	2717	2672	1734	0.96688	4.84675	4.69242		
11:05:58	2000	2700	2701	2643	1729	0.96652	4.84674	4.69050		
11:06:08	2000	2700	2703	2660	1724	0.96673	4.84654	4.69140		
11:06:18	2000	2600	2681	2656	1720	0.96668	4.84630	4.69091		
11:06:28	2000	2600	2687	2736	1716	0.96764	4.84650	4.69623		
11:06:38	2000	2600	2684	2737	1712	0.96765	4.84644	4.69621		
11:06:48	2000	2600	2685	2682	1707	0.96701	4.84640	4.69275		
11:06:58	2000	2600	2691	2678	1702	0.96695	4.84701	4.69305		
11:07:08	2000	2700	2706	2751	1697	0.96782	4.84654	4.69722		
11:07:18	2000	2700	2717	2719	1692	0.96744	4.84661	4.69528		
11:07:28	2000	2700	2717	2735	1686	0.96763	4.84689	4.69658		
11:07:38	2000	2700	2712	2709	1681	0.96733	4.84696	4.69500		
11:07:48	2000	2700	2709	2663	1675	0.96677	4.84725	4.69231		
11:07:58	2000	2700	2716	2720	1670	0.96746	4.84768	4.69641		
11:08:08	2000	2600	2695	2629	1665	0.96635	4.84729	4.69010		
11:08:18	2000	2600	2685	2657	1661	0.96669	4.84717	4.69183		
11:08:28	2000	2600	2690	2762	1656	0.96795	4.84692	4.69827		
11:08:38	2000	2600	2684	2677	1652	0.96694	4.84726	4.69322		
11:08:48	2000	2700	2702	2768	1647	0.96801	4.84740	4.69906		
11:08:58	2000	2600	2694	2675	1643	0.96691	4.84758	4.69340		
11:09:08	2000	2600	2700	2665	1639	0.96679	4.84774	4.69289		
11:09:18	2000	2700	2710	2714	1635	0.96738	4.84740	4.69571		
11:09:28	2000	2600	2693	2659	1631	0.96672	4.84737	4.69218		
11:09:38	2000	2600	2692	2675	1627	0.96691	4.84760	4.69342		
11:09:48	2000	2600	2675	2665	1623	0.96680	4.84758	4.69279		
11:09:58	2000	2600	2678	2691	1619	0.96711	4.84811	4.69497		
11:10:08	2000	2600	2688	2728	1615	0.96754	4.84807	4.69723		
11:10:18	2000	2600	2691	2730	1611	0.96757	4.84821	4.69749		
11:10:28	2000	2700	2712	2784	1606	0.96819	4.84792	4.70057		
11:10:38	2000	2700	2711	2672	1602	0.96687	4.84798	4.69358		
11:10:48	2000	2700	2712	2668	1597	0.96683	4.84774	4.69312		
11:10:58	2000	2700	2711	2687	1593	0.96706	4.84798	4.69457		
11:11:08	2000	2700	2732	2851	1589	0.96893	4.84786	4.70442		
11:11:18	2000	2700	2741	2784	1585	0.96819	4.84791	4.70054		
11:11:28	2000	2700	2743	2799	1580	0.96835	4.84797	4.70147		
11:11:38	2000	2700	2769	2829	1576	0.96869	4.84801	4.70331		
11:11:48	2000	2700	2780	2730	1571	0.96757	4.84811	4.69741		
11:11:58	2000	2700	2786	2726	1566	0.96753	4.84838	4.69745		
11:12:08	2000	2700	2763	2715	1562	0.96740	4.84859	4.69696		
11:12:18	2000	2700	2763	2779	1557	0.96813	4.84836	4.70065		
11:12:28	2000	2700	2761	2790	1552	0.96825	4.84920	4.70213		
11:12:38	2000	2700	2748	2752	1547	0.96782	4.84922	4.69984		
11:12:48	2000	2700	2753	2760	1543	0.96792	4.84929	4.70044		
11:12:58	2000	2700	2779	2879	1539	0.96922	4.84884	4.70696		
11:13:08	2000	2700	2797	2822	1534	0.96861	4.84843	4.70328		
11:13:18	2000	2800	2813	2880	1529	0.96923	4.84722	4.70542		
11:13:28	2000	2800	2821	2834	1525	0.96874	4.84707	4.70264		
11:13:38	2000	2800	2845	2895	1521	0.96939	4.84839	4.70738		
11:13:48	2000	2800	2856	2827	1516	0.96867	4.84848	4.70363		
11:13:58	2000	2800	2846	2821	1512	0.96860	4.84846	4.70328		
11:14:08	2000	2800	2845	2813	1507	0.96851	4.84825	4.70258		
11:14:18	2000	2800	2847	2892	1503	0.96936	4.84907	4.70791		
11:14:28	2000	2800	2845	2824	1498	0.96863	4.84937	4.70431		
11:14:38	2000	2800	2847	2905	1493	0.96950	4.84877	4.70834		
11:14:48	2000	2800	2859	2901	1488	0.96945	4.84915	4.70845		
11:14:58	2000	2800	2857	2811	1483	0.96849	4.84903	4.70324		
11:15:08	2000	2800	2883	2965	1478	0.97010	4.84936	4.71213		
11:15:18	2000	2800	2884	2901	1473	0.96945	4.84929	4.70859		
11:15:28	2000	2800	2898	2909	1469	0.96954	4.84903	4.70883		
11:15:38	2000	2800	2894	2878	1464	0.96921	4.84941	4.70744		
11:15:48	2000	2800	2889	2875	1459	0.96918	4.85006	4.70790		
11:15:58	2000	2900	2912	2944	1455	0.96990	4.84988	4.71155		
11:16:08	2000	2900	2918	3005	1451	0.97049	4.84800	4.71291		
11:16:18	2000	2900	2919	2907	1446	0.96951	4.84994	4.70955		
11:16:28	2000	2900	2926	2948	1442	0.96993	4.84956	4.71141		
11:16:38	2000	2900	2956	3061	1437	0.97102	4.84879	4.71651		
11:16:48	2000	2900	2983	3033	1433	0.97077	4.84914	4.71548		
11:16:58	2000	2900	2996	3025	1429	0.97069	4.84917	4.71510		
11:17:08	2000	2900	2973	2867	1424	0.96910	4.84886	4.70631		
11:17:18	2000	2900	2981	2953	1420	0.96998	4.84918	4.71131		
11:17:28	2000	2900	2982	2953	1416	0.96999	4.84888	4.71106		
11:17:38	2000	2900	2966	2965	1412	0.97010	4.84902	4.71182		
11:17:48	2000	2900	2958	2985	1408	0.97029	4.84855	4.71239		
11:17:58	2000	2900	2935	2891	1404	0.96935	4.84809	4.70692		
11:18:08	2000	2900	2940	2895	1400	0.96939	4.84847	4.70749		
11:18:18	2000	2900	2950	3015	1395	0.97059	4.84845	4.71387		
11:18:28	2000	2900	2966	3046	1391	0.97089	4.84858	4.71558		
11:18:38	2000	2900	2975	3020	1386	0.97064	4.84855	4.71422		
11:18:48	2000	2900	2963	2916	1382	0.96961	4.84943	4.70959		
11:18:58	2000	2900	2989	3043	1377	0.97085	4.84791	4.71475		
11:19:08	2000	3000	3013	3041	1372	0.97083	4.84763	4.71438		
11:19:18	2000	3000	3010	2994	1367	0.97039	4.84773	4.71209		
11:19:28	2000	2900	2982	2880	1362	0.96923	4.85119	4.70926		
11:19:38	2000	2900	2972	2961	1357	0.97006	4.85124	4.71377		
11:19:48	2000	2900	2970	2901	1353	0.96945	4.84978	4.70907		
11:19:58	2000	2900	2931	2812	1348	0.96850	4.85121	4.70538		
11:20:08	2000	2900	2901	2861	1344	0.96903	4.85110	4.70812		
11:20:18	2000	2800	2882	2882	1339	0.96925	4.85126	4.70947		
11:20:28	2000	2800	2883	2884	1335	0.96928	4.85123	4.70956		
11:20:38	2000	2800	2870	2880	1331	0.96923	4.85140	4.70950		
11:20:48	2000	2800	2850	2784	1326	0.96819	4.85129	4.70379		
11:20:58	2000	2800	2868	2921	1321	0.96966	4.85136	4.71173		
11:21:08	2000	2800	2875	2904	1316	0.96948	4.85180	4.71121		
11:21:18	2000	2800	2880	2908	1312	0.96953	4.85148	4.71115		
11:21:28	2000	2800	2895	2976	1308	0.97021	4.85148	4.71479		
11:21:38	2000	2900	2911	2976	1303	0.97021	4.85125	4.71455		
11:21:48	2000	2900	2938	2947	1299	0.96992	4.85144	4.71319		
11:21:58	2000	2900	2939	2924	1294	0.96969	4.85138	4.71192		
11:22:08	2000	2900	2945	2941	1290	0.96986	4.85180	4.71321		
11:22:18	2000	2900	2967	3040	1285	0.97083	4.85164	4.71827		
11:22:28	2000	2900	2953	2890	1280	0.96934	4.85140	4.71005		
11:22:38	2000	2900	2951	2967	1276	0.97012	4.85134	4.71417		
11:22:48	2000	2900	2973	3077	1271	0.97118	4.85149	4.71996		
11:22:58	2000	2900	2975	2939	1266	0.96985	4.85136	4.71272		
11:23:08	2000	2900	2951	2796	1262	0.96832	4.85200	4.70519		
11:23:18	2000	2900	2934	2936	1257	0.96981	4.85188	4.71306		
11:23:28	2000	2900	2914	2773	1253	0.96806	4.85197	4.70379		
11:23:38	2000	2800	2887	2806	1249	0.96843	4.85280	4.70658		
11:23:48	2000	2800	2852	2864	1243	0.96906	4.85251	4.70964		
11:23:58	2000	2800	2838	2853	1238	0.96894	4.85252	4.70902		
11:24:08	2000	2800	2870	2989	1233	0.97034	4.85261	4.71658		
11:24:18	2000	2800	2867	2922	1228	0.96967	4.85181	4.71223		
11:24:28	2000	2900	2917	3070	1223	0.97111	4.85124	4.71937		
11:24:38	2000	2900	2952	3019	1217	0.97063	4.85122	4.71678		
11:24:48	2000	2900	2970	2967	1212	0.97012	4.85144	4.71425		
11:24:58	2000	3000	3007	3075	1206	0.97116	4.85192	4.72029		
11:25:08	2000	3000	3015	3041	1201	0.97084	4.85175	4.71839		
11:25:18	2000	3000	3035	3041	1195	0.97084	4.85153	4.71821		
11:25:28	2000	3000	3040	3100	1190	0.97139	4.85162	4.72120		
11:25:38	2000	3000	3041	3026	1185	0.97070	4.85190	4.71780		
11:25:48	2000	3000	3035	2930	1180	0.96975	4.85197	4.71282		
11:25:58	2000	3000	3028	3030	1175	0.97074	4.85194	4.71804		
11:26:08	2000	3000	3027	3037	1170	0.97080	4.85202	4.71844		
11:26:18	2000	3000	3039	3113	1166	0.97150	4.85218	4.72237		
11:26:28	2000	3000	3036	3084	1161	0.97124	4.85223	4.72102		
11:26:38	2000	3000	3022	2940	1156	0.96985	4.85223	4.71359		
11:26:48	2000	3000	3044	3064	1151	0.97105	4.85239	4.72017		
