

			DELHI AIRPORT : 30 m Base line


Time	RVR	 MOR	RVR	MOR	BLM	Trf	 Ref(v)	PD(v)
	(limited)	(limited)	(actual)	(actual)

02:03:53	50	25	57	14	441	0.00196	1.05331	0.00774		
02:04:03	50	25	57	14	444	0.00196	1.05325	0.00774		
02:04:13	50	25	56	14	447	0.00196	1.05328	0.00775		
02:04:23	50	25	55	14	451	0.00194	1.05327	0.00766		
02:04:33	50	25	55	15	454	0.00206	1.05335	0.00815		
02:04:43	50	25	54	15	457	0.00205	1.05327	0.00808		
02:04:53	50	25	54	14	460	0.00200	1.05336	0.00789		
02:05:03	50	25	54	15	463	0.00207	1.05337	0.00818		
02:05:13	50	25	54	14	465	0.00201	1.05335	0.00794		
02:05:23	50	25	55	14	468	0.00201	1.05340	0.00794		
02:05:33	50	25	55	14	471	0.00201	1.05341	0.00796		
02:05:43	50	25	55	15	474	0.00208	1.05339	0.00820		
02:05:53	50	25	55	15	477	0.00212	1.05344	0.00836		
02:06:03	50	25	55	15	479	0.00209	1.05335	0.00824		
02:06:13	50	25	55	15	483	0.00210	1.05333	0.00830		
02:06:23	50	25	55	15	486	0.00210	1.05341	0.00828		
02:06:33	50	25	55	15	488	0.00203	1.05336	0.00802		
02:06:43	50	25	55	15	491	0.00214	1.05337	0.00845		
02:06:53	50	25	55	15	494	0.00205	1.05331	0.00811		
02:07:03	50	25	55	15	497	0.00213	1.05334	0.00840		
02:07:13	50	25	54	15	499	0.00203	1.05333	0.00803		
02:07:23	50	25	54	15	502	0.00211	1.05336	0.00834		
02:07:33	50	25	54	15	505	0.00211	1.05329	0.00833		
02:07:43	50	25	54	15	509	0.00205	1.05327	0.00808		
02:07:53	50	25	54	15	512	0.00217	1.05329	0.00858		
02:08:03	50	25	54	15	515	0.00204	1.05330	0.00808		
02:08:13	50	25	54	15	518	0.00211	1.05329	0.00833		
02:08:23	50	25	54	15	518	0.00211	1.05329	0.00833		
02:08:33	50	25	54	14	524	0.00196	1.05324	0.00776		
02:08:43	50	25	54	14	527	0.00194	1.05326	0.00765		
02:08:53	50	25	54	14	529	0.00192	1.05321	0.00757		
02:09:03	50	25	54	14	532	0.00197	1.05320	0.00779		
02:09:13	50	25	54	14	535	0.00198	1.05322	0.00782		
02:09:23	50	25	54	14	537	0.00194	1.05321	0.00768		
02:09:33	50	25	54	14	541	0.00201	1.05321	0.00795		
02:09:43	50	25	54	14	544	0.00197	1.05323	0.00779		
02:09:53	50	25	54	15	548	0.00205	1.05321	0.00808		
02:10:03	50	25	54	15	552	0.00211	1.05319	0.00833		
02:10:13	50	25	54	15	555	0.00207	1.05318	0.00819		
02:10:23	50	25	54	15	559	0.00209	1.05315	0.00824		
02:10:33	50	25	54	15	562	0.00212	1.05311	0.00839		
02:10:43	50	25	54	14	565	0.00201	1.05315	0.00793		
02:10:53	50	25	54	15	567	0.00210	1.05313	0.00828		
02:11:03	50	25	54	15	567	0.00210	1.05313	0.00828		
02:11:13	50	25	54	15	567	0.00210	1.05313	0.00828		
04:34:53	50	25	53	15	1845	0.00280	1.05154	0.01105		
08:23:04	50	25	53	15	1829	0.00238	1.05109	0.00938		
08:23:14	50	25	52	15	1832	0.00237	1.05110	0.00933		
08:23:24	50	25	52	15	1834	0.00236	1.05108	0.00929		
08:23:34	50	25	51	15	1840	0.00233	1.05113	0.00920		
08:23:44	50	25	51	15	1845	0.00236	1.05114	0.00931		
08:23:54	50	25	51	15	1848	0.00237	1.05112	0.00936		
08:24:04	50	25	51	15	1848	0.00233	1.05115	0.00920		
09:05:04	50	25	51	16	1886	0.00313	1.05126	0.01234		
09:05:14	50	25	51	16	1881	0.00321	1.05125	0.01264		
09:05:24	50	25	52	16	1877	0.00306	1.05125	0.01205		
09:05:34	50	25	52	16	1871	0.00303	1.05123	0.01193		
09:05:44	50	25	52	16	1866	0.00301	1.05122	0.01188		
09:05:54	50	25	52	16	1866	0.00301	1.05122	0.01188		
09:06:34	50	25	52	16	1849	0.00312	1.05134	0.01229		
09:06:44	50	25	52	16	1846	0.00319	1.05134	0.01260		
09:06:54	50	25	52	16	1844	0.00326	1.05140	0.01285		
09:07:04	50	25	52	16	1843	0.00311	1.05141	0.01225		
09:07:14	50	25	52	16	1843	0.00311	1.05141	0.01225		
09:09:44	50	25	53	16	1854	0.00339	1.05125	0.01337		
09:09:54	50	25	53	16	1852	0.00331	1.05123	0.01304		
09:10:04	50	25	53	16	1849	0.00323	1.05119	0.01272		
09:10:14	50	25	53	16	1850	0.00318	1.05113	0.01252		
09:10:24	50	25	53	16	1849	0.00338	1.05106	0.01333		
09:10:34	50	25	53	16	1848	0.00334	1.05109	0.01317		
09:10:44	50	25	53	16	1849	0.00332	1.05117	0.01311		
09:10:54	50	25	53	16	1849	0.00332	1.05117	0.01311		
09:16:24	50	25	53	16	1790	0.00314	1.05132	0.01237		
09:16:34	50	25	53	15	1788	0.00296	1.05130	0.01167		
09:16:44	50	25	52	15	1792	0.00274	1.05131	0.01082		
09:16:54	50	25	52	15	1792	0.00276	1.05132	0.01087		
09:17:04	50	25	52	15	1790	0.00287	1.05129	0.01133		
09:17:14	50	25	52	15	1792	0.00285	1.05127	0.01123		
09:17:24	50	25	52	15	1788	0.00288	1.05130	0.01135		
09:17:34	50	25	52	15	1786	0.00290	1.05133	0.01144		
09:17:44	50	25	52	15	1787	0.00293	1.05133	0.01155		
09:17:54	50	25	52	16	1783	0.00303	1.05132	0.01196		
09:18:04	50	25	52	15	1781	0.00292	1.05133	0.01152		
09:18:14	50	25	52	15	1782	0.00285	1.05135	0.01123		
09:18:24	50	25	52	15	1787	0.00294	1.05140	0.01158		
09:18:34	50	25	52	15	1787	0.00282	1.05144	0.01111		
09:18:44	50	25	52	15	1787	0.00277	1.05147	0.01091		
09:18:54	50	25	52	15	1788	0.00284	1.05146	0.01121		
09:19:04	50	25	52	15	1791	0.00288	1.05139	0.01136		
09:19:14	50	25	52	15	1793	0.00281	1.05143	0.01109		
09:19:24	50	25	52	15	1795	0.00281	1.05141	0.01107		
09:19:34	50	25	52	15	1797	0.00279	1.05143	0.01102		
09:19:44	50	25	52	15	1795	0.00288	1.05145	0.01136		
09:19:54	50	25	52	15	1789	0.00288	1.05144	0.01135		
09:20:04	50	25	52	15	1787	0.00281	1.05144	0.01109		
09:20:14	50	25	52	15	1784	0.00280	1.05149	0.01103		
09:20:24	50	25	52	15	1784	0.00273	1.05153	0.01077		
09:20:34	50	25	52	15	1789	0.00276	1.05153	0.01090		
09:20:44	50	25	52	15	1788	0.00276	1.05145	0.01090		
09:20:54	50	25	52	15	1785	0.00275	1.05140	0.01085		
09:21:04	50	25	52	15	1784	0.00277	1.05131	0.01094		
09:21:14	50	25	52	15	1783	0.00279	1.05132	0.01101		
09:21:24	50	25	52	15	1782	0.00267	1.05126	0.01051		
09:21:34	50	25	52	15	1782	0.00275	1.05121	0.01085		
09:21:44	50	25	52	15	1780	0.00278	1.05117	0.01098		
09:21:54	50	25	52	15	1779	0.00280	1.05119	0.01106		
09:22:04	50	25	52	15	1778	0.00278	1.05124	0.01096		
09:22:14	50	25	52	15	1778	0.00282	1.05126	0.01113		
09:22:24	50	25	52	15	1779	0.00277	1.05132	0.01093		
09:22:34	50	25	52	15	1780	0.00290	1.05129	0.01145		
09:22:44	50	25	52	15	1781	0.00282	1.05128	0.01113		
09:22:54	50	25	52	15	1782	0.00283	1.05127	0.01117		
09:23:04	50	25	52	15	1782	0.00290	1.05124	0.01145		
09:23:14	50	25	52	15	1783	0.00292	1.05115	0.01151		
09:23:24	50	25	52	15	1784	0.00285	1.05110	0.01125		
09:23:34	50	25	52	15	1784	0.00277	1.05108	0.01094		
09:23:44	50	25	52	15	1786	0.00265	1.05105	0.01044		
09:23:54	50	25	52	15	1788	0.00286	1.05100	0.01128		
09:24:04	50	25	52	15	1789	0.00272	1.05102	0.01071		
09:24:14	50	25	52	15	1791	0.00275	1.05101	0.01086		
09:24:24	50	25	52	15	1793	0.00274	1.05096	0.01081		
09:24:34	50	25	52	15	1794	0.00269	1.05096	0.01059		
09:24:44	50	25	52	15	1795	0.00268	1.05095	0.01057		
09:24:54	50	25	52	15	1797	0.00266	1.05100	0.01047		
09:25:04	50	25	51	15	1798	0.00258	1.05096	0.01016		
09:25:14	50	25	51	15	1798	0.00263	1.05094	0.01038		
09:25:24	50	25	51	15	1799	0.00267	1.05086	0.01054		
09:25:34	50	25	51	15	1799	0.00271	1.05088	0.01068		
09:25:44	50	25	51	15	1799	0.00267	1.05088	0.01053		
09:25:54	50	25	51	15	1798	0.00269	1.05088	0.01060		
09:26:04	50	25	52	15	1798	0.00279	1.05094	0.01098		
09:26:14	50	25	52	15	1799	0.00279	1.05098	0.01100		
09:26:24	50	25	52	15	1799	0.00272	1.05098	0.01071		
09:26:34	50	25	52	15	1798	0.00273	1.05099	0.01076		
09:26:44	50	25	52	15	1799	0.00274	1.05095	0.01082		
09:26:54	50	25	52	15	1798	0.00268	1.05087	0.01056		
09:27:04	50	25	52	15	1797	0.00278	1.05086	0.01096		
09:27:14	50	25	52	15	1798	0.00280	1.05087	0.01103		
09:27:24	50	25	52	15	1798	0.00274	1.05082	0.01080		
09:27:34	50	25	52	15	1797	0.00275	1.05084	0.01083		
09:27:44	50	25	52	15	1796	0.00289	1.05096	0.01138		
09:27:54	50	25	52	15	1794	0.00275	1.05103	0.01085		
09:28:04	50	25	52	15	1792	0.00268	1.05097	0.01058		
09:28:14	50	25	52	15	1789	0.00274	1.05099	0.01079		
09:28:24	50	25	52	15	1787	0.00269	1.05098	0.01059		
09:28:34	50	25	52	15	1785	0.00280	1.05094	0.01102		
09:28:44	50	25	52	15	1783	0.00273	1.05095	0.01075		
09:28:54	50	25	52	15	1783	0.00273	1.05095	0.01075		
09:29:04	50	25	52	15	1777	0.00269	1.05101	0.01061		
09:29:14	50	25	52	15	1775	0.00274	1.05106	0.01080		
09:29:24	50	25	52	15	1773	0.00272	1.05107	0.01072		
09:29:34	50	25	52	15	1771	0.00270	1.05109	0.01065		
09:29:44	50	25	52	15	1770	0.00267	1.05112	0.01052		
09:29:54	50	25	52	15	1769	0.00270	1.05114	0.01065		
09:30:04	50	25	52	15	1767	0.00276	1.05118	0.01090		
09:30:14	50	25	52	15	1767	0.00275	1.05117	0.01086		
09:30:24	50	25	52	15	1766	0.00266	1.05116	0.01049		
09:30:34	50	25	52	15	1767	0.00276	1.05112	0.01087		
09:30:44	50	25	52	15	1767	0.00276	1.05119	0.01087		
09:30:54	50	25	52	15	1766	0.00270	1.05118	0.01063		
09:31:04	50	25	52	15	1765	0.00268	1.05112	0.01055		
09:31:14	50	25	52	15	1765	0.00268	1.05112	0.01055		
09:31:24	50	25	52	15	1765	0.00273	1.05119	0.01078		
09:31:34	50	25	52	15	1765	0.00274	1.05118	0.01080		
09:31:44	50	25	52	15	1765	0.00276	1.05116	0.01087		
09:31:54	50	25	52	15	1765	0.00267	1.05116	0.01053		
09:32:04	50	25	52	15	1766	0.00274	1.05113	0.01080		
09:32:14	50	25	52	15	1768	0.00272	1.05112	0.01071		
09:32:24	50	25	52	15	1770	0.00267	1.05114	0.01054		
09:32:34	50	25	52	15	1771	0.00270	1.05114	0.01065		
09:32:44	50	25	52	15	1772	0.00271	1.05109	0.01069		
09:32:54	50	25	52	15	1773	0.00266	1.05105	0.01047		
09:33:04	50	25	52	15	1775	0.00278	1.05106	0.01098		
09:33:14	50	25	52	15	1776	0.00267	1.05106	0.01051		
09:33:24	50	25	52	15	1777	0.00272	1.05108	0.01073		
09:33:34	50	25	52	15	1779	0.00262	1.05114	0.01034		
09:33:44	50	25	52	15	1779	0.00265	1.05113	0.01043		
09:33:54	50	25	52	15	1778	0.00264	1.05111	0.01041		
09:34:04	50	25	52	15	1770	0.00267	1.05114	0.01051		
09:34:14	50	25	52	15	1771	0.00278	1.05112	0.01097		
09:34:24	50	25	52	15	1771	0.00272	1.05117	0.01074		
09:34:34	50	25	52	15	1769	0.00267	1.05110	0.01053		
09:34:44	50	25	52	15	1769	0.00269	1.05110	0.01060		
09:34:54	50	25	52	15	1766	0.00265	1.05106	0.01043		
09:35:04	50	25	52	15	1763	0.00266	1.05101	0.01049		
09:35:14	50	25	52	15	1763	0.00266	1.05101	0.01049		
09:35:24	50	25	52	15	1763	0.00279	1.05089	0.01099		
09:35:34	50	25	52	15	1758	0.00278	1.05090	0.01096		
09:35:44	50	25	52	15	1758	0.00278	1.05090	0.01096		
09:35:54	50	25	52	15	1756	0.00282	1.05080	0.01112		
09:36:04	50	25	52	15	1756	0.00288	1.05083	0.01135		
09:36:14	50	25	52	15	1754	0.00284	1.05085	0.01118		
09:36:24	50	25	52	15	1752	0.00274	1.05083	0.01081		
09:36:34	50	25	52	15	1751	0.00279	1.05085	0.01099		
09:36:44	50	25	52	15	1750	0.00288	1.05082	0.01135		
09:36:54	50	25	52	15	1749	0.00275	1.05085	0.01086		
09:37:04	50	25	52	15	1748	0.00282	1.05080	0.01110		
09:37:14	50	25	52	15	1748	0.00278	1.05079	0.01096		
09:37:24	50	25	52	15	1748	0.00272	1.05073	0.01072		
09:37:34	50	25	52	15	1747	0.00265	1.05075	0.01044		
09:37:44	50	25	52	15	1747	0.00270	1.05074	0.01065		
09:37:54	50	25	52	15	1748	0.00283	1.05075	0.01114		
09:38:04	50	25	52	15	1749	0.00270	1.05080	0.01063		
09:38:14	50	25	52	15	1749	0.00272	1.05087	0.01072		
09:38:24	50	25	52	15	1749	0.00276	1.05087	0.01087		
09:38:34	50	25	52	15	1748	0.00276	1.05090	0.01090		
09:38:44	50	25	52	15	1749	0.00284	1.05085	0.01119		
09:38:54	50	25	52	15	1749	0.00281	1.05091	0.01107		
09:39:04	50	25	52	15	1748	0.00279	1.05087	0.01100		
09:39:14	50	25	52	15	1748	0.00285	1.05088	0.01123		
09:39:24	50	25	52	15	1746	0.00280	1.05092	0.01102		
09:39:34	50	25	52	15	1744	0.00280	1.05094	0.01103		
09:39:44	50	25	52	15	1743	0.00277	1.05103	0.01091		
09:39:54	50	25	52	15	1743	0.00277	1.05108	0.01092		
09:40:04	50	25	52	15	1742	0.00275	1.05101	0.01086		
09:40:14	50	25	52	15	1741	0.00277	1.05096	0.01094		
09:40:24	50	25	52	15	1740	0.00282	1.05094	0.01112		
09:40:34	50	25	52	15	1740	0.00286	1.05088	0.01126		
09:40:44	50	25	52	15	1738	0.00279	1.05087	0.01098		
09:40:54	50	25	52	15	1737	0.00280	1.05095	0.01103		
09:41:04	50	25	52	15	1737	0.00290	1.05100	0.01142		
09:41:14	50	25	52	15	1738	0.00278	1.05100	0.01096		
09:41:24	50	25	52	15	1738	0.00281	1.05101	0.01109		
09:41:34	50	25	52	16	1740	0.00306	1.05099	0.01207		
09:41:44	50	25	52	15	1741	0.00281	1.05094	0.01107		
09:41:54	50	25	52	15	1741	0.00274	1.05094	0.01079		
09:42:04	50	25	52	15	1741	0.00281	1.05090	0.01107		
09:42:14	50	25	52	15	1742	0.00277	1.05094	0.01091		
09:42:24	50	25	52	15	1742	0.00280	1.05102	0.01105		
09:42:34	50	25	52	15	1741	0.00265	1.05098	0.01043		
09:42:44	50	25	52	15	1740	0.00279	1.05099	0.01099		
09:42:54	50	25	52	15	1735	0.00267	1.05093	0.01053		
09:43:04	50	25	52	15	1735	0.00267	1.05097	0.01051		
09:43:14	50	25	52	15	1733	0.00270	1.05099	0.01064		
09:43:24	50	25	52	15	1729	0.00273	1.05103	0.01075		
09:43:34	50	25	52	15	1725	0.00271	1.05097	0.01069		
09:43:44	50	25	52	15	1720	0.00263	1.05103	0.01038		
09:43:54	50	25	52	15	1715	0.00282	1.05107	0.01112		
09:44:04	50	25	52	15	1709	0.00275	1.05108	0.01086		
09:44:14	50	25	52	15	1702	0.00283	1.05111	0.01114		
09:44:24	50	25	52	15	1698	0.00285	1.05106	0.01125		
09:44:34	50	25	52	15	1690	0.00282	1.05108	0.01113		
09:44:44	50	25	52	15	1687	0.00290	1.05114	0.01143		
09:44:54	50	25	52	15	1681	0.00297	1.05125	0.01171		
09:45:04	50	25	52	15	1674	0.00290	1.05117	0.01145		
09:45:14	50	25	52	15	1674	0.00290	1.05117	0.01145		
09:45:24	50	25	52	15	1674	0.00290	1.05117	0.01145		
