

			DELHI AIRPORT : 30 m Base line


Time	RVR	 MOR	RVR	MOR	BLM	Trf	 Ref(v)	PD(v)
	(limited)	(limited)	(actual)	(actual)

05:15:44	50	25	60	33	1966	0.06753	1.04692	0.26519		
05:15:54	50	25	68	33	1968	0.06735	1.04688	0.26451		
05:16:04	50	25	75	33	1970	0.06675	1.04695	0.26215		
05:16:14	75	25	81	30	1972	0.04987	1.04687	0.19586		
05:16:24	75	25	89	35	1975	0.07377	1.04679	0.28968		
05:16:34	75	25	97	34	1978	0.06837	1.04679	0.26848		
05:16:44	75	25	97	34	1978	0.06837	1.04679	0.26848		
05:26:14	75	25	95	29	1987	0.04321	1.04686	0.16967		
05:26:24	75	25	93	28	1987	0.04111	1.04691	0.16143		
05:26:34	75	25	93	29	1988	0.04469	1.04699	0.17552		
05:26:44	75	25	91	29	1987	0.04455	1.04698	0.17498		
05:26:54	75	25	89	31	1986	0.05236	1.04703	0.20564		
05:27:04	75	25	87	29	1989	0.04413	1.04694	0.17333		
05:27:14	75	25	87	28	1994	0.03960	1.04691	0.15551		
05:27:24	75	25	87	28	1998	0.04159	1.04680	0.16332		
05:27:34	75	25	87	28	2002	0.03976	1.04665	0.15612		
05:27:44	75	25	86	28	1998	0.03933	1.04662	0.15442		
05:27:54	75	25	85	29	1999	0.04381	1.04666	0.17202		
05:28:04	75	25	85	27	2003	0.03369	1.04657	0.13227		
05:28:14	75	25	85	28	2014	0.03950	1.04651	0.15507		
05:28:24	75	25	86	32	2020	0.06110	1.04642	0.23983		
05:28:34	75	25	87	31	2031	0.05592	1.04636	0.21950		
05:28:44	75	25	89	31	2036	0.05352	1.04633	0.21008		
05:28:54	75	25	89	31	2039	0.05298	1.04634	0.20797		
05:29:04	75	25	90	28	2041	0.04064	1.04627	0.15949		
05:29:14	75	25	90	29	2042	0.04517	1.04625	0.17728		
05:29:24	75	25	91	32	2042	0.06201	1.04623	0.24338		
05:29:34	75	25	89	27	2033	0.03682	1.04631	0.14453		
05:29:44	75	25	87	27	2035	0.03676	1.04633	0.14430		
05:29:54	75	25	86	27	2039	0.03467	1.04642	0.13610		
05:30:04	75	25	86	28	2036	0.03910	1.04643	0.15347		
05:30:14	75	25	85	27	2038	0.03678	1.04643	0.14436		
05:30:24	75	25	82	27	2040	0.03442	1.04635	0.13510		
05:30:34	75	25	84	30	2043	0.05201	1.04630	0.20412		
05:30:44	75	25	85	29	2042	0.04601	1.04623	0.18056		
05:30:54	75	25	86	30	2042	0.04900	1.04614	0.19229		
06:19:14	75	25	82	19	2260	0.00829	1.04751	0.03256		
06:19:24	75	25	78	19	2260	0.00829	1.04751	0.03256		
06:19:34	50	25	75	19	2255	0.00801	1.04752	0.03148		
06:19:44	50	25	70	20	2256	0.01212	1.04749	0.04762		
06:19:54	50	25	67	21	2257	0.01441	1.04753	0.05662		
06:20:04	50	25	64	23	2256	0.01985	1.04759	0.07800		
06:20:14	50	25	65	21	2257	0.01337	1.04755	0.05252		
06:20:24	50	25	66	22	2257	0.01551	1.04763	0.06097		
06:20:34	50	25	68	22	2258	0.01793	1.04769	0.07047		
06:20:44	50	25	68	21	2257	0.01485	1.04774	0.05835		
06:20:54	50	25	68	21	2256	0.01351	1.04771	0.05310		
06:21:04	50	25	68	23	2256	0.01893	1.04767	0.07439		
06:21:14	50	25	69	23	2256	0.01863	1.04764	0.07321		
06:21:24	50	25	68	20	2257	0.01127	1.04754	0.04430		
06:21:34	50	25	67	20	2257	0.01127	1.04754	0.04430		
06:21:44	50	25	66	19	2258	0.00877	1.04758	0.03448		
06:21:54	50	25	65	19	2259	0.00863	1.04755	0.03392		
06:22:04	50	25	65	22	2260	0.01766	1.04756	0.06941		
06:22:14	50	25	64	20	2262	0.01182	1.04758	0.04643		
06:22:24	50	25	63	19	2263	0.00814	1.04757	0.03197		
06:22:34	50	25	63	19	2265	0.00897	1.04760	0.03525		
06:22:44	50	25	63	19	2265	0.00897	1.04760	0.03525		
06:22:54	50	25	63	19	2265	0.00781	1.04753	0.03068		
06:23:04	50	25	62	20	2266	0.01090	1.04757	0.04285		
06:23:14	50	25	61	19	2267	0.00887	1.04757	0.03487		
06:23:24	50	25	61	19	2268	0.00873	1.04759	0.03432		
06:23:34	50	25	61	19	2270	0.00887	1.04761	0.03486		
06:23:44	50	25	61	19	2272	0.00829	1.04762	0.03257		
06:23:54	50	25	61	18	2273	0.00715	1.04759	0.02810		
06:24:04	50	25	60	17	2274	0.00580	1.04765	0.02278		
06:24:14	50	25	60	19	2276	0.00841	1.04766	0.03304		
06:24:24	50	25	60	20	2277	0.01005	1.04767	0.03951		
06:24:34	50	25	60	19	2278	0.00876	1.04770	0.03443		
06:24:44	50	25	59	17	2279	0.00573	1.04775	0.02253		
06:24:54	50	25	59	17	2280	0.00475	1.04773	0.01867		
06:25:04	50	25	58	17	2280	0.00434	1.04774	0.01705		
06:25:14	50	25	57	17	2281	0.00437	1.04777	0.01719		
06:25:24	50	25	56	17	2282	0.00492	1.04780	0.01933		
06:25:34	50	25	55	17	2282	0.00570	1.04785	0.02241		
06:25:44	50	25	55	17	2282	0.00527	1.04782	0.02073		
06:25:54	50	25	55	17	2282	0.00522	1.04785	0.02050		
06:26:04	50	25	56	18	2283	0.00639	1.04788	0.02511		
06:26:14	50	25	56	17	2282	0.00461	1.04788	0.01812		
06:26:24	50	25	56	17	2282	0.00467	1.04789	0.01836		
06:26:34	50	25	55	16	2281	0.00378	1.04793	0.01487		
06:26:44	50	25	55	17	2280	0.00473	1.04793	0.01861		
06:26:54	50	25	55	17	2279	0.00557	1.04794	0.02189		
06:27:04	50	25	55	17	2278	0.00451	1.04793	0.01771		
06:27:14	50	25	55	18	2276	0.00615	1.04793	0.02419		
06:27:24	50	25	55	17	2275	0.00441	1.04798	0.01733		
06:27:34	50	25	55	17	2273	0.00468	1.04799	0.01840		
06:27:44	50	25	55	17	2271	0.00476	1.04800	0.01870		
06:27:54	50	25	55	16	2266	0.00403	1.04808	0.01585		
06:28:04	50	25	55	17	2264	0.00487	1.04806	0.01916		
06:28:14	50	25	55	17	2261	0.00534	1.04817	0.02101		
06:28:24	50	25	55	16	2259	0.00418	1.04808	0.01645		
06:28:34	50	25	54	16	2259	0.00418	1.04808	0.01645		
06:28:44	50	25	54	17	2254	0.00469	1.04812	0.01843		
06:28:54	50	25	55	17	2253	0.00435	1.04813	0.01709		
06:29:04	50	25	54	17	2253	0.00435	1.04813	0.01709		
06:29:14	50	25	54	17	2250	0.00479	1.04815	0.01884		
06:29:24	50	25	54	16	2249	0.00407	1.04812	0.01602		
06:29:34	50	25	54	16	2248	0.00385	1.04808	0.01514		
06:29:44	50	25	54	16	2247	0.00378	1.04813	0.01487		
06:29:54	50	25	54	16	2246	0.00422	1.04814	0.01658		
06:30:04	50	25	54	16	2244	0.00382	1.04816	0.01503		
06:30:14	50	25	53	16	2243	0.00373	1.04816	0.01465		
06:30:24	50	25	53	16	2242	0.00333	1.04812	0.01311		
06:30:34	50	25	53	16	2241	0.00398	1.04816	0.01566		
06:30:44	50	25	53	16	2239	0.00359	1.04818	0.01410		
06:30:54	50	25	53	17	2238	0.00507	1.04817	0.01993		
06:31:04	50	25	54	17	2236	0.00514	1.04815	0.02022		
06:31:14	50	25	54	17	2234	0.00569	1.04816	0.02236		
06:31:24	50	25	55	17	2232	0.00522	1.04815	0.02054		
06:31:34	50	25	56	18	2230	0.00607	1.04815	0.02388		
06:31:44	50	25	57	18	2228	0.00760	1.04815	0.02987		
06:31:54	50	25	57	17	2226	0.00517	1.04815	0.02033		
06:32:04	50	25	57	17	2222	0.00557	1.04814	0.02191		
06:32:14	50	25	57	18	2216	0.00759	1.04821	0.02984		
06:32:24	50	25	57	17	2215	0.00509	1.04819	0.02001		
06:32:34	50	25	57	17	2214	0.00541	1.04819	0.02127		
06:32:44	50	25	56	17	2212	0.00474	1.04824	0.01864		
06:32:54	50	25	56	17	2214	0.00517	1.04820	0.02032		
06:33:04	50	25	56	16	2217	0.00373	1.04825	0.01465		
06:33:14	50	25	55	16	2217	0.00379	1.04825	0.01491		
06:33:24	50	25	54	16	2215	0.00344	1.04824	0.01353		
06:33:34	50	25	53	16	2213	0.00322	1.04823	0.01267		
06:33:44	50	25	53	16	2212	0.00367	1.04822	0.01442		
06:33:54	50	25	53	16	2212	0.00385	1.04821	0.01515		
06:34:04	50	25	53	17	2213	0.00446	1.04822	0.01754		
06:34:14	50	25	54	17	2214	0.00537	1.04822	0.02110		
06:34:24	50	25	54	16	2215	0.00399	1.04825	0.01569		
06:34:34	50	25	54	17	2214	0.00473	1.04823	0.01858		
06:34:44	50	25	55	17	2214	0.00473	1.04823	0.01858		
09:07:44	50	25	54	15	1917	0.00223	1.04437	0.00873		
09:07:54	50	25	53	15	1917	0.00223	1.04437	0.00873		
09:08:04	50	25	52	15	1917	0.00223	1.04437	0.00873		
09:10:44	50	25	51	15	1880	0.00236	1.04406	0.00926		
09:10:54	50	25	51	15	1885	0.00225	1.04401	0.00882		
09:11:04	25	25	50	15	1885	0.00221	1.04395	0.00865		
09:11:14	25	25	50	15	1885	0.00221	1.04395	0.00865		
09:11:24	25	25	50	15	1885	0.00221	1.04395	0.00865		
