

			DELHI AIRPORT : 30 m Base line


Time	RVR	 MOR	RVR	MOR	BLM	Trf	 Ref(v)	PD(v)
	(limited)	(limited)	(actual)	(actual)



			DELHI AIRPORT : 30 m Base line


Time	RVR	 MOR	RVR	MOR	BLM	Trf	 Ref(v)	PD(v)
	(limited)	(limited)	(actual)	(actual)

02:23:30	500	200	84	215	373	0.65745	4.06277	3.15534		
02:23:40	500	200	168	214	374	0.65691	4.06239	3.15206		
02:23:50	500	200	252	214	375	0.65680	4.06215	3.15126		
02:24:00	500	200	336	215	376	0.65735	4.06066	3.15313		
02:24:10	500	200	420	214	377	0.65726	4.06043	3.15248		
02:24:20	500	200	504	215	378	0.65741	4.06017	3.15308		
02:24:30	500	200	504	215	379	0.65738	4.05867	3.15178		
02:24:40	500	200	504	215	380	0.65805	4.05835	3.15521		
02:24:50	500	200	504	215	381	0.65757	4.05819	3.15246		
02:25:00	500	200	504	215	382	0.65789	4.05679	3.15314		
02:25:10	500	200	504	215	383	0.65766	4.05652	3.15164		
02:25:20	500	200	504	216	384	0.65877	4.05510	3.15668		
02:25:30	500	200	504	216	385	0.65901	4.05478	3.15777		
02:25:40	500	200	504	216	386	0.65893	4.05449	3.15711		
02:25:50	500	200	505	216	387	0.65919	4.05310	3.15745		
02:26:00	500	200	505	216	388	0.65970	4.05281	3.16001		
02:26:10	500	200	505	216	389	0.65935	4.05254	3.15789		
02:26:20	500	200	505	216	389	0.65935	4.05254	3.15789		
02:26:30	500	200	505	216	389	0.65935	4.05254	3.15789		


			DELHI AIRPORT : 30 m Base line


Time	RVR	 MOR	RVR	MOR	BLM	Trf	 Ref(v)	PD(v)
	(limited)	(limited)	(actual)	(actual)

03:24:14	450	200	79	219	799	0.66253	4.05715	3.17905		
03:24:24	450	200	158	219	800	0.66270	4.05711	3.17996		
03:24:34	450	200	237	219	800	0.66270	4.05711	3.17996		
03:24:44	450	200	316	219	802	0.66248	4.05716	3.17882		
03:24:54	450	200	395	218	803	0.66231	4.05720	3.17787		
03:25:04	450	200	474	219	804	0.66294	4.05716	3.18136		
03:25:14	450	200	474	218	805	0.66233	4.05717	3.17796		
03:25:24	450	200	474	218	806	0.66197	4.05722	3.17602		
03:25:34	450	200	474	219	807	0.66247	4.05722	3.17877		
03:25:44	450	200	473	218	808	0.66215	4.05727	3.17705		
03:25:54	450	200	473	218	810	0.66137	4.05728	3.17274		
03:26:04	450	200	473	218	811	0.66179	4.05726	3.17505		
03:26:14	450	200	472	218	812	0.66168	4.05727	3.17444		
03:26:24	450	200	472	218	812	0.66168	4.05727	3.17444		
03:26:34	450	200	472	218	814	0.66199	4.05854	3.17718		
03:26:44	450	200	472	218	814	0.66199	4.05854	3.17718		
03:27:14	450	200	472	218	818	0.66115	4.05859	3.17254		
03:27:24	450	200	472	218	819	0.66157	4.05859	3.17489		
03:27:34	450	200	472	217	820	0.66080	4.05859	3.17062		
03:27:44	450	200	471	217	821	0.66086	4.05861	3.17099		
03:27:54	450	200	471	217	821	0.66086	4.05861	3.17099		
03:28:04	450	200	470	216	823	0.65986	4.05859	3.16543		
03:28:14	450	200	470	216	823	0.65986	4.05859	3.16543		
03:28:24	450	200	470	217	825	0.66082	4.05868	3.17081		
03:28:34	450	200	470	217	825	0.66082	4.05868	3.17081		
03:28:44	450	200	470	217	825	0.66082	4.05868	3.17081		
03:28:54	450	200	470	218	828	0.66152	4.05870	3.17468		
03:29:04	450	200	470	218	829	0.66229	4.05875	3.17898		
03:29:14	450	200	471	218	830	0.66229	4.05878	3.17900		
03:29:24	450	200	471	218	832	0.66228	4.05877	3.17893		
03:29:34	450	200	471	218	832	0.66228	4.05877	3.17893		
03:29:44	450	200	471	218	832	0.66228	4.05877	3.17893		
03:29:54	450	200	471	218	836	0.66121	4.05881	3.17305		
03:30:04	450	200	471	218	836	0.66121	4.05881	3.17305		
03:30:14	450	200	471	217	838	0.66072	4.05887	3.17038		
03:30:24	450	200	470	217	838	0.66072	4.05887	3.17038		
03:30:34	450	200	470	217	840	0.66103	4.05886	3.17212		
03:30:44	450	200	470	217	842	0.66112	4.05886	3.17259		
03:30:54	450	200	469	217	843	0.66033	4.05888	3.16825		
03:31:04	450	200	469	217	844	0.66083	4.05890	3.17102		
03:31:14	450	200	469	218	845	0.66185	4.05891	3.17666		
03:31:24	450	200	470	218	845	0.66185	4.05891	3.17666		
03:31:34	450	200	470	218	846	0.66182	4.05896	3.17656		
03:31:44	450	200	470	219	847	0.66244	4.05897	3.17997		
03:31:54	450	200	470	218	848	0.66143	4.05899	3.17443		
03:32:04	450	200	470	218	848	0.66146	4.05900	3.17462		
03:32:14	450	200	470	218	849	0.66187	4.05904	3.17687		
03:32:24	450	200	470	217	849	0.66089	4.05906	3.17148		
03:32:34	450	200	469	217	849	0.66059	4.05905	3.16984		
03:32:44	450	200	469	217	850	0.66091	4.05911	3.17165		
03:32:54	450	200	469	218	850	0.66149	4.05910	3.17485		
03:33:04	450	200	469	218	850	0.66141	4.05913	3.17441		
03:33:14	450	200	469	218	851	0.66155	4.05913	3.17517		
03:33:24	450	200	469	218	851	0.66155	4.05913	3.17517		
03:33:34	450	200	469	218	851	0.66155	4.05913	3.17517		


			DELHI AIRPORT : 30 m Base line


Time	RVR	 MOR	RVR	MOR	BLM	Trf	 Ref(v)	PD(v)
	(limited)	(limited)	(actual)	(actual)

06:06:14	400	200	69	205	1647	0.64519	4.03225	3.06426		
06:06:24	400	200	139	205	1650	0.64496	4.03224	3.06302		
06:06:34	400	200	209	205	1652	0.64476	4.03221	3.06187		
06:06:44	400	200	278	205	1654	0.64496	4.03218	3.06295		
06:06:54	400	200	348	205	1654	0.64496	4.03218	3.06295		
06:07:04	400	200	418	205	1654	0.64496	4.03218	3.06295		


			DELHI AIRPORT : 30 m Base line


Time	RVR	 MOR	RVR	MOR	BLM	Trf	 Ref(v)	PD(v)
	(limited)	(limited)	(actual)	(actual)

06:11:08	400	200	69	206	1677	0.64628	4.03009	3.06862		
06:11:18	400	200	139	206	1678	0.64650	4.03011	3.06986		
06:11:28	400	200	209	206	1680	0.64657	4.02997	3.07010		
06:11:38	400	200	279	206	1680	0.64657	4.02997	3.07010		
06:11:48	400	200	349	206	1680	0.64657	4.02997	3.07010		
06:34:38	400	200	420	208	1595	0.64929	4.02035	3.07771		
06:34:48	400	200	421	208	1595	0.64929	4.02035	3.07771		
06:35:08	400	200	421	208	1588	0.64842	4.02021	3.07282		
06:35:18	400	200	422	208	1586	0.64819	4.02019	3.07154		
06:35:28	400	200	423	208	1586	0.64819	4.02019	3.07154		
06:35:48	400	200	424	207	1579	0.64740	4.02008	3.06712		
06:35:58	400	200	423	207	1579	0.64740	4.02008	3.06712		
06:36:08	400	200	423	207	1575	0.64719	4.01999	3.06593		
06:36:18	400	200	423	207	1573	0.64701	4.01997	3.06491		
06:36:28	400	200	423	207	1573	0.64701	4.01997	3.06491		
06:36:48	400	200	422	206	1567	0.64603	4.01988	3.05946		
06:36:58	400	200	422	206	1564	0.64562	4.01991	3.05728		
06:37:08	400	200	422	206	1564	0.64562	4.01991	3.05728		
06:37:18	400	200	422	207	1559	0.64681	4.01980	3.06368		
06:37:28	400	200	422	206	1557	0.64655	4.01871	3.06142		
06:37:38	400	200	422	206	1557	0.64655	4.01871	3.06142		
06:38:58	400	200	423	208	1534	0.64837	4.01813	3.07095		
06:39:08	400	200	423	208	1531	0.64829	4.01810	3.07052		
06:39:18	400	200	424	208	1530	0.64896	4.01805	3.07413		
06:39:28	400	200	424	207	1526	0.64801	4.01800	3.06890		
06:39:38	400	200	425	207	1524	0.64776	4.01797	3.06751		
06:39:48	400	200	425	208	1522	0.64809	4.01796	3.06928		
06:39:58	400	200	425	208	1522	0.64809	4.01796	3.06928		
06:40:08	400	200	425	208	1522	0.64809	4.01796	3.06928		
06:40:18	400	200	425	207	1522	0.64803	4.01786	3.06890		
06:40:28	400	200	425	207	1522	0.64803	4.01786	3.06890		
06:40:38	425	200	426	207	1522	0.64803	4.01786	3.06890		
06:40:58	425	200	426	208	1524	0.64847	4.01778	3.07126		
06:41:08	400	200	425	207	1523	0.64776	4.01775	3.06734		
06:41:18	400	200	425	208	1524	0.64867	4.01770	3.07225		
06:41:28	425	200	426	208	1525	0.64901	4.01765	3.07412		
06:41:38	425	200	426	208	1525	0.64901	4.01765	3.07412		
06:41:48	425	200	426	208	1527	0.64937	4.01638	3.07509		
06:41:58	425	200	426	208	1527	0.64937	4.01638	3.07509		
06:42:08	425	200	426	208	1527	0.64937	4.01638	3.07509		
06:42:18	425	200	427	209	1532	0.64972	4.01628	3.07695		
06:42:28	425	200	427	209	1532	0.64972	4.01628	3.07695		
06:42:38	425	200	427	209	1532	0.64972	4.01628	3.07695		
06:42:48	425	200	427	209	1536	0.64967	4.01622	3.07663		
06:42:58	425	200	427	209	1536	0.64967	4.01622	3.07663		
06:43:08	425	200	427	209	1542	0.64965	4.01616	3.07648		
06:43:18	425	200	427	209	1542	0.64965	4.01616	3.07648		
06:43:38	425	200	427	210	1552	0.65203	4.01606	3.08941		
06:43:48	425	200	427	210	1552	0.65203	4.01606	3.08941		
06:43:58	425	200	428	210	1557	0.65195	4.01610	3.08901		
06:44:08	425	200	428	210	1557	0.65195	4.01610	3.08901		
06:44:28	425	200	428	210	1562	0.65143	4.01591	3.08602		
06:44:38	425	200	428	210	1564	0.65200	4.01587	3.08909		
06:44:48	425	200	428	209	1564	0.64955	4.01583	3.07565		
06:44:58	425	200	427	209	1564	0.64955	4.01583	3.07565		
06:45:08	425	200	427	209	1564	0.64956	4.01579	3.07569		
06:45:18	425	200	426	209	1563	0.64989	4.01571	3.07744		
06:45:28	425	200	426	209	1562	0.65072	4.01573	3.08201		
06:45:38	425	200	426	209	1561	0.64997	4.01474	3.07711		
06:45:48	425	200	426	209	1560	0.65019	4.01441	3.07806		
06:45:58	425	200	426	209	1560	0.65019	4.01441	3.07806		
06:46:08	425	200	426	208	1557	0.64919	4.01434	3.07254		
06:46:18	425	200	426	208	1556	0.64845	4.01427	3.06845		
06:46:28	425	200	426	208	1556	0.64930	4.01427	3.07309		
06:46:38	425	200	426	208	1556	0.64930	4.01427	3.07309		
06:46:48	400	200	425	208	1554	0.64869	4.01420	3.06968		
06:46:58	400	200	425	208	1554	0.64869	4.01420	3.06968		
06:47:28	400	175	407	142	1549	0.53147	4.01401	2.42840		
06:47:38	400	175	407	208	1548	0.64913	4.01404	3.07197		
06:47:48	400	175	407	208	1547	0.64930	4.01389	3.07283		
06:47:58	400	175	407	208	1547	0.64930	4.01389	3.07283		
06:48:28	400	175	408	208	1545	0.64858	4.01385	3.06885		
06:48:38	400	175	408	208	1545	0.64858	4.01385	3.06885		
06:48:58	425	200	426	209	1541	0.64990	4.01379	3.07600		
06:49:08	425	200	426	209	1540	0.65072	4.01372	3.08046		
06:49:18	425	200	426	209	1540	0.65072	4.01372	3.08046		
06:49:28	425	200	427	210	1535	0.65088	4.01359	3.08121		
06:49:38	425	200	427	209	1533	0.65014	4.01369	3.07726		
06:49:48	425	200	427	209	1531	0.65028	4.01362	3.07798		
06:49:58	425	200	428	209	1531	0.65028	4.01362	3.07798		
06:50:38	425	200	428	210	1523	0.65083	4.01350	3.08086		
06:50:48	425	200	428	209	1521	0.64970	4.01227	3.07374		
06:50:58	425	200	428	209	1519	0.65076	4.01227	3.07956		
06:51:08	425	200	428	209	1519	0.65076	4.01227	3.07956		
06:51:28	425	200	428	209	1515	0.65036	4.01220	3.07729		
06:51:38	425	200	428	209	1516	0.64999	4.01213	3.07525		
06:51:48	425	200	428	209	1516	0.64999	4.01213	3.07525		
06:51:58	425	200	428	209	1516	0.65046	4.01208	3.07774		
06:52:08	425	200	428	210	1516	0.65137	4.01196	3.08266		
06:52:18	425	200	428	210	1515	0.65159	4.01206	3.08393		
06:52:28	425	200	428	209	1518	0.65012	4.01207	3.07592		
06:52:38	425	200	428	209	1518	0.65012	4.01207	3.07592		
06:53:08	425	200	429	210	1526	0.65088	4.01184	3.07989		
06:53:18	425	200	428	209	1528	0.65027	4.01185	3.07653		
06:53:28	425	200	428	209	1530	0.65009	4.01193	3.07561		
06:53:38	425	200	428	210	1534	0.65116	4.01189	3.08144		
06:53:48	425	200	428	209	1536	0.65058	4.01188	3.07824		
06:53:58	425	200	428	209	1536	0.65058	4.01188	3.07824		
06:54:08	425	200	428	210	1540	0.65187	4.01192	3.08533		
06:54:18	425	200	428	209	1542	0.65046	4.01183	3.07759		
06:54:28	425	200	428	209	1543	0.65005	4.01181	3.07533		
06:54:38	425	200	427	209	1543	0.65005	4.01181	3.07533		
06:54:48	425	200	427	210	1546	0.65098	4.01177	3.08038		
06:54:58	425	200	427	210	1547	0.65111	4.01182	3.08112		
06:55:08	425	200	427	210	1547	0.65111	4.01182	3.08112		
06:55:18	425	200	427	209	1548	0.65076	4.01178	3.07917		
06:55:28	425	200	427	210	1547	0.65103	4.01177	3.08063		
06:55:38	425	200	428	210	1547	0.65103	4.01177	3.08063		
06:55:58	425	200	428	210	1542	0.65191	4.01179	3.08549		
06:56:08	425	200	428	210	1542	0.65191	4.01179	3.08549		
06:56:18	425	200	428	211	1536	0.65235	4.01177	3.08783		
06:56:28	425	200	428	210	1533	0.65166	4.01175	3.08406		
06:56:38	425	200	429	210	1533	0.65166	4.01175	3.08406		
06:56:48	425	200	429	210	1527	0.65184	4.01180	3.08509		
06:56:58	425	200	429	210	1527	0.65184	4.01180	3.08509		
06:57:28	425	200	429	208	1514	0.64881	4.01175	3.06850		
06:57:38	425	200	428	208	1511	0.64889	4.01176	3.06893		
06:57:48	425	200	428	208	1511	0.64889	4.01176	3.06893		
06:57:58	425	200	428	208	1505	0.64862	4.01176	3.06743		


			DELHI AIRPORT : 30 m Base line


Time	RVR	 MOR	RVR	MOR	BLM	Trf	 Ref(v)	PD(v)
	(limited)	(limited)	(actual)	(actual)

07:07:47	400	200	142	208	1597	0.64904	4.01232	3.07019		
07:07:57	425	200	213	209	1595	0.64963	4.01229	3.07338		
07:08:07	425	200	284	209	1594	0.65075	4.01232	3.07954		
07:08:17	425	200	355	209	1593	0.65035	4.01231	3.07731		
07:08:27	425	200	426	210	1592	0.65162	4.01232	3.08430		
07:08:37	425	200	426	209	1590	0.65037	4.01238	3.07749		
07:08:47	400	200	426	208	1589	0.64840	4.01234	3.06672		
07:08:57	425	200	426	208	1588	0.64895	4.01238	3.06975		
07:09:07	400	200	425	208	1587	0.64874	4.01238	3.06858		
07:09:17	400	200	425	208	1587	0.64910	4.01242	3.07061		
07:09:27	400	200	424	208	1587	0.64913	4.01246	3.07076		
07:09:37	400	200	424	208	1587	0.64902	4.01252	3.07020		
07:09:47	400	200	424	208	1587	0.64940	4.01242	3.07223		
07:09:57	400	200	424	208	1587	0.64880	4.01249	3.06901		
07:10:07	400	200	425	209	1587	0.65034	4.01249	3.07742		
07:10:17	400	200	425	209	1587	0.65053	4.01349	3.07920		
07:10:27	400	200	425	209	1587	0.64998	4.01363	3.07634		
07:10:37	400	200	425	208	1587	0.64896	4.01369	3.07078		
07:10:47	400	200	425	208	1587	0.64815	4.01363	3.06631		
07:10:57	400	200	425	207	1588	0.64789	4.01371	3.06497		
07:11:07	400	200	424	208	1588	0.64925	4.01382	3.07248		
07:11:17	400	200	424	208	1588	0.64884	4.01377	3.07017		
07:11:27	400	200	424	208	1589	0.64900	4.01379	3.07108		
07:11:37	400	200	424	209	1589	0.65050	4.01382	3.07932		
07:11:47	400	200	425	210	1589	0.65116	4.01380	3.08293		
07:11:57	400	200	425	208	1589	0.64924	4.01381	3.07240		
07:12:07	400	200	425	208	1589	0.64845	4.01385	3.06813		
07:12:17	400	200	425	208	1589	0.64879	4.01390	3.07000		
07:12:27	400	200	425	208	1589	0.64829	4.01393	3.06730		
07:12:37	400	200	424	208	1589	0.64882	4.01386	3.07015		
07:12:47	400	200	424	208	1589	0.64935	4.01382	3.07303		
07:12:57	400	200	424	208	1589	0.64889	4.01388	3.07058		
07:13:07	400	200	424	208	1588	0.64921	4.01390	3.07232		
07:13:17	400	200	424	208	1588	0.64909	4.01396	3.07170		
07:13:27	400	200	424	208	1587	0.64919	4.01393	3.07226		
07:13:37	400	200	425	208	1586	0.64888	4.01391	3.07052		
07:13:47	400	200	425	209	1585	0.65000	4.01393	3.07665		
07:13:57	400	200	425	208	1584	0.64879	4.01390	3.07001		
07:14:07	400	200	425	209	1582	0.64959	4.01391	3.07442		
07:14:17	400	200	425	208	1580	0.64898	4.01395	3.07112		
07:14:27	400	200	425	208	1578	0.64937	4.01391	3.07321		
07:14:37	400	200	425	208	1576	0.64918	4.01389	3.07216		
07:14:47	400	200	425	208	1573	0.64907	4.01381	3.07151		
07:14:57	400	200	425	209	1570	0.64966	4.01383	3.07473		
07:15:07	400	200	425	208	1567	0.64842	4.01392	3.06803		
07:15:17	400	200	424	207	1564	0.64730	4.01397	3.06191		
07:15:27	400	200	424	206	1560	0.64669	4.01393	3.05858		
07:15:37	400	200	424	207	1557	0.64689	4.01396	3.05968		
07:15:47	400	200	424	207	1554	0.64707	4.01398	3.06070		
07:15:57	400	200	423	206	1550	0.64642	4.01393	3.05709		
07:16:07	400	200	423	206	1547	0.64624	4.01406	3.05618		
07:16:17	400	200	423	206	1543	0.64642	4.01404	3.05718		
07:16:27	400	200	423	206	1540	0.64665	4.01402	3.05841		
07:16:37	400	200	423	207	1537	0.64806	4.01403	3.06613		
07:16:47	400	200	423	208	1534	0.64812	4.01409	3.06649		
07:16:57	400	200	424	207	1531	0.64805	4.01405	3.06609		
07:17:07	400	200	424	208	1528	0.64822	4.01407	3.06701		
07:17:17	400	200	424	207	1525	0.64735	4.01409	3.06230		
07:17:27	400	200	425	208	1521	0.64848	4.01407	3.06848		
07:17:37	400	200	425	207	1518	0.64783	4.01407	3.06492		
07:17:47	400	200	425	207	1515	0.64756	4.01412	3.06345		
07:17:57	400	200	425	207	1511	0.64762	4.01410	3.06379		
07:18:07	400	200	425	207	1507	0.64704	4.01414	3.06063		
07:18:17	400	200	425	207	1503	0.64711	4.01417	3.06105		
07:18:27	400	200	425	207	1499	0.64737	4.01414	3.06246		
07:18:37	400	200	425	208	1495	0.64833	4.01406	3.06762		
07:18:47	400	200	425	207	1491	0.64763	4.01406	3.06379		
07:18:57	400	200	425	207	1489	0.64734	4.01405	3.06222		
07:19:07	425	200	426	208	1487	0.64870	4.01409	3.06967		
07:19:17	425	200	426	208	1484	0.64849	4.01416	3.06856		
07:19:27	425	200	426	207	1482	0.64683	4.01414	3.05948		
07:19:37	425	200	426	206	1479	0.64670	4.01415	3.05876		
07:19:47	425	200	426	207	1478	0.64697	4.01420	3.06028		
07:19:57	425	200	426	207	1476	0.64679	4.01417	3.05928		
07:20:07	400	200	425	207	1475	0.64730	4.01417	3.06207		
07:20:17	400	200	425	207	1475	0.64720	4.01419	3.06157		
07:20:27	425	200	426	207	1475	0.64757	4.01419	3.06359		
07:20:37	425	200	426	207	1475	0.64701	4.01417	3.06048		
07:20:47	425	200	426	207	1474	0.64754	4.01415	3.06337		
07:20:57	425	200	426	208	1474	0.64828	4.01420	3.06746		
07:21:07	425	200	426	208	1474	0.64814	4.01425	3.06674		
07:21:17	425	200	426	207	1474	0.64803	4.01425	3.06616		
07:21:27	425	200	426	208	1474	0.64902	4.01425	3.07155		
07:21:37	425	200	427	208	1474	0.64886	4.01427	3.07071		
07:21:47	425	200	427	207	1474	0.64744	4.01427	3.06293		
07:21:57	425	200	426	206	1474	0.64652	4.01422	3.05786		
07:22:07	425	200	426	207	1474	0.64713	4.01418	3.06118		
07:22:17	425	200	426	206	1474	0.64654	4.01419	3.05795		
07:22:27	400	200	425	206	1474	0.64631	4.01421	3.05671		
07:22:37	400	200	425	206	1474	0.64634	4.01426	3.05692		
07:22:47	400	200	425	206	1473	0.64656	4.01428	3.05813		
07:22:57	400	200	425	207	1471	0.64705	4.01432	3.06083		
07:23:07	400	200	425	207	1470	0.64780	4.01430	3.06491		
07:23:17	400	200	425	207	1469	0.64712	4.01428	3.06120		
07:23:27	425	200	426	207	1467	0.64739	4.01431	3.06268		
07:23:37	425	200	426	206	1466	0.64624	4.01434	3.05643		
07:23:47	425	200	426	207	1465	0.64727	4.01437	3.06208		
07:23:57	425	200	426	207	1465	0.64777	4.01433	3.06478		
07:24:07	425	200	426	208	1464	0.64822	4.01432	3.06720		
07:24:17	425	200	426	207	1463	0.64745	4.01433	3.06302		
07:24:27	425	200	426	206	1463	0.64645	4.01436	3.05756		
07:24:37	425	200	426	206	1462	0.64669	4.01439	3.05891		
07:24:47	425	200	426	206	1462	0.64657	4.01439	3.05828		
07:24:57	425	200	426	206	1462	0.64614	4.01442	3.05594		
07:25:07	400	200	425	206	1462	0.64595	4.01441	3.05487		
07:25:17	400	200	425	207	1462	0.64715	4.01440	3.06143		
07:25:27	400	200	425	207	1462	0.64719	4.01443	3.06167		
07:25:37	400	200	425	207	1462	0.64683	4.01448	3.05972		
07:25:47	400	200	425	206	1463	0.64663	4.01446	3.05861		
07:25:57	425	200	426	207	1463	0.64742	4.01446	3.06296		
07:26:07	425	200	426	207	1464	0.64742	4.01445	3.06293		
07:26:17	425	200	426	207	1464	0.64775	4.01440	3.06470		
07:26:27	425	200	426	206	1464	0.64550	4.01444	3.05244		
07:26:37	425	200	426	206	1464	0.64629	4.01446	3.05676		
07:26:47	425	200	426	206	1464	0.64663	4.01442	3.05861		
07:26:57	425	200	426	207	1464	0.64732	4.01442	3.06240		
07:27:07	400	200	425	206	1464	0.64617	4.01439	3.05607		
07:27:17	400	200	425	206	1465	0.64572	4.01443	3.05364		
07:27:27	400	200	425	207	1465	0.64684	4.01443	3.05974		
07:27:37	400	200	425	206	1466	0.64589	4.01452	3.05461		
07:27:47	400	200	425	205	1468	0.64530	4.01449	3.05136		
07:27:57	400	200	425	206	1470	0.64578	4.01450	3.05399		
07:28:07	400	200	424	206	1473	0.64555	4.01450	3.05276		
07:28:17	400	200	424	206	1476	0.64663	4.01455	3.05869		
07:28:27	400	200	424	207	1479	0.64684	4.01455	3.05988		
07:28:37	400	200	424	206	1482	0.64602	4.01580	3.05630		
07:28:47	400	200	424	205	1485	0.64532	4.01580	3.05250		
07:28:57	400	200	424	205	1488	0.64500	4.01588	3.05081		
07:29:07	400	200	424	205	1492	0.64508	4.01589	3.05126		
07:29:17	400	200	424	205	1495	0.64493	4.01587	3.05040		
07:29:27	400	200	423	206	1497	0.64599	4.01588	3.05621		
07:29:37	400	200	423	206	1500	0.64624	4.01587	3.05760		
07:29:47	400	200	423	206	1502	0.64612	4.01589	3.05693		
07:29:57	400	200	423	206	1504	0.64663	4.01589	3.05975		
07:30:07	400	200	424	206	1505	0.64620	4.01592	3.05737		
07:30:17	400	200	424	207	1507	0.64699	4.01592	3.06172		
07:30:27	400	200	424	206	1507	0.64639	4.01594	3.05845		
07:30:37	400	200	424	206	1508	0.64642	4.01595	3.05862		
07:30:47	400	200	424	206	1508	0.64587	4.01597	3.05564		
07:30:57	400	200	424	206	1507	0.64613	4.01594	3.05703		
07:31:07	400	200	424	207	1506	0.64758	4.01586	3.06488		
07:31:17	400	200	424	208	1505	0.64825	4.01588	3.06860		
07:31:27	400	200	424	207	1504	0.64734	4.01594	3.06367		
07:31:37	400	200	425	207	1502	0.64755	4.01594	3.06482		
07:31:47	400	200	425	206	1501	0.64590	4.01591	3.05574		
07:31:57	400	200	425	205	1499	0.64518	4.01589	3.05177		
07:32:07	400	200	424	205	1497	0.64494	4.01586	3.05047		
07:32:17	400	200	424	205	1495	0.64528	4.01586	3.05230		
07:32:27	400	200	424	207	1494	0.64687	4.01594	3.06108		
07:32:37	400	200	423	206	1492	0.64540	4.01592	3.05304		
07:32:47	400	200	423	205	1490	0.64507	4.01594	3.05121		
07:32:57	400	200	423	206	1488	0.64576	4.01599	3.05504		
07:33:07	400	200	423	205	1487	0.64492	4.01598	3.05044		
07:33:17	400	200	423	206	1486	0.64581	4.01600	3.05530		
07:33:27	400	200	423	206	1485	0.64542	4.01593	3.05316		
07:33:37	400	200	423	206	1484	0.64558	4.01604	3.05408		
07:33:47	400	200	423	206	1483	0.64589	4.01602	3.05579		
07:33:57	400	200	423	205	1483	0.64525	4.01603	3.05226		
07:34:07	400	200	424	205	1483	0.64519	4.01605	3.05195		
07:34:17	400	200	423	205	1483	0.64431	4.01608	3.04717		
07:34:27	400	200	423	205	1483	0.64421	4.01608	3.04663		
07:34:37	400	200	423	205	1483	0.64508	4.01608	3.05139		
07:34:47	400	200	423	205	1483	0.64506	4.01608	3.05127		
07:34:57	400	200	423	206	1484	0.64656	4.01604	3.05947		
07:35:07	400	200	423	205	1485	0.64524	4.01604	3.05225		
07:35:17	400	200	423	206	1487	0.64557	4.01600	3.05403		
07:35:27	400	200	423	206	1488	0.64599	4.01599	3.05632		
07:35:37	400	200	424	206	1489	0.64540	4.01599	3.05305		
07:35:47	400	200	424	206	1490	0.64549	4.01602	3.05359		
07:35:57	400	200	423	205	1491	0.64498	4.01599	3.05077		
07:36:07	400	200	423	205	1492	0.64531	4.01602	3.05259		
07:36:17	400	200	423	205	1493	0.64534	4.01605	3.05278		
07:36:27	400	200	423	205	1494	0.64533	4.01606	3.05272		
07:36:37	400	200	423	205	1494	0.64410	4.01606	3.04599		
07:36:47	400	200	422	204	1494	0.64344	4.01606	3.04239		
07:36:57	400	200	422	204	1494	0.64381	4.01608	3.04441		
07:37:07	400	200	422	205	1494	0.64421	4.01609	3.04663		
07:37:17	400	200	422	205	1494	0.64419	4.01608	3.04649		
07:37:27	400	200	421	205	1494	0.64453	4.01612	3.04839		
07:37:37	400	200	422	205	1493	0.64456	4.01615	3.04862		
07:37:47	400	200	422	205	1492	0.64456	4.01613	3.04858		
07:37:57	400	200	422	205	1491	0.64483	4.01607	3.05003		
07:38:07	400	200	422	205	1489	0.64534	4.01613	3.05285		
07:38:17	400	200	423	206	1488	0.64571	4.01615	3.05490		
07:38:27	400	200	423	207	1486	0.64723	4.01606	3.06313		
07:38:37	400	200	424	206	1483	0.64625	4.01607	3.05780		
07:38:47	400	200	424	205	1480	0.64482	4.01611	3.04997		
07:38:57	400	200	424	206	1476	0.64567	4.01604	3.05459		
07:39:07	400	200	424	207	1472	0.64681	4.01608	3.06085		
07:39:17	400	200	425	206	1468	0.64661	4.01614	3.05983		
07:39:27	400	200	425	207	1464	0.64720	4.01608	3.06300		
07:39:37	400	200	425	207	1460	0.64691	4.01613	3.06143		
07:39:47	400	200	425	206	1456	0.64589	4.01616	3.05590		
07:39:57	400	200	425	205	1451	0.64484	4.01615	3.05010		
07:40:07	400	200	425	205	1447	0.64530	4.01617	3.05265		
07:40:17	400	200	425	205	1447	0.64530	4.01617	3.05265		
07:40:27	400	200	425	206	1442	0.64641	4.01609	3.05870		
07:40:37	400	200	424	205	1438	0.64466	4.01614	3.04912		
07:40:47	400	200	424	206	1432	0.64549	4.01610	3.05366		
07:40:57	400	200	425	205	1428	0.64534	4.01611	3.05283		
07:41:07	400	200	425	205	1423	0.64520	4.01611	3.05205		
07:41:17	400	200	425	205	1418	0.64482	4.01607	3.04997		
07:41:27	400	200	425	206	1414	0.64571	4.01609	3.05485		
07:41:37	400	200	425	206	1410	0.64652	4.01610	3.05929		
07:41:47	400	200	425	206	1405	0.64632	4.01617	3.05822		
07:41:57	425	200	426	207	1401	0.64700	4.01612	3.06195		
07:42:07	425	200	426	205	1398	0.64520	4.01610	3.05208		
07:42:17	425	200	426	205	1393	0.64441	4.01617	3.04779		
07:42:27	425	200	426	206	1389	0.64550	4.01617	3.05374		
07:42:37	425	200	426	206	1385	0.64559	4.01617	3.05425		
07:42:47	425	200	427	206	1381	0.64581	4.01619	3.05545		
07:42:57	425	200	427	206	1377	0.64592	4.01621	3.05607		
07:43:07	425	200	427	206	1373	0.64642	4.01620	3.05881		
07:43:17	425	200	427	206	1370	0.64640	4.01623	3.05875		
07:43:27	425	200	428	206	1367	0.64604	4.01617	3.05670		
07:43:37	425	200	428	205	1365	0.64522	4.01621	3.05223		
07:43:47	425	200	427	205	1363	0.64517	4.01627	3.05200		
07:43:57	425	200	427	206	1360	0.64555	4.01635	3.05414		
07:44:07	425	200	427	206	1359	0.64560	4.01630	3.05440		
07:44:17	425	200	427	205	1357	0.64484	4.01629	3.05026		
07:44:27	425	200	427	206	1355	0.64560	4.01637	3.05446		
07:44:37	425	200	427	205	1355	0.64425	4.01640	3.04709		
07:44:47	425	200	427	205	1354	0.64460	4.01640	3.04898		
07:44:57	425	200	427	205	1353	0.64486	4.01638	3.05043		
07:45:07	425	200	427	205	1353	0.64517	4.01636	3.05210		
07:45:17	425	200	427	206	1353	0.64536	4.01635	3.05315		
07:45:27	425	200	427	206	1352	0.64552	4.01634	3.05398		
07:45:37	425	200	427	206	1351	0.64621	4.01636	3.05779		
07:45:47	425	200	428	206	1351	0.64620	4.01637	3.05771		
07:45:57	425	200	428	205	1350	0.64429	4.01640	3.04732		
07:46:07	425	200	427	204	1348	0.64385	4.01638	3.04488		
07:46:17	425	200	427	205	1347	0.64414	4.01646	3.04653		
07:46:27	425	200	427	205	1346	0.64489	4.01646	3.05063		
07:46:37	425	200	427	205	1345	0.64510	4.01649	3.05182		
07:46:47	425	200	427	206	1344	0.64565	4.01646	3.05481		
07:46:57	425	200	427	205	1343	0.64482	4.01644	3.05023		
07:47:07	425	200	428	205	1342	0.64475	4.01649	3.04989		
07:47:17	425	200	428	205	1342	0.64500	4.01648	3.05123		
07:47:27	425	200	428	205	1341	0.64504	4.01652	3.05148		
07:47:37	425	200	428	206	1339	0.64542	4.01653	3.05357		
07:47:47	425	200	428	206	1338	0.64548	4.01651	3.05389		
07:47:57	425	200	428	205	1335	0.64485	4.01651	3.05047		
07:48:07	425	200	428	205	1333	0.64446	4.01647	3.04829		
07:48:17	425	200	428	205	1330	0.64463	4.01651	3.04927		
07:48:27	425	200	428	206	1327	0.64546	4.01651	3.05379		
07:48:37	425	200	428	206	1325	0.64593	4.01654	3.05639		
07:48:47	425	200	428	206	1322	0.64594	4.01656	3.05645		
07:48:57	425	200	429	206	1319	0.64630	4.01652	3.05841		
07:49:07	425	200	429	205	1317	0.64489	4.01652	3.05068		
07:49:17	425	200	429	205	1314	0.64422	4.01651	3.04699		
07:49:27	425	200	429	205	1311	0.64473	4.01650	3.04977		
07:49:37	425	200	429	205	1308	0.64517	4.01657	3.05225		
07:49:47	425	200	429	205	1306	0.64511	4.01652	3.05190		
07:49:57	425	200	428	205	1303	0.64515	4.01656	3.05211		
07:50:07	425	200	428	205	1300	0.64490	4.01648	3.05073		
07:50:17	425	200	429	205	1297	0.64443	4.01655	3.04819		
07:50:27	425	200	429	206	1294	0.64582	4.01660	3.05585		
07:50:37	425	200	429	205	1292	0.64401	4.01657	3.04588		
07:50:47	425	200	429	204	1289	0.64385	4.01657	3.04501		
07:50:57	425	200	429	205	1286	0.64407	4.01664	3.04626		
07:51:07	425	200	429	205	1283	0.64497	4.01667	3.05124		
07:51:17	425	200	429	204	1280	0.64297	4.01662	3.04023		
07:51:27	425	200	428	203	1277	0.64223	4.01665	3.03621		
07:51:37	425	200	428	204	1274	0.64347	4.01664	3.04298		
07:51:47	425	200	428	204	1271	0.64328	4.01665	3.04195		
07:51:57	425	200	428	203	1268	0.64232	4.01666	3.03671		
07:52:07	425	200	428	204	1264	0.64387	4.01664	3.04519		
07:52:17	425	200	428	205	1261	0.64432	4.01659	3.04762		
07:52:27	425	200	428	204	1257	0.64302	4.01664	3.04052		
07:52:37	425	200	428	204	1253	0.64260	4.01666	3.03827		
07:52:47	425	200	428	203	1250	0.64223	4.01672	3.03625		
07:52:57	425	200	428	203	1246	0.64177	4.01671	3.03375		
07:53:07	425	200	428	204	1243	0.64321	4.01671	3.04165		
07:53:17	425	200	428	204	1240	0.64396	4.01674	3.04574		
07:53:27	425	200	429	205	1238	0.64511	4.01670	3.05203		
07:53:37	425	200	429	205	1235	0.64459	4.01667	3.04918		
07:53:47	425	200	430	205	1233	0.64473	4.01673	3.04996		
07:53:57	425	200	430	204	1230	0.64395	4.01669	3.04569		
07:54:07	425	200	431	204	1228	0.64352	4.01677	3.04340		
07:54:17	425	200	431	204	1226	0.64347	4.01679	3.04314		
07:54:27	425	200	430	205	1224	0.64436	4.01675	3.04794		
07:54:37	425	200	431	205	1223	0.64524	4.01676	3.05279		
07:54:47	425	200	431	206	1222	0.64580	4.01675	3.05581		
07:54:57	425	200	431	206	1221	0.64594	4.01674	3.05662		
07:55:07	425	200	432	206	1220	0.64592	4.01801	3.05747		
07:55:17	425	200	432	205	1219	0.64493	4.01812	3.05212		
07:55:27	425	200	432	205	1219	0.64415	4.01812	3.04783		
07:55:37	425	200	432	205	1219	0.64483	4.01810	3.05157		
07:55:47	425	200	432	205	1219	0.64433	4.01804	3.04879		
07:55:57	425	200	431	204	1218	0.64387	4.01812	3.04629		
07:56:07	425	200	431	205	1218	0.64399	4.01812	3.04698		
07:56:17	425	200	431	205	1217	0.64415	4.01814	3.04785		
07:56:27	425	200	431	205	1216	0.64521	4.01815	3.05368		
07:56:37	425	200	431	205	1216	0.64445	4.01817	3.04954		
07:56:47	425	200	431	205	1215	0.64483	4.01814	3.05156		
07:56:57	425	200	431	205	1215	0.64449	4.01816	3.04971		
07:57:07	425	200	432	205	1214	0.64496	4.01817	3.05233		
07:57:17	425	200	432	205	1214	0.64483	4.01823	3.05163		
07:57:27	425	200	432	205	1214	0.64501	4.01827	3.05265		
07:57:37	425	200	432	204	1214	0.64356	4.01826	3.04471		
07:57:47	425	200	431	204	1214	0.64381	4.01823	3.04604		
07:57:57	425	200	431	205	1213	0.64493	4.01825	3.05219		
07:58:07	425	200	431	205	1213	0.64469	4.01828	3.05092		
07:58:17	425	200	431	205	1213	0.64423	4.01828	3.04842		
07:58:27	425	200	431	205	1213	0.64449	4.01831	3.04984		
07:58:37	425	200	431	205	1213	0.64401	4.01832	3.04722		
07:58:47	425	200	431	205	1214	0.64426	4.01828	3.04856		
07:58:57	425	200	431	205	1215	0.64399	4.01839	3.04715		
07:59:07	425	200	431	204	1216	0.64369	4.01841	3.04555		
07:59:17	425	200	431	205	1217	0.64446	4.01837	3.04975		
07:59:27	425	200	431	205	1218	0.64423	4.01837	3.04849		
07:59:37	425	200	431	205	1218	0.64455	4.01834	3.05020		
07:59:47	425	200	431	205	1219	0.64471	4.01834	3.05106		
07:59:57	425	200	431	205	1219	0.64438	4.01836	3.04926		
08:00:07	425	200	432	205	1220	0.64460	4.01835	3.05050		
08:00:17	425	200	432	205	1220	0.64508	4.01837	3.05315		
08:00:27	425	200	432	206	1221	0.64622	4.01839	3.05939		
08:00:37	425	200	432	206	1221	0.64597	4.01836	3.05801		
08:00:47	425	200	432	206	1221	0.64630	4.01837	3.05983		
08:00:57	425	200	433	206	1222	0.64572	4.01833	3.05661		
08:01:07	425	200	433	205	1222	0.64499	4.01839	3.05265		
08:01:17	425	200	433	205	1222	0.64517	4.01836	3.05361		
08:01:27	425	200	432	206	1222	0.64549	4.01841	3.05542		
08:01:37	425	200	432	206	1222	0.64550	4.01842	3.05545		
08:01:47	425	200	432	204	1222	0.64384	4.01840	3.04634		
08:01:57	425	200	432	204	1221	0.64373	4.01841	3.04577		
08:02:07	425	200	431	205	1221	0.64430	4.01841	3.04889		
08:02:17	425	200	431	205	1220	0.64500	4.01842	3.05272		
08:02:27	425	200	431	206	1219	0.64566	4.01846	3.05635		
08:02:37	425	200	431	205	1218	0.64534	4.01839	3.05455		
08:02:47	425	200	432	206	1217	0.64630	4.01842	3.05987		
08:02:57	425	200	432	206	1216	0.64549	4.01844	3.05541		
08:03:07	425	200	433	205	1214	0.64523	4.01840	3.05398		
08:03:17	425	200	433	206	1213	0.64583	4.01838	3.05726		
08:03:27	425	200	433	205	1211	0.64504	4.01837	3.05289		
08:03:37	425	200	433	206	1209	0.64595	4.01839	3.05792		
08:03:47	425	200	433	206	1207	0.64549	4.01848	3.05545		
08:03:57	425	200	433	206	1204	0.64601	4.01848	3.05830		
08:04:07	425	200	433	206	1202	0.64590	4.01847	3.05767		
08:04:17	425	200	433	206	1199	0.64620	4.01840	3.05930		
08:04:27	425	200	434	206	1197	0.64627	4.01844	3.05969		
08:04:37	425	200	434	207	1194	0.64774	4.01844	3.06777		
08:04:47	425	200	434	207	1191	0.64713	4.01845	3.06440		
08:04:57	425	200	435	206	1189	0.64662	4.01843	3.06158		
08:05:07	425	200	435	205	1187	0.64517	4.01843	3.05366		
08:05:17	425	200	434	205	1184	0.64449	4.01842	3.04991		
08:05:27	425	200	434	205	1182	0.64517	4.01846	3.05371		
08:05:37	425	200	434	205	1181	0.64495	4.01846	3.05248		
08:05:47	425	200	433	205	1180	0.64434	4.01848	3.04916		
08:05:57	425	200	433	206	1179	0.64568	4.01844	3.05646		
08:06:07	425	200	434	206	1179	0.64565	4.01850	3.05632		
08:06:17	425	200	434	207	1180	0.64676	4.01855	3.06248		
08:06:27	425	200	434	206	1180	0.64597	4.01856	3.05817		
08:06:37	425	200	434	204	1181	0.64313	4.01851	3.04258		
08:06:47	425	200	434	205	1181	0.64436	4.01854	3.04933		
08:06:57	425	200	434	205	1182	0.64511	4.01854	3.05342		
08:07:07	425	200	434	205	1184	0.64515	4.01849	3.05361		
08:07:17	425	200	433	206	1185	0.64557	4.01855	3.05593		
08:07:27	425	200	433	205	1188	0.64525	4.01858	3.05422		
08:07:37	425	200	433	205	1190	0.64471	4.01856	3.05122		
08:07:47	425	200	433	206	1191	0.64584	4.01857	3.05743		
08:07:57	425	200	433	206	1193	0.64559	4.01848	3.05603		
08:08:07	425	200	434	206	1195	0.64626	4.01856	3.05975		
08:08:17	425	200	434	206	1197	0.64628	4.01850	3.05979		
08:08:27	425	200	434	207	1199	0.64679	4.01851	3.06259		
08:08:37	425	200	434	206	1201	0.64647	4.01849	3.06081		
08:08:47	425	200	434	207	1203	0.64714	4.01854	3.06451		
08:08:57	425	200	435	207	1205	0.64740	4.01851	3.06594		
08:09:07	425	200	435	207	1207	0.64750	4.01860	3.06658		
08:09:17	425	200	435	207	1208	0.64798	4.01858	3.06917		
08:09:27	425	200	435	207	1209	0.64673	4.01856	3.06231		
08:09:37	425	200	435	205	1209	0.64502	4.01858	3.05295		
08:09:47	425	200	434	205	1209	0.64503	4.01859	3.05302		
08:09:57	425	200	434	205	1209	0.64529	4.01862	3.05449		
08:10:07	425	200	434	206	1209	0.64624	4.01863	3.05968		
08:10:17	425	200	433	205	1209	0.64525	4.01864	3.05428		
08:10:27	425	200	433	206	1208	0.64577	4.01868	3.05716		
08:10:37	425	200	433	206	1206	0.64537	4.01870	3.05498		
08:10:47	425	200	433	205	1205	0.64465	4.01869	3.05099		
08:10:57	425	200	433	205	1203	0.64529	4.01869	3.05451		
08:11:07	425	200	433	205	1201	0.64461	4.01871	3.05080		
08:11:17	425	200	433	206	1199	0.64559	4.01879	3.05626		
08:11:27	425	200	433	206	1197	0.64576	4.01877	3.05714		
08:11:37	425	200	433	205	1196	0.64482	4.01881	3.05206		
08:11:47	425	200	433	206	1195	0.64558	4.01881	3.05619		
08:11:57	425	200	433	205	1194	0.64442	4.01878	3.04984		
08:12:07	425	200	433	205	1192	0.64508	4.01878	3.05345		
08:12:17	425	200	433	205	1192	0.64491	4.01884	3.05257		
08:12:27	425	200	433	206	1191	0.64574	4.01881	3.05707		
08:12:37	425	200	433	205	1191	0.64433	4.01879	3.04932		
08:12:47	425	200	433	205	1190	0.64430	4.01883	3.04921		
08:12:57	425	200	433	205	1189	0.64441	4.01883	3.04981		
08:13:07	425	200	433	205	1189	0.64517	4.01885	3.05396		
08:13:17	425	200	433	205	1188	0.64503	4.01883	3.05322		
08:13:27	425	200	433	205	1187	0.64460	4.01881	3.05083		
08:13:37	425	200	433	206	1186	0.64553	4.01884	3.05595		
08:13:47	425	200	433	206	1186	0.64618	4.01884	3.05949		
08:13:57	425	200	433	205	1186	0.64480	4.01885	3.05194		
08:14:07	425	200	433	205	1186	0.64472	4.01892	3.05157		
08:14:17	425	200	433	206	1186	0.64550	4.01892	3.05587		
08:14:27	425	200	434	206	1187	0.64603	4.02014	3.05969		
08:14:37	425	200	434	206	1188	0.64576	4.02017	3.05822		
08:14:47	425	200	433	206	1189	0.64561	4.02016	3.05739		
08:14:57	425	200	434	206	1191	0.64576	4.02017	3.05824		
08:15:07	425	200	434	206	1192	0.64603	4.02019	3.05970		
08:15:17	425	200	434	205	1194	0.64440	4.02019	3.05081		
08:15:27	425	200	434	206	1196	0.64537	4.02020	3.05609		
08:15:37	425	200	434	206	1199	0.64583	4.02025	3.05869		
08:15:47	425	200	434	206	1202	0.64600	4.02021	3.05955		
08:15:57	425	200	433	204	1205	0.64384	4.02024	3.04777		
08:16:07	425	200	433	204	1208	0.64389	4.02018	3.04798		
08:16:17	425	200	432	204	1211	0.64380	4.02019	3.04751		
08:16:27	425	200	432	204	1215	0.64368	4.02026	3.04687		
08:16:37	425	200	431	204	1219	0.64385	4.02030	3.04785		
08:16:47	425	200	431	205	1223	0.64400	4.02025	3.04866		
08:16:57	425	200	431	205	1227	0.64474	4.02026	3.05272		
08:17:07	425	200	431	206	1231	0.64571	4.02027	3.05803		
08:17:17	425	200	431	206	1237	0.64594	4.02028	3.05931		
08:17:27	425	200	432	206	1241	0.64589	4.02025	3.05899		
08:17:37	425	200	432	205	1245	0.64515	4.02028	3.05497		
08:17:47	425	200	432	206	1250	0.64556	4.02031	3.05724		
08:17:57	425	200	432	206	1255	0.64588	4.02032	3.05901		
08:18:07	425	200	432	206	1260	0.64564	4.02039	3.05773		
08:18:17	425	200	432	206	1264	0.64582	4.02036	3.05869		
08:18:27	425	200	432	206	1269	0.64672	4.02038	3.06366		
08:18:37	425	200	432	206	1272	0.64545	4.02036	3.05667		
08:18:47	425	200	431	206	1275	0.64598	4.02035	3.05956		
08:18:57	425	200	431	206	1277	0.64654	4.02038	3.06263		
08:19:07	425	200	431	206	1278	0.64624	4.02039	3.06102		
08:19:17	425	200	431	206	1278	0.64576	4.02043	3.05841		
08:19:27	425	200	431	206	1277	0.64537	4.02044	3.05628		
08:19:37	425	200	431	205	1276	0.64532	4.02043	3.05598		
08:19:47	425	200	431	206	1273	0.64538	4.02043	3.05631		
08:19:57	425	200	431	206	1270	0.64567	4.02048	3.05798		
08:20:07	425	200	431	206	1266	0.64591	4.02046	3.05924		
08:20:17	425	200	431	206	1263	0.64653	4.02045	3.06265		
08:20:27	425	200	431	206	1259	0.64589	4.02046	3.05914		
08:20:37	425	200	431	205	1255	0.64470	4.02049	3.05268		
08:20:47	425	200	431	205	1252	0.64489	4.02047	3.05367		
08:20:57	425	200	431	206	1249	0.64545	4.02044	3.05673		
08:21:07	425	200	431	205	1246	0.64521	4.02047	3.05545		
08:21:17	425	200	431	205	1244	0.64436	4.02044	3.05074		
08:21:27	425	200	431	205	1242	0.64453	4.02048	3.05172		
08:21:37	425	200	431	205	1241	0.64427	4.02053	3.05031		
08:21:47	425	200	431	205	1241	0.64475	4.02044	3.05288		
08:21:57	425	200	431	206	1240	0.64540	4.02051	3.05649		
08:22:07	425	200	431	205	1241	0.64489	4.02050	3.05372		
08:22:17	425	200	431	205	1242	0.64453	4.02052	3.05175		
08:22:27	425	200	431	205	1244	0.64473	4.02052	3.05283		
08:22:37	425	200	431	205	1245	0.64517	4.02057	3.05530		
08:22:47	425	200	431	205	1246	0.64466	4.02054	3.05249		
08:22:57	425	200	431	205	1248	0.64475	4.02053	3.05294		
08:23:07	425	200	431	205	1249	0.64501	4.02053	3.05437		
08:23:17	425	200	431	205	1250	0.64436	4.02051	3.05079		
08:23:27	425	200	431	206	1251	0.64558	4.02057	3.05754		
08:23:37	425	200	431	206	1252	0.64585	4.02050	3.05897		
08:23:47	425	200	431	206	1253	0.64572	4.02054	3.05829		
08:23:57	425	200	431	206	1254	0.64548	4.02054	3.05695		
08:24:07	425	200	431	206	1255	0.64550	4.02053	3.05706		
08:24:17	425	200	432	206	1255	0.64603	4.02050	3.05995		
08:24:27	425	200	432	206	1256	0.64569	4.02052	3.05809		
08:24:37	425	200	432	206	1255	0.64633	4.02050	3.06157		
08:24:47	425	200	432	206	1254	0.64584	4.02058	3.05897		
08:24:57	425	200	432	206	1254	0.64550	4.02055	3.05708		
08:25:07	425	200	432	205	1253	0.64463	4.02054	3.05229		
08:25:17	425	200	431	205	1252	0.64461	4.02056	3.05221		
08:25:27	425	200	431	206	1252	0.64578	4.02059	3.05864		
08:25:37	425	200	431	207	1251	0.64703	4.02058	3.06549		
08:25:47	425	200	431	206	1250	0.64614	4.02057	3.06063		
08:25:57	425	200	431	206	1249	0.64593	4.02056	3.05945		
08:26:07	425	200	432	206	1247	0.64633	4.02055	3.06165		
08:26:17	425	200	432	207	1244	0.64703	4.02053	3.06546		
08:26:27	425	200	432	206	1241	0.64553	4.02053	3.05726		
08:26:37	425	200	432	206	1237	0.64547	4.02059	3.05693		
08:26:47	425	200	432	205	1232	0.64519	4.02058	3.05541		
08:26:57	425	200	432	206	1228	0.64616	4.02061	3.06073		
08:27:07	425	200	432	206	1224	0.64594	4.02048	3.05943		
08:27:17	425	200	432	205	1219	0.64492	4.02058	3.05393		
08:27:27	425	200	432	205	1213	0.64399	4.02060	3.04883		
08:27:37	425	200	432	204	1208	0.64397	4.02059	3.04872		
08:27:47	425	200	432	204	1204	0.64390	4.02061	3.04835		
08:27:57	425	200	431	204	1199	0.64298	4.02059	3.04331		
08:28:07	425	200	431	204	1195	0.64266	4.02060	3.04155		
08:28:17	425	200	431	204	1191	0.64385	4.02059	3.04807		
08:28:27	425	200	431	204	1188	0.64371	4.02060	3.04733		
08:28:37	425	200	431	204	1185	0.64371	4.02061	3.04730		
08:28:47	425	200	431	205	1182	0.64412	4.02056	3.04951		
08:28:57	425	200	432	205	1180	0.64434	4.02051	3.05070		
08:29:07	425	200	432	205	1179	0.64450	4.02061	3.05165		
08:29:17	425	200	432	205	1178	0.64463	4.02057	3.05234		
08:29:27	425	200	432	204	1178	0.64395	4.02054	3.04860		
08:29:37	425	200	432	204	1179	0.64304	4.02057	3.04361		
08:29:47	425	200	432	204	1180	0.64392	4.02062	3.04850		
08:29:57	425	200	432	205	1182	0.64443	4.02058	3.05123		
08:30:07	425	200	432	205	1185	0.64441	4.02059	3.05115		
08:30:17	425	200	432	205	1188	0.64420	4.02057	3.04996		
08:30:27	425	200	432	204	1192	0.64312	4.02060	3.04406		
08:30:37	425	200	432	204	1195	0.64275	4.02062	3.04207		
08:30:47	425	200	432	204	1198	0.64351	4.02062	3.04625		
08:30:57	425	200	431	205	1202	0.64418	4.02061	3.04990		
08:31:07	425	200	431	204	1206	0.64371	4.02060	3.04732		
08:31:17	425	200	431	205	1210	0.64410	4.02059	3.04944		
08:31:27	425	200	431	205	1213	0.64461	4.02058	3.05222		
08:31:37	425	200	431	205	1216	0.64508	4.02061	3.05485		
08:31:47	425	200	432	205	1220	0.64479	4.02060	3.05323		
08:31:57	425	200	432	205	1224	0.64522	4.02059	3.05560		
08:32:07	425	200	432	206	1228	0.64539	4.02062	3.05654		
08:32:17	425	200	432	206	1232	0.64633	4.02063	3.06169		
08:32:27	425	200	432	204	1237	0.64393	4.02067	3.04856		
08:32:37	425	200	431	204	1241	0.64366	4.02063	3.04707		
08:32:47	425	200	431	205	1246	0.64430	4.02065	3.05061		
08:32:57	425	200	431	205	1251	0.64475	4.02067	3.05304		
08:33:07	425	200	430	204	1256	0.64376	4.02062	3.04763		
08:33:17	425	200	430	204	1261	0.64393	4.02064	3.04853		
08:33:27	425	200	430	205	1266	0.64439	4.02066	3.05110		
08:33:37	425	200	430	205	1271	0.64428	4.02059	3.05043		
08:33:47	425	200	430	205	1277	0.64494	4.02067	3.05409		
08:33:57	425	200	430	205	1282	0.64477	4.02067	3.05316		
08:34:07	425	200	430	205	1286	0.64507	4.02067	3.05481		
08:34:17	425	200	429	205	1290	0.64474	4.02065	3.05298		
08:34:27	425	200	429	204	1294	0.64384	4.02063	3.04803		
08:34:37	425	200	429	205	1296	0.64443	4.02066	3.05129		
08:34:47	425	200	428	204	1297	0.64317	4.02067	3.04439		
08:34:57	425	200	428	204	1298	0.64328	4.02064	3.04497		
08:35:07	425	200	427	204	1299	0.64329	4.02060	3.04503		
08:35:17	425	200	427	204	1300	0.64390	4.02063	3.04838		
08:35:27	425	200	427	205	1299	0.64412	4.02062	3.04956		
08:35:37	425	200	427	205	1299	0.64482	4.02060	3.05339		
08:35:47	425	200	428	205	1299	0.64530	4.02059	3.05603		
08:35:57	425	200	428	206	1299	0.64584	4.02063	3.05902		
08:36:07	425	200	429	206	1299	0.64631	4.02059	3.06158		
08:36:17	425	200	429	204	1299	0.64393	4.02066	3.04855		
08:36:27	425	200	429	205	1299	0.64481	4.02063	3.05337		
08:36:37	425	200	429	206	1299	0.64540	4.02060	3.05655		
08:36:47	425	200	429	205	1300	0.64424	4.02066	3.05024		
08:36:57	425	200	429	204	1300	0.64363	4.02068	3.04695		
08:37:07	425	200	428	205	1301	0.64473	4.02066	3.05296		
08:37:17	425	200	428	205	1302	0.64427	4.02063	3.05038		
08:37:27	425	200	428	205	1303	0.64437	4.02066	3.05099		
08:37:37	425	200	428	206	1303	0.64573	4.02060	3.05837		
08:37:47	425	200	429	206	1305	0.64595	4.02059	3.05958		
08:37:57	425	200	429	205	1306	0.64498	4.02060	3.05427		
08:38:07	425	200	429	205	1306	0.64450	4.02059	3.05164		
08:38:17	425	200	429	206	1307	0.64580	4.02054	3.05873		
08:38:27	425	200	429	206	1307	0.64616	4.02059	3.06074		
08:38:37	425	200	429	205	1306	0.64520	4.02056	3.05544		
08:38:47	425	200	429	204	1306	0.64358	4.02057	3.04656		
08:38:57	425	200	428	204	1305	0.64346	4.02055	3.04591		
08:39:07	425	200	428	203	1305	0.64239	4.02057	3.04007		
08:39:17	425	200	427	204	1304	0.64276	4.02057	3.04211		
08:39:27	425	200	427	204	1303	0.64301	4.02062	3.04351		
08:39:37	425	200	427	204	1302	0.64378	4.02056	3.04769		
08:39:47	425	200	427	204	1301	0.64375	4.02058	3.04751		
08:39:57	425	200	427	204	1299	0.64384	4.02060	3.04801		
08:40:07	425	200	427	204	1298	0.64361	4.02060	3.04676		
08:40:17	425	200	427	204	1296	0.64371	4.02057	3.04730		
08:40:27	425	200	428	204	1294	0.64375	4.02057	3.04751		
08:40:37	425	200	427	204	1292	0.64262	4.02055	3.04133		
08:40:47	425	200	427	204	1291	0.64280	4.02064	3.04238		
08:40:57	425	200	427	204	1289	0.64295	4.02060	3.04314		
08:41:07	425	200	427	204	1288	0.64343	4.02056	3.04574		
08:41:17	425	200	427	204	1287	0.64314	4.02057	3.04418		
08:41:27	425	200	427	203	1286	0.64232	4.02059	3.03971		
08:41:37	425	200	427	204	1285	0.64325	4.02058	3.04478		
08:41:47	425	200	428	205	1285	0.64528	4.02057	3.05587		
08:41:57	425	200	428	205	1284	0.64501	4.02060	3.05442		
08:42:07	425	200	428	205	1284	0.64495	4.02062	3.05414		
08:42:17	425	200	429	205	1283	0.64482	4.02064	3.05341		
08:42:27	425	200	429	205	1282	0.64511	4.02064	3.05502		
08:42:37	425	200	430	206	1281	0.64594	4.02063	3.05956		
08:42:47	425	200	430	205	1280	0.64520	4.02063	3.05548		
08:42:57	425	200	430	205	1278	0.64401	4.02065	3.04900		
08:43:07	425	200	429	205	1275	0.64426	4.02068	3.05037		
08:43:17	425	200	429	205	1273	0.64478	4.02067	3.05321		
08:43:27	425	200	429	205	1270	0.64455	4.02063	3.05196		
08:43:37	425	200	429	205	1267	0.64486	4.02062	3.05362		
08:43:47	425	200	430	206	1264	0.64611	4.02060	3.06049		
08:43:57	425	200	430	205	1262	0.64491	4.02068	3.05397		
08:44:07	425	200	430	205	1262	0.64491	4.02068	3.05397		
08:44:17	425	200	430	205	1259	0.64490	4.02063	3.05384		
08:44:27	425	200	431	205	1257	0.64489	4.02065	3.05383		
08:44:37	425	200	431	205	1255	0.64430	4.02067	3.05062		
08:44:47	425	200	430	205	1253	0.64461	4.02068	3.05233		
08:44:57	425	200	430	205	1250	0.64486	4.02067	3.05369		
08:45:07	425	200	430	205	1247	0.64484	4.02065	3.05353		
08:45:17	425	200	430	205	1243	0.64485	4.02067	3.05364		
08:45:27	425	200	431	206	1240	0.64573	4.02066	3.05845		
08:45:37	425	200	431	205	1236	0.64525	4.02067	3.05580		
08:45:47	425	200	431	206	1233	0.64561	4.02066	3.05778		
08:45:57	425	200	432	206	1229	0.64662	4.02062	3.06329		
08:46:07	425	200	432	206	1226	0.64617	4.02063	3.06081		
08:46:17	425	200	432	205	1223	0.64533	4.02060	3.05617		
08:46:27	425	200	433	206	1220	0.64595	4.02061	3.05960		
08:46:37	425	200	433	206	1217	0.64585	4.02059	3.05902		
08:46:47	425	200	432	205	1213	0.64399	4.02061	3.04885		
08:46:57	425	200	432	204	1209	0.64353	4.02058	3.04630		
08:47:07	425	200	432	205	1206	0.64425	4.02056	3.05022		
08:47:17	425	200	432	205	1202	0.64463	4.02053	3.05230		
08:47:27	425	200	432	205	1198	0.64506	4.02057	3.05470		
08:47:37	425	200	432	205	1194	0.64465	4.02060	3.05245		
08:47:47	425	200	432	205	1190	0.64440	4.02058	3.05107		
08:47:57	425	200	432	205	1187	0.64444	4.02060	3.05131		
08:48:07	425	200	433	206	1183	0.64551	4.02062	3.05718		
08:48:17	425	200	433	205	1180	0.64521	4.02059	3.05555		
08:48:27	425	200	433	205	1177	0.64481	4.02060	3.05333		
08:48:37	425	200	433	206	1174	0.64567	4.02059	3.05802		
08:48:47	425	200	434	205	1172	0.64505	4.02061	3.05465		
08:48:57	425	200	434	205	1169	0.64466	4.02058	3.05250		
08:49:07	425	200	434	205	1167	0.64476	4.02057	3.05307		
08:49:17	425	200	434	205	1166	0.64473	4.02058	3.05289		
08:49:27	425	200	434	205	1167	0.64471	4.02060	3.05282		
08:49:37	425	200	434	205	1168	0.64462	4.02062	3.05234		
08:49:47	425	200	434	205	1170	0.64475	4.02057	3.05297		
08:49:57	425	200	434	205	1174	0.64478	4.02061	3.05319		
08:50:07	425	200	434	205	1177	0.64474	4.02057	3.05291		
08:50:17	425	200	433	205	1181	0.64463	4.02059	3.05236		
08:50:27	425	200	433	206	1186	0.64538	4.02054	3.05642		
08:50:37	425	200	433	205	1191	0.64457	4.02058	3.05203		
08:50:47	425	200	433	205	1196	0.64489	4.02055	3.05374		
08:50:57	425	200	433	205	1202	0.64464	4.02049	3.05231		
08:51:07	425	200	433	205	1208	0.64464	4.02054	3.05238		
08:51:17	425	200	432	204	1213	0.64283	4.02052	3.04242		
08:51:27	425	200	431	204	1218	0.64263	4.02050	3.04130		
08:51:37	425	200	431	204	1223	0.64301	4.02051	3.04339		
08:51:47	425	200	431	205	1229	0.64435	4.02047	3.05074		
08:51:57	425	200	430	205	1234	0.64491	4.02047	3.05380		
08:52:07	425	200	430	205	1238	0.64424	4.02048	3.05014		
08:52:17	425	200	430	205	1243	0.64453	4.02045	3.05169		
08:52:27	425	200	431	205	1249	0.64481	4.02044	3.05324		
08:52:37	425	200	431	205	1254	0.64509	4.02042	3.05475		
08:52:47	425	200	431	205	1260	0.64404	4.02042	3.04897		
08:52:57	425	200	430	204	1266	0.64350	4.02040	3.04599		
08:53:07	425	200	430	204	1274	0.64384	4.02047	3.04793		
08:53:17	425	200	430	205	1281	0.64485	4.02047	3.05346		
08:53:27	425	200	429	205	1289	0.64483	4.02045	3.05334		
08:53:37	425	200	429	205	1296	0.64400	4.02048	3.04880		
08:53:47	425	200	429	205	1303	0.64476	4.02052	3.05300		
08:53:57	425	200	429	205	1311	0.64442	4.02047	3.05109		
08:54:07	425	200	429	205	1318	0.64484	4.02043	3.05339		
08:54:17	425	200	428	206	1326	0.64565	4.02045	3.05781		
08:54:27	425	200	428	206	1333	0.64567	4.02043	3.05792		
08:54:37	425	200	428	206	1341	0.64548	4.02042	3.05685		
08:54:47	425	200	428	206	1348	0.64610	4.02036	3.06023		
08:54:57	425	200	428	206	1355	0.64545	4.02040	3.05672		
08:55:07	425	200	428	205	1361	0.64488	4.02033	3.05352		
08:55:17	425	200	428	206	1368	0.64567	4.02035	3.05787		
08:55:27	425	200	428	205	1374	0.64475	4.02033	3.05281		
08:55:37	425	200	427	205	1379	0.64432	4.02031	3.05043		
08:55:47	425	200	427	206	1384	0.64538	4.02029	3.05621		
08:55:57	425	200	427	205	1390	0.64527	4.02031	3.05564		
08:56:07	425	200	426	205	1395	0.64462	4.02034	3.05213		
08:56:17	425	200	426	205	1400	0.64427	4.02035	3.05020		
08:56:27	425	200	426	205	1405	0.64424	4.02036	3.05003		
08:56:37	400	200	425	205	1409	0.64431	4.02032	3.05040		
08:56:47	400	200	425	205	1414	0.64451	4.02035	3.05149		
08:56:57	400	200	425	205	1417	0.64410	4.02032	3.04925		
08:57:07	400	200	424	205	1419	0.64407	4.02026	3.04903		
08:57:17	400	200	424	204	1420	0.64377	4.02030	3.04743		
08:57:27	400	200	424	204	1420	0.64377	4.02026	3.04741		
08:57:37	400	200	424	205	1419	0.64414	4.02021	3.04939		
08:57:47	400	200	424	204	1418	0.64384	4.02025	3.04775		
08:57:57	400	200	424	205	1416	0.64402	4.02026	3.04873		
08:58:07	400	200	424	205	1414	0.64426	4.02029	3.05007		
08:58:17	400	200	424	205	1412	0.64470	4.02025	3.05250		
08:58:27	400	200	424	205	1410	0.64504	4.02021	3.05430		
08:58:37	400	200	425	206	1409	0.64571	4.02020	3.05796		
08:58:47	400	200	425	205	1408	0.64402	4.02021	3.04874		
08:58:57	400	200	425	205	1406	0.64451	4.02027	3.05147		
08:59:07	400	200	425	205	1406	0.64462	4.02020	3.05201		
08:59:17	400	200	425	206	1406	0.64543	4.02014	3.05641		
08:59:27	400	200	425	205	1409	0.64484	4.02019	3.05321		
08:59:37	400	200	425	205	1410	0.64463	4.02012	3.05201		
08:59:47	400	200	425	205	1410	0.64436	4.02015	3.05055		
08:59:57	400	200	425	204	1409	0.64352	4.02014	3.04592		
09:00:07	400	200	425	205	1409	0.64398	4.02017	3.04847		
09:00:17	400	200	424	205	1409	0.64400	4.02014	3.04857		
09:00:27	400	200	424	204	1408	0.64353	4.02013	3.04595		
09:00:37	400	200	424	204	1407	0.64304	4.02011	3.04328		
09:00:47	400	200	424	204	1406	0.64293	4.02008	3.04265		
09:00:57	400	200	424	204	1405	0.64264	4.02012	3.04109		
09:01:07	400	200	423	203	1404	0.64250	4.02009	3.04029		
09:01:17	400	200	423	203	1402	0.64245	4.02005	3.03998		
09:01:27	400	200	423	204	1401	0.64307	4.02003	3.04338		
09:01:37	400	200	423	203	1399	0.64244	4.01998	3.03989		
09:01:47	400	200	423	203	1398	0.64235	4.02009	3.03946		
09:01:57	400	200	423	203	1396	0.64258	4.02003	3.04070		
09:02:07	400	200	423	204	1395	0.64317	4.02007	3.04396		
09:02:17	400	200	423	204	1394	0.64381	4.02004	3.04746		
09:02:27	400	200	424	205	1393	0.64478	4.02004	3.05274		
09:02:37	400	200	424	205	1392	0.64440	4.01881	3.04974		
09:02:47	400	200	424	204	1391	0.64354	4.01879	3.04501		
09:02:57	400	200	425	204	1389	0.64347	4.01882	3.04466		
09:03:07	400	200	425	204	1388	0.64339	4.01878	3.04420		
09:03:17	400	200	425	204	1388	0.64375	4.01879	3.04619		
09:03:27	400	200	424	203	1389	0.64241	4.01881	3.03882		
09:03:37	400	200	424	204	1392	0.64348	4.01877	3.04466		
09:03:47	400	200	424	205	1395	0.64413	4.01879	3.04825		
09:03:57	400	200	424	204	1399	0.64311	4.01876	3.04265		
09:04:07	400	200	424	203	1403	0.64239	4.01874	3.03866		
09:04:17	400	200	423	204	1407	0.64268	4.01878	3.04032		
09:04:27	400	200	423	204	1412	0.64304	4.01872	3.04221		
09:04:37	400	200	423	204	1417	0.64261	4.01870	3.03986		
09:04:47	400	200	423	204	1421	0.64328	4.01873	3.04355		
09:04:57	400	200	423	204	1423	0.64335	4.01870	3.04390		
09:05:07	400	200	423	204	1425	0.64318	4.01871	3.04298		
09:05:17	400	200	422	203	1426	0.64240	4.01872	3.03871		
09:05:27	400	200	422	203	1426	0.64252	4.01866	3.03935		
09:05:37	400	200	422	204	1426	0.64304	4.01864	3.04215		
09:05:47	400	200	422	203	1426	0.64249	4.01865	3.03915		
09:05:57	400	200	422	203	1426	0.64246	4.01862	3.03896		
09:06:07	400	200	422	203	1426	0.64191	4.01864	3.03598		
09:06:17	400	200	422	203	1425	0.64203	4.01862	3.03663		
09:06:27	400	200	422	203	1424	0.64241	4.01858	3.03869		
09:06:37	400	200	422	204	1424	0.64371	4.01851	3.04573		
09:06:47	400	200	422	204	1423	0.64261	4.01857	3.03973		
09:06:57	400	200	422	203	1422	0.64204	4.01856	3.03665		
09:07:07	400	200	422	203	1420	0.64249	4.01855	3.03908		
09:07:17	400	200	422	203	1418	0.64236	4.01854	3.03838		
09:07:27	400	200	422	204	1416	0.64303	4.01850	3.04202		
09:07:37	400	200	422	204	1414	0.64380	4.01852	3.04623		
09:07:47	400	200	422	204	1411	0.64263	4.01853	3.03983		
09:07:57	400	200	422	203	1407	0.64247	4.01852	3.03896		
09:08:07	400	200	423	204	1402	0.64279	4.01859	3.04077		
09:08:17	400	200	423	204	1397	0.64283	4.01850	3.04090		
09:08:27	400	200	423	205	1393	0.64409	4.01846	3.04776		
09:08:37	400	200	423	203	1388	0.64178	4.01852	3.03518		
09:08:47	400	200	423	203	1383	0.64185	4.01850	3.03554		
09:08:57	400	200	423	203	1378	0.64247	4.01854	3.03899		
09:09:07	400	200	423	204	1373	0.64290	4.01852	3.04132		
09:09:17	400	200	424	204	1368	0.64279	4.01851	3.04070		
09:09:27	400	200	423	203	1364	0.64228	4.01847	3.03785		
09:09:37	400	200	424	203	1359	0.64200	4.01843	3.03631		
09:09:47	400	200	424	203	1354	0.64248	4.01840	3.03891		
09:09:57	400	200	424	203	1351	0.64230	4.01846	3.03798		
09:10:07	400	200	424	203	1348	0.64177	4.01842	3.03504		
09:10:17	400	200	424	203	1346	0.64221	4.01843	3.03748		
09:10:27	400	200	424	203	1344	0.64178	4.01837	3.03504		
09:10:37	400	200	424	203	1343	0.64187	4.01837	3.03554		
09:10:47	400	200	424	203	1341	0.64252	4.01833	3.03909		
09:10:57	400	200	424	203	1340	0.64220	4.01833	3.03732		
09:11:07	400	200	424	203	1339	0.64179	4.01836	3.03509		
09:11:17	400	200	424	203	1339	0.64150	4.01839	3.03356		
09:11:27	400	200	424	203	1339	0.64134	4.01838	3.03263		
09:11:37	400	200	424	203	1337	0.64169	4.01840	3.03461		
09:11:47	400	200	424	203	1336	0.64151	4.01842	3.03359		
09:11:57	400	200	424	203	1335	0.64164	4.01837	3.03431		
09:12:07	400	200	424	203	1333	0.64189	4.01835	3.03562		
09:12:17	400	200	424	202	1331	0.64094	4.01833	3.03042		
09:12:27	400	200	424	203	1328	0.64200	4.01836	3.03626		
09:12:37	400	200	424	201	1325	0.63943	4.01833	3.02214		
09:12:47	400	200	423	202	1323	0.64045	4.01837	3.02776		
09:12:57	400	200	423	202	1320	0.64096	4.01839	3.03058		
09:13:07	400	200	423	202	1318	0.64089	4.01832	3.03012		
09:13:17	400	200	423	202	1315	0.64072	4.01829	3.02921		
09:13:27	400	200	423	203	1313	0.64133	4.01824	3.03249		
09:13:37	400	200	424	202	1311	0.64017	4.01825	3.02614		
09:13:47	400	200	424	202	1308	0.64007	4.01822	3.02556		
09:13:57	400	200	424	202	1305	0.64021	4.01824	3.02637		
09:14:07	400	200	424	202	1301	0.64062	4.01824	3.02861		
09:14:17	400	200	424	202	1298	0.63984	4.01821	3.02429		
09:14:27	400	200	424	202	1295	0.64060	4.01824	3.02848		
09:14:37	400	200	423	201	1291	0.63933	4.01823	3.02152		
09:14:47	400	200	423	201	1286	0.63898	4.01820	3.01961		
09:14:57	400	200	423	201	1281	0.63973	4.01819	3.02370		
09:15:07	400	200	424	202	1275	0.63996	4.01822	3.02496		
09:15:17	400	200	424	201	1269	0.63967	4.01820	3.02336		
09:15:27	400	200	423	201	1263	0.63940	4.01817	3.02185		
09:15:37	400	200	424	201	1257	0.63914	4.01821	3.02049		
09:15:47	400	200	424	201	1250	0.63875	4.01820	3.01835		
09:15:57	400	200	424	201	1244	0.63955	4.01817	3.02270		
09:16:07	400	200	424	201	1237	0.63948	4.01817	3.02229		
09:16:17	400	200	424	201	1230	0.63939	4.01819	3.02181		
09:16:27	400	200	424	201	1223	0.63957	4.01817	3.02282		
09:16:37	400	200	425	201	1216	0.63972	4.01815	3.02362		
09:16:47	400	175	425	200	1208	0.63830	4.01817	3.01587		
09:16:57	400	175	425	201	1200	0.63903	4.01813	3.01980		
09:17:07	400	175	425	201	1193	0.63914	4.01817	3.02046		
09:17:17	425	175	426	201	1184	0.63861	4.01815	3.01753		
09:17:27	425	175	426	201	1176	0.63952	4.01812	3.02249		
09:17:37	425	175	426	201	1167	0.63905	4.01816	3.01993		
09:17:47	425	200	427	201	1159	0.63909	4.01818	3.02021		
09:17:57	425	200	427	202	1149	0.63979	4.01817	3.02399		
09:18:07	425	200	427	201	1140	0.63861	4.01815	3.01751		
09:18:17	425	200	428	201	1130	0.63843	4.01812	3.01651		
09:18:27	425	200	428	202	1121	0.63989	4.01819	3.02455		
09:18:37	425	200	428	201	1111	0.63871	4.01815	3.01806		
09:18:47	425	200	429	201	1102	0.63973	4.01814	3.02366		
09:18:57	425	200	430	203	1092	0.64185	4.01814	3.03528		
09:19:07	425	200	431	204	1083	0.64323	4.01812	3.04281		
09:19:17	425	200	432	204	1073	0.64282	4.01814	3.04057		
09:19:27	425	200	433	204	1064	0.64300	4.01807	3.04151		
09:19:37	425	200	434	204	1054	0.64267	4.01693	3.03884		
09:19:47	425	200	435	202	1046	0.64083	4.01697	3.02879		
09:19:57	425	200	435	203	1037	0.64139	4.01701	3.03191		
09:20:07	425	200	436	203	1028	0.64209	4.01705	3.03578		
09:20:17	425	200	436	203	1020	0.64235	4.01704	3.03719		
09:20:27	425	200	436	202	1012	0.64117	4.01705	3.03071		
09:20:37	425	200	436	203	1005	0.64138	4.01700	3.03183		
09:20:47	425	200	436	202	997	0.64064	4.01700	3.02777		
09:20:57	425	200	436	202	990	0.64062	4.01702	3.02769		
09:21:07	425	200	437	203	983	0.64193	4.01703	3.03487		
09:21:17	425	200	437	204	975	0.64274	4.01704	3.03932		
09:21:27	425	200	438	203	969	0.64255	4.01705	3.03828		
09:21:37	425	200	438	202	962	0.64001	4.01696	3.02429		
09:21:47	425	200	438	201	955	0.63951	4.01706	3.02162		
09:21:57	425	200	438	202	949	0.64055	4.01703	3.02733		
09:22:07	425	200	438	201	943	0.63964	4.01698	3.02229		
09:22:17	425	200	438	203	936	0.64175	4.01705	3.03391		
09:22:27	425	200	438	203	930	0.64176	4.01765	3.03438		
09:22:37	425	200	439	204	924	0.64275	4.01824	3.04028		
09:22:47	425	200	440	204	918	0.64381	4.01823	3.04608		
09:22:57	425	200	441	203	913	0.64187	4.01829	3.03551		
09:23:07	425	200	441	203	907	0.64121	4.01826	3.03184		
09:23:17	425	200	442	203	901	0.64194	4.01828	3.03585		
09:23:27	425	200	442	204	896	0.64273	4.01827	3.04018		
09:23:37	425	200	443	203	891	0.64240	4.01828	3.03837		
09:23:47	425	200	443	204	887	0.64287	4.01829	3.04099		
09:23:57	425	200	443	203	882	0.64142	4.01828	3.03301		
09:24:07	425	200	443	202	878	0.64115	4.01828	3.03153		
09:24:17	425	200	443	202	874	0.64014	4.01834	3.02605		
09:24:27	425	200	443	202	870	0.64032	4.01834	3.02706		
09:24:37	425	200	442	202	866	0.64008	4.01835	3.02572		
09:24:47	425	200	442	202	862	0.63995	4.01837	3.02504		
09:24:57	425	200	442	202	859	0.63994	4.01840	3.02501		
09:25:07	425	200	442	201	856	0.63939	4.01835	3.02195		
09:25:17	425	200	442	202	854	0.64108	4.01840	3.03127		
09:25:27	425	200	442	203	851	0.64145	4.01841	3.03329		
09:25:37	425	200	443	203	849	0.64153	4.01836	3.03368		
09:25:47	425	200	443	202	848	0.64078	4.01847	3.02965		
09:25:57	425	200	444	202	846	0.64087	4.01847	3.03013		
09:26:07	425	200	444	202	844	0.64077	4.01846	3.02957		
09:26:17	425	200	444	203	843	0.64147	4.01846	3.03341		
09:26:27	425	200	444	202	841	0.64112	4.01849	3.03156		
09:26:37	425	200	444	202	840	0.64083	4.01854	3.02998		
09:26:47	425	200	444	202	839	0.64074	4.01855	3.02950		
09:26:57	425	200	444	202	838	0.64072	4.01856	3.02937		
09:27:07	425	200	444	202	838	0.64053	4.01853	3.02833		
09:27:17	425	200	444	201	837	0.63962	4.01854	3.02337		
09:27:27	425	200	444	201	837	0.63972	4.01858	3.02393		
09:27:37	425	200	444	202	836	0.63987	4.01864	3.02482		
09:27:47	425	200	443	201	836	0.63974	4.01864	3.02408		
09:27:57	425	200	443	202	836	0.63991	4.01862	3.02503		
09:28:07	425	200	443	201	836	0.63970	4.01863	3.02387		
09:28:17	425	200	443	202	836	0.63986	4.01867	3.02477		
09:28:27	425	200	443	202	836	0.64017	4.01866	3.02648		
09:28:37	425	200	443	202	837	0.64012	4.01868	3.02620		
09:28:47	425	200	443	202	837	0.63985	4.01865	3.02471		
09:28:57	425	200	443	202	837	0.64004	4.01871	3.02578		
09:29:07	425	200	444	202	837	0.64086	4.01868	3.03028		
09:29:17	425	200	444	203	838	0.64209	4.01875	3.03704		
09:29:27	425	200	445	203	837	0.64240	4.01872	3.03873		
09:29:37	425	200	445	203	837	0.64208	4.01868	3.03696		
09:29:47	425	200	445	202	837	0.64105	4.01872	3.03132		
09:29:57	425	200	445	202	837	0.64093	4.01876	3.03068		
09:30:07	425	200	445	202	837	0.64084	4.01875	3.03021		
09:30:17	425	200	445	202	837	0.64072	4.01879	3.02958		
09:30:27	425	200	445	202	837	0.64031	4.01888	3.02739		
09:30:37	425	200	444	202	837	0.64075	4.01886	3.02978		
09:30:47	425	200	444	202	837	0.64105	4.01886	3.03141		
09:30:57	425	200	444	203	837	0.64118	4.01884	3.03214		
09:31:07	425	200	444	203	836	0.64138	4.01889	3.03325		
09:31:17	425	200	445	203	836	0.64150	4.01892	3.03395		
09:31:27	425	200	445	203	835	0.64137	4.01893	3.03324		
09:31:37	425	200	445	203	835	0.64126	4.01888	3.03258		
09:31:47	425	200	445	202	834	0.64043	4.01890	3.02807		
09:31:57	425	200	444	202	834	0.64024	4.01893	3.02707		
09:32:07	425	200	444	202	833	0.63989	4.01890	3.02511		
09:32:17	425	200	444	202	832	0.64002	4.01892	3.02581		
09:32:27	425	200	444	202	831	0.64049	4.01893	3.02841		
09:32:37	425	200	444	202	830	0.64063	4.01891	3.02916		
09:32:47	425	200	444	202	829	0.64102	4.01899	3.03138		
09:32:57	425	200	444	202	827	0.64109	4.01899	3.03173		
09:33:07	425	200	444	202	826	0.63990	4.01902	3.02524		
09:33:17	425	200	444	201	824	0.63943	4.01904	3.02267		
09:33:27	425	200	444	201	822	0.63963	4.01903	3.02378		
09:33:37	425	200	444	201	820	0.63911	4.01907	3.02098		
09:33:47	425	200	444	201	819	0.63897	4.01908	3.02021		
09:33:57	425	200	443	200	817	0.63832	4.01911	3.01668		
09:34:07	425	175	443	200	814	0.63809	4.01906	3.01536		
09:34:17	425	175	443	201	811	0.63842	4.01910	3.01723		
09:34:27	425	175	443	201	809	0.63884	4.01911	3.01951		
09:34:37	425	175	443	201	806	0.63916	4.01905	3.02120		
09:34:47	425	175	443	201	803	0.63921	4.01903	3.02147		
09:34:57	425	175	444	201	800	0.63920	4.01909	3.02145		
09:35:07	425	175	444	200	796	0.63834	4.01909	3.01675		
09:35:17	425	175	444	201	793	0.63871	4.01908	3.01878		
09:35:27	425	175	444	201	789	0.63851	4.01903	3.01765		
09:35:37	425	175	444	200	785	0.63734	4.01912	3.01128		
09:35:47	425	175	444	200	781	0.63727	4.01911	3.01092		
09:35:57	425	175	444	200	777	0.63768	4.01915	3.01319		
09:36:07	425	175	444	201	773	0.63835	4.01918	3.01691		
09:36:17	425	175	444	200	769	0.63778	4.01921	3.01377		
09:36:27	425	175	444	200	765	0.63785	4.01919	3.01414		
09:36:37	425	175	444	200	761	0.63736	4.01922	3.01149		
09:36:47	425	175	444	200	757	0.63726	4.01917	3.01090		
09:36:57	425	175	445	201	753	0.63882	4.01919	3.01948		
09:37:07	425	175	445	201	748	0.63949	4.01915	3.02312		
09:37:17	425	175	446	203	744	0.64179	4.01921	3.03573		
09:37:27	425	200	447	203	740	0.64126	4.01923	3.03285		
09:37:37	425	200	449	203	736	0.64206	4.01921	3.03724		
09:37:47	425	200	450	203	733	0.64156	4.01919	3.03445		
09:37:57	450	200	451	203	729	0.64186	4.01918	3.03611		
09:38:07	450	200	452	204	725	0.64309	4.01920	3.04288		
09:38:17	450	200	452	203	722	0.64207	4.01926	3.03733		
09:38:27	450	200	452	202	718	0.64118	4.01928	3.03245		
09:38:37	450	200	452	202	714	0.64012	4.01928	3.02667		
09:38:47	450	200	451	200	710	0.63770	4.01927	3.01337		
09:38:57	450	200	451	200	707	0.63704	4.01926	3.00979		
09:39:07	425	200	450	199	704	0.63689	4.01929	3.00895		
09:39:17	425	175	449	201	701	0.63856	4.01933	3.01816		
09:39:27	425	175	449	202	698	0.64020	4.01937	3.02718		
09:39:37	425	175	449	202	695	0.64019	4.01933	3.02708		
09:39:47	425	175	450	201	692	0.63968	4.01936	3.02430		
09:39:57	450	200	451	201	690	0.63960	4.02053	3.02477		
09:40:07	450	200	452	203	687	0.64181	4.02060	3.03693		
09:40:17	450	200	453	204	685	0.64264	4.02060	3.04144		
09:40:27	450	200	454	203	683	0.64207	4.02058	3.03830		
09:40:37	450	200	454	203	680	0.64185	4.02064	3.03717		
09:40:47	450	200	455	203	678	0.64122	4.02064	3.03370		
09:40:57	450	200	455	201	676	0.63954	4.02069	3.02455		
09:41:07	450	200	454	201	674	0.63842	4.02074	3.01843		
09:41:17	450	200	454	201	672	0.63865	4.02072	3.01968		
09:41:27	450	200	453	201	670	0.63873	4.02073	3.02011		
09:41:37	450	200	452	201	669	0.63907	4.02070	3.02199		
09:41:47	450	175	452	200	667	0.63802	4.02075	3.01624		
09:41:57	450	175	451	199	666	0.63657	4.02073	3.00828		
09:42:07	450	175	451	199	664	0.63677	4.02074	3.00941		
09:42:17	450	175	451	199	663	0.63672	4.02074	3.00912		
09:42:27	425	175	450	199	662	0.63635	4.02076	3.00713		
09:42:37	425	175	450	199	661	0.63685	4.02076	3.00986		
09:42:47	425	175	450	201	659	0.63954	4.02077	3.02457		
09:42:57	450	175	451	201	659	0.63974	4.02080	3.02572		
09:43:07	450	175	452	200	657	0.63830	4.02080	3.01782		
09:43:17	450	175	452	200	656	0.63745	4.02083	3.01320		
09:43:27	450	175	452	200	654	0.63780	4.02088	3.01516		
09:43:37	450	175	453	201	653	0.63853	4.02088	3.01917		
09:43:47	450	175	453	201	652	0.63864	4.02095	3.01979		
09:43:57	450	175	452	200	651	0.63789	4.02099	3.01570		
09:44:07	450	175	453	201	649	0.63855	4.02093	3.01932		
09:44:17	450	175	453	200	648	0.63749	4.02095	3.01352		
09:44:27	450	175	453	200	647	0.63743	4.02097	3.01321		
09:44:37	450	175	452	200	646	0.63716	4.02096	3.01170		
09:44:47	450	175	452	200	645	0.63723	4.02096	3.01207		
09:44:57	450	175	452	200	644	0.63744	4.02097	3.01323		
09:45:07	450	175	452	200	643	0.63712	4.02102	3.01153		
09:45:17	450	175	452	200	642	0.63729	4.02103	3.01245		
09:45:27	450	175	452	201	641	0.63844	4.02104	3.01877		
09:45:37	450	175	453	201	640	0.63906	4.02106	3.02218		
09:45:47	450	175	453	201	640	0.63865	4.02107	3.01994		
09:45:57	450	175	453	200	640	0.63693	4.02108	3.01051		
09:46:07	450	175	453	200	639	0.63711	4.02110	3.01154		
09:46:17	450	175	453	199	638	0.63653	4.02110	3.00835		
09:46:27	450	175	452	199	638	0.63611	4.02111	3.00607		
09:46:37	450	175	452	199	637	0.63565	4.02112	3.00357		
09:46:47	450	175	451	198	636	0.63509	4.02109	3.00048		
09:46:57	450	175	451	199	636	0.63569	4.02116	3.00381		
09:47:07	425	175	450	198	636	0.63505	4.02117	3.00030		
09:47:17	425	175	450	198	636	0.63495	4.02119	2.99978		
09:47:27	425	175	450	198	636	0.63479	4.02113	2.99884		
09:47:37	425	175	450	198	635	0.63532	4.02120	3.00179		
09:47:47	425	175	450	198	635	0.63509	4.02121	3.00054		
09:47:57	425	175	450	198	635	0.63467	4.02124	2.99827		
09:48:07	425	175	450	198	635	0.63514	4.02124	3.00083		
09:48:17	425	175	450	198	635	0.63514	4.02124	3.00083		
09:48:27	425	175	450	199	634	0.63562	4.02122	3.00347		
09:48:37	425	175	450	199	634	0.63563	4.02127	3.00353		
09:48:47	425	175	450	198	634	0.63528	4.02127	3.00165		
09:48:57	450	175	451	199	634	0.63552	4.02124	3.00295		
09:49:07	450	175	451	198	633	0.63523	4.02122	3.00131		
09:49:17	450	175	451	199	633	0.63552	4.02122	3.00293		
09:49:27	450	175	451	199	633	0.63583	4.02125	3.00462		
09:49:37	450	175	451	199	632	0.63601	4.02128	3.00562		
09:49:47	450	175	451	199	632	0.63551	4.02123	3.00286		
09:49:57	450	175	451	198	631	0.63508	4.02129	3.00056		
09:50:07	450	175	451	198	631	0.63531	4.02137	3.00188		
09:50:17	450	175	451	199	630	0.63591	4.02133	3.00511		
09:50:27	450	175	451	198	630	0.63497	4.02128	2.99995		
09:50:37	450	175	451	199	629	0.63555	4.02128	3.00311		
09:50:47	450	175	451	199	629	0.63586	4.02128	3.00484		
09:50:57	450	175	451	199	628	0.63608	4.02130	3.00601		
09:51:07	450	175	451	199	627	0.63664	4.02131	3.00911		
09:51:17	450	175	451	199	626	0.63575	4.02131	3.00426		
09:51:27	450	175	452	199	624	0.63579	4.02132	3.00448		
09:51:37	450	175	452	198	623	0.63537	4.02138	3.00221		
09:51:47	450	175	452	199	622	0.63579	4.02135	3.00449		
09:51:57	450	175	452	198	621	0.63525	4.02137	3.00155		
09:52:07	450	175	452	199	620	0.63550	4.02141	3.00296		
09:52:17	450	175	452	199	619	0.63551	4.02140	3.00301		
09:52:27	450	175	452	198	618	0.63506	4.02139	3.00051		
09:52:37	450	175	451	197	616	0.63383	4.02142	2.99378		
09:52:47	450	175	451	197	615	0.63386	4.02141	2.99393		
09:52:57	450	175	451	198	613	0.63458	4.02147	2.99792		
09:53:07	450	175	451	198	611	0.63448	4.02144	2.99735		
09:53:17	450	175	451	198	609	0.63481	4.02152	2.99926		
09:53:27	450	175	451	199	608	0.63556	4.02150	3.00332		
09:53:37	450	175	451	198	606	0.63521	4.02152	3.00144		
09:53:47	450	175	452	198	604	0.63542	4.02272	3.00346		
09:53:57	450	175	452	198	602	0.63516	4.02279	3.00210		
09:54:07	450	175	452	198	600	0.63528	4.02279	3.00274		
09:54:17	450	175	453	198	598	0.63535	4.02278	3.00314		
09:54:27	450	175	453	198	596	0.63545	4.02276	3.00367		
09:54:37	450	175	453	199	594	0.63575	4.02280	3.00533		
09:54:47	450	175	453	199	592	0.63566	4.02279	3.00483		
09:54:57	450	175	453	197	589	0.63392	4.02284	2.99537		
09:55:07	450	175	453	197	587	0.63343	4.02285	2.99269		
09:55:17	450	175	453	197	584	0.63361	4.02285	2.99368		
09:55:27	450	175	452	198	582	0.63429	4.02285	2.99740		
09:55:37	450	175	452	198	579	0.63446	4.02294	2.99836		
09:55:47	450	175	452	198	577	0.63410	4.02293	2.99642		
09:55:57	450	175	453	198	574	0.63453	4.02292	2.99874		
09:56:07	450	175	453	198	571	0.63480	4.02294	3.00024		
09:56:17	450	175	454	199	568	0.63572	4.02299	3.00533		
09:56:27	450	175	454	198	566	0.63431	4.02297	2.99757		
09:56:37	450	175	454	197	563	0.63327	4.02295	2.99184		
09:56:47	450	175	454	197	560	0.63328	4.02294	2.99191		
09:56:57	450	175	454	197	557	0.63358	4.02294	2.99355		
09:57:07	450	175	454	197	554	0.63343	4.02294	2.99273		
09:57:17	450	175	454	197	551	0.63356	4.02295	2.99348		
09:57:27	450	175	454	197	548	0.63331	4.02298	2.99209		
09:57:37	450	175	454	197	545	0.63287	4.02302	2.98971		
09:57:47	450	175	455	197	542	0.63285	4.02309	2.98968		
09:57:57	450	175	455	197	539	0.63259	4.02310	2.98824		
09:58:07	450	175	455	197	536	0.63333	4.02306	2.99228		
09:58:17	450	175	455	197	533	0.63355	4.02305	2.99347		
09:58:27	450	175	455	197	531	0.63329	4.02306	2.99205		
09:58:37	450	175	455	197	528	0.63321	4.02307	2.99164		
09:58:47	450	175	456	197	525	0.63313	4.02309	2.99118		
09:58:57	450	175	456	197	522	0.63275	4.02309	2.98914		
09:59:07	450	175	456	197	519	0.63257	4.02311	2.98813		
09:59:17	450	175	456	197	516	0.63334	4.02311	2.99235		
09:59:27	450	175	456	197	514	0.63298	4.02312	2.99041		
09:59:37	450	175	457	197	511	0.63304	4.02315	2.99074		
09:59:47	450	175	457	196	508	0.63240	4.02319	2.98725		
09:59:57	450	175	457	196	505	0.63237	4.02318	2.98711		
10:00:07	450	175	457	196	502	0.63245	4.02321	2.98754		
10:00:17	450	175	457	197	499	0.63255	4.02319	2.98808		
10:00:27	450	175	457	197	496	0.63259	4.02315	2.98830		
10:00:37	450	175	458	197	494	0.63267	4.02315	2.98872		
10:00:47	450	175	458	197	491	0.63291	4.02317	2.99005		
10:00:57	450	175	459	197	488	0.63358	4.02313	2.99368		
10:01:07	450	175	459	197	485	0.63349	4.02311	2.99320		
10:01:17	450	175	460	197	482	0.63330	4.02311	2.99216		
10:01:27	450	175	460	197	480	0.63323	4.02315	2.99182		
10:01:37	450	175	460	197	477	0.63316	4.02309	2.99136		
10:01:47	450	175	461	197	474	0.63349	4.02314	2.99324		
10:01:57	450	175	461	197	471	0.63325	4.02319	2.99193		
10:02:07	450	175	461	197	468	0.63308	4.02320	2.99099		
10:02:17	450	175	461	197	466	0.63278	4.02317	2.98933		
10:02:27	450	175	461	197	463	0.63277	4.02320	2.98933		
10:02:37	450	175	462	197	460	0.63282	4.02321	2.98957		
10:02:47	450	175	462	197	457	0.63297	4.02319	2.99041		
10:02:57	450	175	462	197	454	0.63318	4.02320	2.99158		
10:03:07	450	175	462	197	451	0.63296	4.02323	2.99040		
10:03:17	450	175	462	197	449	0.63315	4.02321	2.99139		
10:03:27	450	175	463	197	446	0.63301	4.02321	2.99065		
10:03:37	450	175	463	197	443	0.63311	4.02322	2.99117		
10:03:47	450	175	463	197	440	0.63356	4.02318	2.99362		
10:03:57	450	175	464	197	437	0.63359	4.02320	2.99379		
10:04:07	450	175	464	197	435	0.63351	4.02321	2.99340		
10:04:17	450	175	465	197	432	0.63356	4.02320	2.99364		
10:04:27	450	175	465	197	429	0.63369	4.02319	2.99434		
10:04:37	450	175	465	197	427	0.63343	4.02317	2.99289		
10:04:47	450	175	466	197	424	0.63344	4.02319	2.99295		
10:04:57	450	175	466	197	422	0.63335	4.02324	2.99250		
10:05:07	450	175	466	197	419	0.63367	4.02319	2.99424		
10:05:17	450	175	467	197	417	0.63395	4.02315	2.99575		
10:05:27	450	175	467	198	414	0.63410	4.02323	2.99663		
10:05:37	450	175	468	198	412	0.63401	4.02321	2.99614		
10:05:47	450	175	468	197	409	0.63398	4.02321	2.99595		
10:05:57	450	175	468	197	407	0.63374	4.02318	2.99459		
10:06:07	450	175	468	197	405	0.63372	4.02314	2.99446		
10:06:17	450	175	469	197	403	0.63369	4.02316	2.99432		
10:06:27	450	175	469	197	400	0.63371	4.02317	2.99444		
10:06:37	450	175	469	197	398	0.63392	4.02318	2.99562		
10:06:47	450	175	469	198	396	0.63405	4.02319	2.99632		
10:06:57	450	175	470	198	394	0.63432	4.02319	2.99778		
10:07:07	450	175	470	198	392	0.63450	4.02320	2.99881		
10:07:17	450	175	471	198	390	0.63460	4.02323	2.99934		
10:07:27	450	175	471	198	388	0.63474	4.02318	3.00010		
10:07:37	450	175	471	198	386	0.63466	4.02319	2.99965		
10:07:47	450	175	472	198	385	0.63492	4.02320	3.00108		
10:07:57	450	175	472	198	383	0.63516	4.02320	3.00242		
10:08:07	450	175	473	198	381	0.63501	4.02315	3.00157		
10:08:17	450	175	473	199	380	0.63550	4.02313	3.00421		
10:08:27	450	175	473	199	378	0.63575	4.02316	3.00564		
10:08:37	450	175	474	199	377	0.63565	4.02315	3.00506		
10:08:47	450	175	474	199	375	0.63615	4.02315	3.00783		
10:08:57	450	175	475	199	374	0.63630	4.02315	3.00861		
10:09:07	450	175	475	199	372	0.63597	4.02317	3.00683		
10:09:17	450	175	475	199	371	0.63622	4.02315	3.00819		
10:09:27	450	175	475	199	370	0.63618	4.02315	3.00797		
10:09:37	475	175	476	199	369	0.63627	4.02313	3.00846		
10:09:47	475	175	476	199	367	0.63611	4.02315	3.00759		
10:09:57	475	175	476	199	366	0.63614	4.02314	3.00774		
10:10:07	475	175	476	199	365	0.63615	4.02313	3.00780		
10:10:17	475	175	476	199	364	0.63565	4.02315	3.00506		
10:10:27	475	175	477	199	363	0.63601	4.02312	3.00701		
10:10:37	475	175	477	199	362	0.63664	4.02311	3.01047		
10:10:47	475	175	477	199	361	0.63618	4.02307	3.00791		
10:10:57	475	175	477	200	360	0.63702	4.02310	3.01251		
10:11:07	475	175	478	201	360	0.63857	4.02312	3.02105		
10:11:17	475	175	479	201	359	0.63905	4.02311	3.02365		
10:11:27	475	175	480	201	358	0.63972	4.02314	3.02739		
10:11:37	475	175	481	202	358	0.64056	4.02312	3.03195		
10:11:47	475	200	481	201	357	0.63945	4.02311	3.02587		
10:11:57	475	200	482	201	356	0.63896	4.02307	3.02316		
10:12:07	475	200	482	201	355	0.63936	4.02309	3.02537		
10:12:17	475	200	482	201	354	0.63944	4.02307	3.02576		
10:12:27	475	200	482	201	353	0.63936	4.02308	3.02534		
10:12:37	475	200	482	201	352	0.63949	4.02302	3.02603		
10:12:47	475	200	482	201	352	0.63942	4.02303	3.02562		
10:12:57	475	200	483	202	351	0.63991	4.02306	3.02835		
10:13:07	475	200	483	202	350	0.64052	4.02302	3.03165		
10:13:17	475	200	483	202	349	0.63996	4.02305	3.02863		
10:13:27	475	200	484	202	349	0.64032	4.02303	3.03060		
10:13:37	475	200	484	202	348	0.64062	4.02307	3.03225		
10:13:47	475	200	484	203	347	0.64130	4.02303	3.03597		
10:13:57	475	200	485	203	347	0.64182	4.02306	3.03883		
10:14:07	475	200	485	203	347	0.64185	4.02307	3.03899		
10:14:17	475	200	486	203	346	0.64164	4.02310	3.03784		
10:14:27	475	200	486	203	346	0.64188	4.02312	3.03918		
10:14:37	475	200	486	203	345	0.64182	4.02309	3.03886		
10:14:47	475	200	487	203	345	0.64165	4.02306	3.03789		
10:14:57	475	200	487	203	344	0.64186	4.02308	3.03904		
10:15:07	475	200	487	203	343	0.64189	4.02308	3.03922		
10:15:17	475	200	487	203	343	0.64212	4.02305	3.04047		
10:15:27	475	200	487	203	343	0.64211	4.02312	3.04044		
10:15:37	475	200	487	203	342	0.64220	4.02309	3.04090		
10:15:47	475	200	487	203	342	0.64202	4.02314	3.03999		
10:15:57	475	200	488	204	342	0.64261	4.02311	3.04320		
10:16:07	475	200	488	204	341	0.64259	4.02307	3.04304		
10:16:17	475	200	488	204	341	0.64277	4.02307	3.04405		
10:16:27	475	200	488	204	341	0.64308	4.02308	3.04573		
10:16:37	475	200	489	204	341	0.64387	4.02303	3.05005		
10:16:47	475	200	489	204	341	0.64360	4.02305	3.04858		
10:16:57	475	200	489	204	341	0.64374	4.02309	3.04935		
10:17:07	475	200	489	205	341	0.64401	4.02305	3.05080		
10:17:17	475	200	490	205	341	0.64453	4.02307	3.05368		
10:17:27	475	200	490	205	341	0.64443	4.02304	3.05310		
10:17:37	475	200	490	205	341	0.64432	4.02306	3.05255		
10:17:47	475	200	490	205	341	0.64443	4.02307	3.05311		
10:17:57	475	200	491	205	341	0.64448	4.02307	3.05342		
10:18:07	475	200	491	205	341	0.64474	4.02307	3.05485		
10:18:17	475	200	491	205	341	0.64490	4.02310	3.05575		
10:18:27	475	200	491	205	341	0.64440	4.02306	3.05299		
10:18:37	475	200	491	205	341	0.64447	4.02309	3.05338		
10:18:47	475	200	491	205	341	0.64460	4.02311	3.05407		
10:18:57	475	200	491	205	341	0.64427	4.02311	3.05229		
10:19:07	475	200	491	205	342	0.64435	4.02309	3.05269		
10:19:17	475	200	491	205	342	0.64417	4.02314	3.05178		
10:19:27	475	200	491	205	342	0.64467	4.02309	3.05448		
10:19:37	475	200	491	205	342	0.64459	4.02309	3.05402		
10:19:47	475	200	491	205	343	0.64446	4.02318	3.05341		
10:19:57	475	200	490	204	343	0.64393	4.02317	3.05048		
10:20:07	475	200	490	204	343	0.64320	4.02320	3.04648		
10:20:17	475	200	490	204	344	0.64362	4.02317	3.04877		
10:20:27	475	200	490	204	344	0.64384	4.02316	3.04997		
10:20:37	475	200	490	205	344	0.64418	4.02316	3.05181		
10:20:47	475	200	489	205	345	0.64414	4.02318	3.05161		
10:20:57	475	200	489	205	344	0.64401	4.02319	3.05092		
10:21:07	475	200	490	204	344	0.64382	4.02315	3.04984		
10:21:17	475	200	490	204	346	0.64378	4.02319	3.04967		
10:21:27	475	200	489	204	346	0.64357	4.02322	3.04852		
10:21:37	475	200	489	204	347	0.64358	4.02321	3.04857		
10:21:47	475	200	489	204	347	0.64366	4.02323	3.04905		
10:21:57	475	200	489	204	347	0.64391	4.02323	3.05041		
10:22:07	475	200	489	205	348	0.64400	4.02324	3.05088		
10:22:17	475	200	489	205	349	0.64410	4.02322	3.05144		
10:22:27	475	200	489	205	349	0.64413	4.02320	3.05159		
10:22:37	475	200	489	204	350	0.64391	4.02323	3.05043		
10:22:47	475	200	489	204	350	0.64363	4.02318	3.04882		
10:22:57	475	200	489	204	351	0.64348	4.02320	3.04805		
10:23:07	475	200	489	204	352	0.64374	4.02318	3.04944		
10:23:17	475	200	489	205	353	0.64441	4.02321	3.05313		
10:23:27	475	200	489	205	354	0.64493	4.02323	3.05601		
10:23:37	475	200	489	205	355	0.64495	4.02324	3.05611		
10:23:47	475	200	489	205	356	0.64530	4.02325	3.05805		
10:23:57	475	200	490	206	357	0.64563	4.02319	3.05981		
10:24:07	475	200	490	206	358	0.64584	4.02324	3.06102		
10:24:17	475	200	490	206	359	0.64611	4.02322	3.06244		
10:24:27	475	200	490	206	360	0.64579	4.02323	3.06071		
10:24:37	475	200	490	205	360	0.64465	4.02320	3.05442		
10:24:47	475	200	489	204	361	0.64279	4.02325	3.04429		
10:24:57	475	200	489	206	362	0.64570	4.02327	3.06024		
10:25:07	475	200	489	206	363	0.64560	4.02327	3.05972		
10:25:17	475	200	489	205	363	0.64430	4.02325	3.05257		
10:25:27	475	200	488	204	364	0.64319	4.02321	3.04646		
10:25:37	475	200	487	204	364	0.64310	4.02327	3.04597		
10:25:47	475	200	487	203	365	0.64231	4.02329	3.04169		
10:25:57	475	200	486	203	366	0.64253	4.02325	3.04284		
10:26:07	475	200	486	205	367	0.64478	4.02328	3.05519		
10:26:17	475	200	486	205	368	0.64491	4.02329	3.05591		
10:26:27	475	200	486	205	369	0.64516	4.02325	3.05730		
10:26:37	475	200	487	205	369	0.64527	4.02327	3.05787		
10:26:47	475	200	488	206	370	0.64553	4.02325	3.05931		
10:26:57	475	200	488	205	370	0.64522	4.02326	3.05763		
10:27:07	475	200	488	206	371	0.64552	4.02327	3.05924		
10:27:17	475	200	488	206	371	0.64565	4.02332	3.06001		
10:27:27	475	200	488	206	371	0.64578	4.02329	3.06073		
10:27:37	475	200	488	206	372	0.64576	4.02332	3.06061		
10:27:47	475	200	488	206	372	0.64565	4.02321	3.05995		
10:27:57	475	200	489	206	372	0.64583	4.02326	3.06093		
10:28:07	475	200	489	206	372	0.64597	4.02322	3.06171		
10:28:17	475	200	488	205	372	0.64468	4.02326	3.05465		
10:28:27	475	200	488	205	372	0.64476	4.02329	3.05511		
10:28:37	475	200	488	206	372	0.64564	4.02322	3.05987		
10:28:47	475	200	488	206	371	0.64543	4.02330	3.05880		
10:28:57	475	200	488	205	371	0.64435	4.02327	3.05287		
10:29:07	475	200	487	205	371	0.64414	4.02334	3.05177		
10:29:17	475	200	488	205	371	0.64503	4.02325	3.05658		
10:29:27	475	200	488	206	371	0.64617	4.02328	3.06285		
10:29:37	475	200	488	206	371	0.64630	4.02331	3.06359		
10:29:47	475	200	488	206	370	0.64626	4.02334	3.06339		
10:29:57	475	200	489	206	370	0.64632	4.02335	3.06370		
10:30:07	475	200	489	206	370	0.64632	4.02335	3.06370		
10:30:17	475	200	490	206	370	0.64632	4.02335	3.06370		


			DELHI AIRPORT : 30 m Base line


Time	RVR	 MOR	RVR	MOR	BLM	Trf	 Ref(v)	PD(v)
	(limited)	(limited)	(actual)	(actual)



			DELHI AIRPORT : 30 m Base line


Time	RVR	 MOR	RVR	MOR	BLM	Trf	 Ref(v)	PD(v)
	(limited)	(limited)	(actual)	(actual)

22:57:36	525	125	90	141	2	0.52872	4.05612	2.43868		
22:57:46	525	125	181	141	2	0.52872	4.05612	2.43868		
