

			DELHI AIRPORT : RWY 11 Beg


Time	RVR	 MOR	RVR	MOR	BLM	Trf	 DC(v)	PD(v)
	(limited)	(limited)	(actual)	(actual)

00:00:13	2000	900	2587	929	2	0.90765	3.09408	3.61994		
00:00:23	2000	900	2619	1017	2	0.91533	3.09257	3.65202		
00:00:33	2000	950	2663	974	2	0.91175	3.09151	3.63499		
00:00:43	2000	950	2679	944	2	0.90910	3.09126	3.62301		
00:00:53	2000	950	2685	980	2	0.91222	3.09107	3.63654		
00:01:03	2000	950	2708	1002	2	0.91408	3.09106	3.64474		
00:01:13	2000	950	2721	964	2	0.91084	3.09086	3.63021		
00:01:23	2000	950	2688	929	2	0.90765	3.09081	3.61611		
00:01:33	2000	950	2659	896	2	0.90448	3.09095	3.60229		
00:01:43	2000	900	2653	928	2	0.90755	3.09102	3.61588		
00:01:53	2000	900	2650	973	2	0.91164	3.09096	3.63386		
00:02:03	2000	950	2693	1118	2	0.92269	3.09120	3.68285		
00:02:13	2000	950	2758	1140	2	0.92412	3.09131	3.68929		
00:02:23	2000	1000	2774	972	2	0.91153	3.09149	3.63398		
00:02:33	2000	1000	2808	986	2	0.91280	3.09108	3.63910		
00:02:43	2000	1000	2790	881	2	0.90287	3.09118	3.59543		
00:02:53	2000	950	2718	784	2	0.89154	3.09139	3.54574		
00:03:03	2000	900	2578	749	2	0.88680	3.09129	3.52472		
00:03:13	2000	850	2426	738	2	0.88524	3.09129	3.51782		
00:03:23	2000	800	2314	682	2	0.87639	3.09124	3.47874		
00:03:33	2000	750	2224	752	2	0.88726	3.09103	3.52644		
00:03:43	2000	725	2177	760	2	0.88831	3.09097	3.53102		
00:03:53	2000	725	2158	735	2	0.88480	3.09088	3.51541		
00:04:03	2000	700	2128	676	2	0.87538	3.08941	3.47226		
00:04:13	2000	725	2138	763	2	0.88869	3.08810	3.52941		
00:04:23	2000	725	2169	760	2	0.88837	3.08784	3.52769		
00:04:33	2000	725	2174	763	2	0.88878	3.08712	3.52870		
00:04:43	2000	725	2167	744	2	0.88601	3.08701	3.51634		
00:04:53	2000	725	2185	779	2	0.89087	3.08683	3.53756		
00:05:03	2000	750	2212	745	2	0.88617	3.08646	3.51643		
00:05:13	2000	750	2238	828	2	0.89698	3.08675	3.56436		
00:05:23	2000	775	2259	815	2	0.89550	3.08661	3.55770		
00:05:33	2000	775	2306	883	2	0.90313	3.08649	3.59116		
00:05:43	2000	800	2361	885	2	0.90330	3.08655	3.59195		
00:05:53	2000	800	2388	849	2	0.89936	3.08686	3.57498		
00:06:03	2000	850	2433	860	2	0.90068	3.08664	3.58052		
00:06:13	2000	850	2454	881	2	0.90293	3.08717	3.59104		
00:06:23	2000	850	2471	860	2	0.90059	3.08678	3.58031		
00:06:33	2000	850	2447	822	2	0.89627	3.08678	3.56128		
00:06:43	2000	800	2399	762	2	0.88861	3.08689	3.52765		
00:06:53	2000	800	2413	883	2	0.90309	3.08674	3.59127		
00:07:03	2000	800	2387	795	2	0.89291	3.08706	3.54679		
00:07:13	2000	800	2345	774	2	0.89028	3.08702	3.53515		
00:07:23	2000	800	2317	787	2	0.89192	3.08704	3.54243		
00:07:33	2000	775	2292	758	2	0.88810	3.08712	3.52569		
00:07:43	2000	775	2298	777	2	0.89062	3.08699	3.53663		
00:07:53	2000	750	2250	759	2	0.88817	3.08695	3.52580		
00:08:03	2000	750	2249	791	2	0.89249	3.08682	3.54467		
00:08:13	2000	775	2259	802	2	0.89382	3.08657	3.55024		
00:08:23	2000	775	2262	793	2	0.89272	3.08589	3.54463		
00:08:33	2000	775	2292	836	2	0.89793	3.08381	3.56513		
00:08:43	2000	800	2321	852	2	0.89971	3.08424	3.57348		
00:08:53	2000	800	2362	862	2	0.90091	3.08336	3.57774		
00:09:03	2000	800	2385	851	2	0.89965	3.08322	3.57201		
00:09:13	2000	850	2435	932	2	0.90793	3.08371	3.60900		
00:09:23	2000	850	2491	940	2	0.90869	3.08287	3.61139		
00:09:33	2000	900	2554	1001	2	0.91405	3.08280	3.63488		
00:09:43	2000	900	2627	1044	2	0.91744	3.08284	3.64981		
00:09:53	2000	900	2630	873	2	0.90203	3.08294	3.58216		
00:10:03	2000	900	2619	821	2	0.89616	3.08323	3.55671		
00:10:13	2000	900	2617	927	2	0.90752	3.08334	3.60677		
00:10:23	2000	900	2635	987	2	0.91282	3.08314	3.62987		
00:10:33	2000	900	2599	908	2	0.90560	3.08347	3.59851		
00:10:43	2000	850	2471	709	2	0.88084	3.08375	3.48991		
00:10:53	2000	800	2411	719	2	0.88240	3.08365	3.49666		
00:11:03	2000	800	2410	819	2	0.89588	3.08390	3.55623		
00:11:13	2000	800	2418	950	2	0.90958	3.08404	3.61665		
00:11:23	2000	800	2388	905	2	0.90531	3.08416	3.59804		
00:11:33	2000	800	2375	876	2	0.90231	3.08375	3.58434		
00:11:43	2000	800	2397	765	2	0.88898	3.08402	3.52600		
00:11:53	2000	850	2479	930	2	0.90773	3.08420	3.60870		
00:12:03	2000	850	2492	851	2	0.89970	3.08422	3.57340		
00:12:13	2000	850	2440	813	2	0.89522	3.08415	3.55361		
00:12:23	2000	850	2434	889	2	0.90377	3.08439	3.59151		
00:12:33	2000	850	2442	899	2	0.90470	3.08452	3.59575		
00:12:43	2000	850	2520	966	2	0.91101	3.08435	3.62331		
00:12:53	2000	850	2491	855	2	0.90007	3.08444	3.57528		
00:13:03	2000	850	2516	917	2	0.90650	3.08424	3.60337		
00:13:13	2000	900	2573	962	2	0.91065	3.08404	3.62139		
00:13:23	2000	900	2609	986	2	0.91278	3.08296	3.62946		
00:13:33	2000	950	2731	1231	2	0.92951	3.08293	3.70303		
00:13:43	2000	1000	2817	1200	2	0.92774	3.08204	3.69418		
00:13:53	2000	1050	2904	1087	2	0.92055	3.08067	3.66094		
00:14:03	2000	1050	2968	1091	2	0.92080	3.08025	3.66151		
00:14:13	2000	1100	3035	1144	2	0.92435	3.08004	3.67687		
00:14:23	2000	1150	3140	1278	2	0.93200	3.08011	3.71055		
00:14:33	2000	1150	3135	1215	2	0.92863	3.08006	3.69569		
00:14:43	2000	1150	3150	1243	2	0.93015	3.08004	3.70236		
00:14:53	2000	1200	3302	1522	2	0.94259	3.08000	3.75694		
00:15:03	2000	1300	3333	1408	2	0.93807	3.08009	3.73723		
00:15:13	2000	1300	3333	1172	2	0.92607	3.08003	3.68441		
00:15:23	2000	1200	3333	1179	2	0.92651	3.08002	3.68633		
00:15:33	2000	1300	3333	1315	2	0.93385	3.07988	3.71840		
00:15:43	2000	1300	3333	1234	2	0.92969	3.07990	3.70015		
00:15:53	2000	1200	3259	1059	2	0.91851	3.07972	3.65085		
00:16:03	2000	1100	3093	945	2	0.90915	3.07992	3.60995		
00:16:13	2000	1150	3112	1224	2	0.92911	3.07961	3.69728		
00:16:23	2000	1150	3152	1292	2	0.93273	3.07984	3.71344		
00:16:33	2000	1200	3117	1511	11	0.94218	3.07990	3.75503		
00:16:43	2000	1200	3269	1682	2	0.94789	3.08002	3.78026		
00:16:53	2000	1400	3333	1890	2	0.95350	3.07994	3.80481		
00:17:03	2000	1600	3333	2056	2	0.95717	3.07996	3.82098		
00:17:13	2000	1700	3333	2085	2	0.95775	3.07970	3.82319		
00:17:23	2000	1800	3333	2030	2	0.95664	3.07964	3.81825		
00:17:33	2000	1900	3333	2240	2	0.96062	3.07957	3.83563		
00:17:43	2000	2000	3333	2246	2	0.96072	3.07955	3.83605		
00:17:53	2000	2100	3333	2250	2	0.96078	3.07924	3.83594		
00:18:03	2000	2100	3333	2285	2	0.96138	3.07853	3.83770		
00:18:13	2000	2200	3333	2211	2	0.96011	3.07800	3.83144		
00:18:23	2000	2200	3333	2546	2	0.96526	3.07788	3.85393		
00:18:33	2000	2300	3333	2361	2	0.96259	3.07744	3.84165		
00:18:43	2000	2300	3333	2600	2	0.96598	3.07618	3.85493		
00:18:53	2000	2400	3333	2673	2	0.96689	3.07586	3.85852		
00:19:03	2000	2400	3333	2604	2	0.96602	3.07568	3.85451		
00:19:13	2000	2500	3333	2791	2	0.96827	3.07566	3.86434		
00:19:23	2000	2600	3333	3020	2	0.97064	3.07582	3.87495		
00:19:33	2000	2800	3333	3196	2	0.97224	3.07585	3.88198		
00:19:43	2000	2900	3333	3344	2	0.97345	3.07589	3.88734		
00:19:53	2000	3000	3333	3228	2	0.97250	3.07630	3.88372		
00:20:03	2000	3000	3333	3552	2	0.97498	3.07627	3.89455		
00:20:13	2000	3000	3333	3749	2	0.97628	3.07627	3.90025		
00:20:23	2000	3000	3333	4071	2	0.97814	3.07706	3.90940		
00:20:33	2000	3000	3333	3601	2	0.97531	3.07718	3.89717		
00:20:43	2000	3000	3333	3764	2	0.97637	3.07738	3.90206		
00:20:53	2000	3000	3333	3857	2	0.97693	3.07768	3.90491		
00:21:03	2000	3000	3333	3773	2	0.97643	3.07780	3.90286		
00:21:13	2000	3000	3333	3411	2	0.97396	3.07804	3.89232		
00:21:23	2000	3000	3333	3527	2	0.97480	3.07819	3.89621		
00:21:33	2000	3000	3333	3384	2	0.97376	3.07852	3.89202		
00:21:43	2000	3000	3333	3871	2	0.97702	3.07878	3.90668		
00:21:53	2000	3000	3333	4432	2	0.97990	3.07920	3.91986		
00:22:03	2000	3000	3333	3941	2	0.97742	3.07915	3.90892		
00:22:13	2000	3000	3333	3959	2	0.97752	3.07925	3.90949		
00:22:23	2000	3000	3333	4328	2	0.97942	3.07930	3.91788		
00:22:33	2000	3000	3333	4538	2	0.98036	3.07945	3.92223		
00:22:43	2000	3000	3333	5383	2	0.98342	3.07950	3.93571		
00:22:53	2000	3000	3333	5731	2	0.98442	3.07943	3.94001		
00:23:03	2000	3000	3333	5685	2	0.98429	3.07981	3.93995		
00:23:13	2000	3000	3333	5885	2	0.98482	3.07959	3.94200		
00:23:23	2000	3000	3333	6128	2	0.98542	3.07981	3.94490		
00:23:33	2000	3000	3333	6514	2	0.98628	3.07936	3.94809		
00:23:43	2000	3000	3333	6552	2	0.98636	3.07914	3.94816		
00:23:53	2000	3000	3333	6755	2	0.98676	3.07824	3.94879		
00:24:03	2000	3000	3333	7109	3	0.98742	3.07842	3.95190		
00:24:13	2000	3000	3333	7518	3	0.98810	3.07610	3.95191		
00:24:23	2000	3000	3333	7924	4	0.98871	3.07614	3.95462		
00:24:33	2000	3000	3333	6866	5	0.98698	3.07588	3.94670		
00:24:43	2000	3000	3333	6700	6	0.98666	3.07584	3.94524		
00:24:53	2000	3000	3333	6290	6	0.98579	3.07567	3.94123		
00:25:03	2000	3000	3333	6557	8	0.98637	3.07568	3.94377		
00:25:13	2000	3000	3333	6873	8	0.98699	3.07586	3.94673		
00:25:23	2000	3000	3333	5936	10	0.98495	3.07591	3.93785		
00:25:33	2000	3000	3333	5845	10	0.98472	3.07599	3.93693		
00:25:43	2000	3000	3333	6739	11	0.98673	3.07595	3.94572		
00:25:53	2000	3000	3333	6739	12	0.98673	3.07625	3.94610		
00:26:03	2000	3000	3333	7199	13	0.98758	3.07645	3.95006		
00:26:13	2000	3000	3333	6437	14	0.98611	3.07651	3.94372		
00:26:23	2000	3000	3333	6995	14	0.98722	3.07657	3.94863		
00:26:33	2000	3000	3333	6687	13	0.98663	3.07637	3.94581		
00:26:43	2000	3000	3333	7015	13	0.98725	3.07649	3.94869		
00:26:53	2000	3000	3333	6801	13	0.98685	3.07642	3.94685		
00:27:03	2000	3000	3333	7231	14	0.98763	3.07654	3.95041		
00:27:13	2000	3000	3333	7218	15	0.98761	3.07663	3.95043		
00:27:23	2000	3000	3333	7268	17	0.98769	3.07642	3.95053		
00:27:33	2000	3000	3333	6927	20	0.98709	3.07684	3.94843		
00:27:43	2000	3000	3333	6726	25	0.98671	3.07694	3.94688		
00:27:53	2000	3000	3333	6582	29	0.98642	3.07684	3.94548		
00:28:03	2000	3000	3333	7088	33	0.98738	3.07699	3.94990		
00:28:13	2000	3000	3333	6841	39	0.98693	3.07697	3.94789		
00:28:23	2000	3000	3333	7138	44	0.98747	3.07701	3.95031		
00:28:33	2000	3000	3333	6690	47	0.98664	3.07737	3.94712		
00:28:43	2000	3000	3333	7559	49	0.98816	3.07737	3.95382		
00:28:53	2000	3000	3333	7358	51	0.98784	3.07756	3.95265		
00:29:03	2000	3000	3333	7293	50	0.98774	3.07766	3.95231		
00:29:13	2000	3000	3333	7580	53	0.98820	3.07750	3.95413		
00:29:23	2000	3000	3333	8293	57	0.98921	3.07740	3.95843		
00:29:33	2000	3000	3333	7703	63	0.98838	3.07713	3.95448		
00:29:43	2000	3000	3333	7806	71	0.98854	3.07729	3.95535		
00:29:53	2000	3000	3333	8783	69	0.98981	3.07627	3.95961		
00:30:03	2000	3000	3333	8407	70	0.98935	3.07530	3.95637		
00:30:13	2000	3000	3333	9635	77	0.99070	3.07532	3.96232		
00:30:23	2000	3000	3333	9955	96	0.99100	3.07461	3.96473		
00:30:33	2000	3000	3333	9955	81	0.99100	3.07451	3.96306		
00:30:43	2000	3000	3333	9955	81	0.99100	3.07439	3.96998		
00:30:53	2000	3000	3333	9955	82	0.99100	3.07428	3.97089		
00:31:03	2000	3000	3333	9955	87	0.99100	3.07427	3.97338		
00:31:13	2000	3000	3333	9955	93	0.99100	3.07418	3.97665		
00:31:23	2000	3000	3333	9955	99	0.99100	3.07440	3.98572		
00:31:33	2000	3000	3333	9955	108	0.99100	3.07423	3.98243		
00:31:43	2000	3000	3333	9955	114	0.99100	3.07429	3.98084		
00:31:53	2000	3000	3333	9955	125	0.99100	3.07445	3.98368		
00:32:03	2000	3000	3333	9955	133	0.99100	3.07435	3.98533		
00:32:13	2000	3000	3333	9955	139	0.99100	3.07466	3.98615		
00:32:23	2000	3000	3333	9955	143	0.99100	3.07479	3.98593		
00:32:33	2000	3000	3333	9955	150	0.99100	3.07452	3.98922		
00:32:43	2000	3000	3333	9955	165	0.99100	3.07480	3.99129		
00:32:53	2000	3000	3333	9955	162	0.99100	3.07488	3.99271		
00:33:03	2000	3000	3333	9955	167	0.99100	3.07488	3.99202		
00:33:13	2000	3000	3333	9955	183	0.99100	3.07530	3.99205		
00:33:23	2000	3000	3333	9955	177	0.99100	3.07515	3.99089		
00:33:33	2000	3000	3333	9955	180	0.99100	3.07502	3.99687		
00:33:43	2000	3000	3333	9955	185	0.99100	3.07508	3.99957		
00:33:53	2000	3000	3333	9955	189	0.99100	3.07523	4.00131		
00:34:03	2000	3000	3333	9955	192	0.99100	3.07511	4.00028		
00:34:13	2000	3000	3333	9955	198	0.99100	3.07518	3.99955		
00:34:23	2000	3000	3333	9955	200	0.99100	3.07549	3.99991		
00:34:33	2000	3000	3333	9955	204	0.99100	3.07553	4.00350		
00:34:43	2000	3000	3333	9955	208	0.99100	3.07537	4.00200		
00:34:53	2000	3000	3333	9955	211	0.99100	3.07511	4.00433		
00:35:03	2000	3000	3333	9955	216	0.99100	3.07436	4.00743		
00:35:13	2000	3000	3333	9955	220	0.99100	3.07451	4.00664		
00:35:23	2000	3000	3333	9955	225	0.99100	3.07501	4.00639		
00:35:33	2000	3000	3333	9955	230	0.99100	3.07346	4.00746		
00:35:43	2000	3000	3333	9955	235	0.99100	3.07271	4.00809		
00:35:53	2000	3000	3333	9955	247	0.99100	3.07250	4.00486		
00:36:03	2000	3000	3333	9955	246	0.99100	3.07242	4.00946		
00:36:13	2000	3000	3333	9955	252	0.99100	3.07228	4.00902		
00:36:23	2000	3000	3333	9955	257	0.99100	3.07218	4.00589		
00:36:33	2000	3000	3333	9955	263	0.99100	3.07239	4.00632		
00:36:43	2000	3000	3333	9955	268	0.99100	3.07240	4.00483		
00:36:53	2000	3000	3333	9955	274	0.99100	3.07288	4.00637		
00:37:03	2000	3000	3333	9955	283	0.99100	3.07311	4.00849		
00:37:13	2000	3000	3333	9955	287	0.99100	3.07299	4.00700		
00:37:23	2000	3000	3333	9955	294	0.99100	3.07302	4.00938		
00:37:33	2000	3000	3333	9955	302	0.99100	3.07332	4.00720		
00:37:43	2000	3000	3333	9955	309	0.99100	3.07373	4.00704		
00:37:53	2000	3000	3333	9955	327	0.99100	3.07360	4.00475		
00:38:03	2000	3000	3333	9955	323	0.99100	3.07357	4.00781		
00:38:13	2000	3000	3333	9955	331	0.99100	3.07367	4.00791		
00:38:23	2000	3000	3333	9955	335	0.99100	3.07372	4.00799		
00:38:33	2000	3000	3333	9955	341	0.99100	3.07368	4.00600		
00:38:43	2000	3000	3333	9955	348	0.99100	3.07400	4.00184		
00:38:53	2000	3000	3333	9955	354	0.99100	3.07399	4.00433		
00:39:03	2000	3000	3333	9955	361	0.99100	3.07419	4.00376		
00:39:13	2000	3000	3333	9955	367	0.99100	3.07394	3.99804		
00:39:23	2000	3000	3333	9955	374	0.99100	3.07412	4.00051		
00:39:33	2000	3000	3333	9955	381	0.99100	3.07453	3.99978		
00:39:43	2000	3000	3333	9955	386	0.99100	3.07459	3.99969		
00:39:53	2000	3000	3333	9955	386	0.99100	3.07459	3.99969		
00:40:03	2000	3000	3333	9955	392	0.99100	3.07465	3.99880		
00:40:13	2000	3000	3333	9955	396	0.99100	3.07450	4.00060		
00:40:23	2000	3000	3333	9955	399	0.99100	3.07374	4.00126		
00:40:33	2000	3000	3333	9955	399	0.99100	3.07370	4.00106		
00:40:43	2000	3000	3333	9955	396	0.99100	3.07446	4.00210		
00:40:53	2000	3000	3333	9955	395	0.99100	3.07413	4.00325		
00:41:03	2000	3000	3333	9955	393	0.99100	3.07330	4.00009		
00:41:13	2000	3000	3333	9955	391	0.99100	3.07290	3.99772		
00:41:23	2000	3000	3333	9955	383	0.99100	3.07201	3.99792		
00:41:33	2000	3000	3333	9955	379	0.99100	3.07138	4.00137		
00:41:43	2000	3000	3333	9955	376	0.99100	3.07167	4.00016		
00:41:53	2000	3000	3333	9955	375	0.99100	3.07185	4.00041		
00:42:03	2000	3000	3333	9955	374	0.99100	3.07209	3.99806		
00:42:13	2000	3000	3333	9955	372	0.99100	3.07219	4.00039		
00:42:23	2000	3000	3333	9955	370	0.99100	3.07204	4.00217		
00:42:33	2000	3000	3333	9955	368	0.99100	3.07241	3.99899		
00:42:43	2000	3000	3333	9955	367	0.99100	3.07250	4.00233		
00:42:53	2000	3000	3333	9955	367	0.99100	3.07290	4.00151		
00:43:03	2000	3000	3333	9955	366	0.99100	3.07266	3.99856		
00:43:13	2000	3000	3333	9955	366	0.99100	3.07285	3.99974		
00:43:23	2000	3000	3333	9955	358	0.99100	3.07297	3.99633		
00:43:33	2000	3000	3333	9955	351	0.99100	3.07300	3.99433		
00:43:43	2000	3000	3333	9955	338	0.99100	3.07340	3.99154		
00:43:53	2000	3000	3333	9955	333	0.99100	3.07320	3.99213		
00:44:03	2000	3000	3333	9955	329	0.99100	3.07320	3.99694		
00:44:13	2000	3000	3333	9955	325	0.99100	3.07315	3.99090		
00:44:23	2000	3000	3333	9955	321	0.99100	3.07313	3.99157		
00:44:33	2000	3000	3333	9955	318	0.99100	3.07332	3.98359		
00:44:43	2000	3000	3333	9955	316	0.99100	3.07336	3.98302		
00:44:53	2000	3000	3333	9955	313	0.99100	3.07357	3.98611		
00:45:03	2000	3000	3333	9955	311	0.99100	3.07372	3.98850		
00:45:13	2000	3000	3333	9955	309	0.99100	3.07378	3.98383		
00:45:23	2000	3000	3333	9955	307	0.99100	3.07393	3.98244		
00:45:33	2000	3000	3333	9955	325	0.99100	3.07403	3.98288		
00:45:43	2000	3000	3333	9955	304	0.99100	3.07411	3.97998		
00:45:53	2000	3000	3333	9955	301	0.99100	3.07433	3.97721		
00:46:03	2000	3000	3333	9955	301	0.99100	3.07432	3.97246		
00:46:13	2000	3000	3333	9955	296	0.99100	3.07425	3.97982		
00:46:23	2000	3000	3333	9955	296	0.99100	3.07406	3.97706		
00:46:33	2000	3000	3333	9955	297	0.99100	3.07278	3.97331		
00:46:43	2000	3000	3333	9955	299	0.99100	3.07339	3.97031		
00:46:53	2000	3000	3333	9955	299	0.99100	3.07222	3.97152		
00:47:03	2000	3000	3333	9955	300	0.99100	3.07244	3.96793		
00:47:13	2000	3000	3333	9609	301	0.99068	3.07084	3.95644		
00:47:23	2000	3000	3333	9955	304	0.99100	3.07127	3.95919		
00:47:33	2000	3000	3333	8982	306	0.99003	3.07072	3.95345		
00:47:43	2000	3000	3333	9157	306	0.99022	3.07069	3.95424		
00:47:53	2000	3000	3333	9955	307	0.99100	3.07063	3.95768		
00:48:03	2000	3000	3333	9650	310	0.99072	3.07066	3.95638		
00:48:13	2000	3000	3333	8276	314	0.98918	3.07039	3.94932		
00:48:23	2000	3000	3333	7730	318	0.98843	3.07069	3.94638		
00:48:33	2000	3000	3333	8169	325	0.98904	3.07063	3.94901		
00:48:43	2000	3000	3333	9193	328	0.99026	3.07049	3.95415		
00:48:53	2000	3000	3333	8127	329	0.98899	3.07065	3.94879		
00:49:03	2000	3000	3333	8188	330	0.98907	3.07087	3.94943		
00:49:13	2000	3000	3333	8042	335	0.98887	3.07068	3.94832		
00:49:23	2000	3000	3333	7253	340	0.98767	3.07056	3.94290		
00:49:33	2000	3000	3333	7746	343	0.98845	3.07072	3.94652		
00:49:43	2000	3000	3333	7382	343	0.98788	3.07085	3.94421		
00:49:53	2000	3000	3333	6272	346	0.98575	3.07049	3.93442		
00:50:03	2000	3000	3333	6068	347	0.98528	3.07068	3.93258		
00:50:13	2000	3000	3333	5293	347	0.98314	3.07077	3.92333		
00:50:23	2000	3000	3333	5360	356	0.98335	3.07090	3.92441		
00:50:33	2000	3000	3333	6702	351	0.98666	3.07103	3.93909		
00:50:43	2000	3000	3333	5675	353	0.98427	3.07123	3.92885		
00:50:53	2000	3000	3333	4754	355	0.98125	3.07138	3.91581		
00:51:03	2000	3000	3333	4526	360	0.98031	3.07149	3.91185		
00:51:13	2000	3000	3333	3699	365	0.97596	3.07165	3.89301		
00:51:23	2000	3000	3333	4211	370	0.97886	3.07170	3.90575		
00:51:33	2000	3000	3333	3817	375	0.97670	3.07169	3.89628		
00:51:43	2000	3000	3333	4338	385	0.97947	3.07170	3.90843		
00:51:53	2000	3000	3333	4657	392	0.98086	3.07203	3.91495		
00:52:03	2000	3000	3333	5021	401	0.98223	3.07173	3.92059		
00:52:13	2000	3000	3333	5063	408	0.98238	3.07194	3.92150		
00:52:23	2000	3000	3333	5110	414	0.98254	3.07196	3.92223		
00:52:33	2000	3000	3333	4857	421	0.98164	3.07203	3.91837		
00:52:43	2000	3000	3333	5669	427	0.98425	3.07233	3.93019		
00:52:53	2000	3000	3333	5983	432	0.98507	3.07246	3.93395		
00:53:03	2000	3000	3333	6042	437	0.98522	3.07237	3.93447		
00:53:13	2000	3000	3333	5487	441	0.98373	3.07222	3.92778		
00:53:23	2000	3000	3333	5210	443	0.98288	3.07206	3.92382		
00:53:33	2000	3000	3333	4991	449	0.98213	3.07131	3.91960		
00:53:43	2000	3000	3333	5071	454	0.98241	3.07026	3.91947		
00:53:53	2000	3000	3333	4833	459	0.98155	3.06941	3.91464		
00:54:03	2000	3000	3333	6206	462	0.98560	3.06955	3.93256		
00:54:13	2000	3000	3333	5712	465	0.98437	3.06918	3.92667		
00:54:23	2000	3000	3333	6140	467	0.98545	3.06893	3.93109		
00:54:33	2000	3000	3333	5185	471	0.98279	3.06923	3.91984		
00:54:43	2000	3000	3333	6541	476	0.98634	3.06936	3.93552		
00:54:53	2000	3000	3333	6029	481	0.98518	3.06915	3.93021		
00:55:03	2000	3000	3333	6905	486	0.98705	3.06897	3.93815		
00:55:13	2000	3000	3333	7711	492	0.98840	3.06906	3.94416		
00:55:23	2000	3000	3333	9570	498	0.99064	3.06874	3.95357		
00:55:33	2000	3000	3333	8331	504	0.98926	3.06927	3.94819		
00:55:43	2000	3000	3333	8124	512	0.98898	3.06924	3.94696		
00:55:53	2000	3000	3333	8079	522	0.98892	3.06895	3.94632		
00:56:03	2000	3000	3333	7955	531	0.98875	3.06914	3.94581		
00:56:13	2000	3000	3333	6083	541	0.98531	3.06932	3.93100		
00:56:23	2000	3000	3333	7090	552	0.98739	3.06947	3.94026		
00:56:33	2000	3000	3333	7654	564	0.98831	3.06962	3.94450		
00:56:43	2000	3000	3333	7516	574	0.98810	3.06935	3.94322		
00:56:53	2000	3000	3333	8589	585	0.98958	3.06953	3.94993		
00:57:03	2000	3000	3333	6022	594	0.98517	3.06964	3.93076		
00:57:13	2000	3000	3333	5544	606	0.98390	3.06927	3.92473		
00:57:23	2000	3000	3333	6083	619	0.98531	3.06952	3.93125		
00:57:33	2000	3000	3333	6140	632	0.98545	3.06972	3.93210		
00:57:43	2000	3000	3333	6498	641	0.98625	3.06986	3.93577		
00:57:53	2000	3000	3333	5881	654	0.98481	3.06977	3.92938		
00:58:03	2000	3000	3333	6183	671	0.98555	3.07048	3.93351		
00:58:13	2000	3000	3333	5294	677	0.98314	3.07051	3.92301		
00:58:23	2000	3000	3333	5735	683	0.98443	3.07080	3.92902		
00:58:33	2000	3000	3333	5455	684	0.98364	3.07059	3.92528		
00:58:43	2000	3000	3333	5041	684	0.98230	3.07087	3.91980		
00:58:53	2000	3000	3333	4717	683	0.98110	3.07096	3.91465		
00:59:03	2000	3000	3333	4414	685	0.97982	3.07085	3.90887		
00:59:13	2000	3000	3333	3977	686	0.97763	3.07105	3.89953		
00:59:23	2000	3000	3333	3543	688	0.97492	3.07079	3.88733		
00:59:33	2000	3000	3333	3308	693	0.97316	3.07097	3.87988		
00:59:43	2000	3000	3333	3185	698	0.97214	3.07092	3.87533		
00:59:53	2000	3000	3333	3573	703	0.97513	3.07103	3.88856		
01:00:03	2000	3000	3333	3695	709	0.97594	3.07115	3.89226		
01:00:13	2000	3000	3333	3503	714	0.97464	3.07096	3.88632		
01:00:23	2000	3000	3333	3576	720	0.97515	3.07113	3.88877		
01:00:33	2000	3000	3333	3279	726	0.97292	3.07122	3.87914		
01:00:43	2000	3000	3333	3473	731	0.97442	3.07131	3.88581		
01:00:53	2000	3000	3333	3671	736	0.97578	3.07133	3.89181		
01:01:03	2000	3000	3333	3852	742	0.97690	3.07145	3.89688		
01:01:13	2000	3000	3333	3439	749	0.97417	3.07179	3.88532		
01:01:23	2000	3000	3333	4176	755	0.97868	3.07196	3.90531		
01:01:33	2000	3000	3333	4755	758	0.98125	3.07196	3.91657		
01:01:43	2000	3000	3333	4096	758	0.97826	3.07201	3.90355		
01:01:53	2000	3000	3333	4701	756	0.98104	3.07189	3.91554		
01:02:03	2000	3000	3333	5186	756	0.98280	3.07187	3.92323		
01:02:13	2000	3000	3333	5215	753	0.98289	3.07205	3.92387		
01:02:23	2000	3000	3333	6000	750	0.98511	3.07221	3.93381		
01:02:33	2000	3000	3333	6131	748	0.98543	3.07184	3.93472		
01:02:43	2000	3000	3333	6131	747	0.98543	3.07185	3.93474		
01:02:53	2000	3000	3333	5808	748	0.98462	3.07203	3.93144		
01:03:03	2000	3000	3333	6089	750	0.98533	3.07193	3.93440		
01:03:13	2000	3000	3333	5850	756	0.98473	3.07175	3.93157		
01:03:23	2000	3000	3333	5767	760	0.98451	3.07159	3.93040		
01:03:33	2000	3000	3333	4806	771	0.98145	3.07155	3.91692		
01:03:43	2000	3000	3333	4488	768	0.98015	3.07194	3.91171		
01:03:53	2000	3000	3333	4969	772	0.98205	3.07177	3.91984		
01:04:03	2000	3000	3333	5763	773	0.98450	3.07165	3.93043		
01:04:13	2000	3000	3333	4720	775	0.98111	3.07219	3.91627		
01:04:23	2000	3000	3333	4596	776	0.98061	3.07150	3.91317		
01:04:33	2000	3000	3333	5082	776	0.98244	3.07205	3.92192		
01:04:43	2000	3000	3333	5510	772	0.98380	3.07166	3.92736		
01:04:53	2000	3000	3333	5937	766	0.98496	3.07157	3.93231		
01:05:03	2000	3000	3333	6273	756	0.98575	3.06994	3.93372		
01:05:13	2000	3000	3333	5763	742	0.98450	3.07149	3.93023		
01:05:23	2000	3000	3333	6085	726	0.98532	3.07080	3.93291		
01:05:33	2000	3000	3333	6443	709	0.98613	3.07081	3.93647		
01:05:43	2000	3000	3333	7020	693	0.98726	3.07037	3.94087		
01:05:53	2000	3000	3333	6977	680	0.98718	3.06989	3.93991		
01:06:03	2000	3000	3333	7231	668	0.98763	3.06989	3.94187		
01:06:13	2000	3000	3333	7729	658	0.98842	3.06995	3.94542		
01:06:23	2000	3000	3333	8327	648	0.98925	3.06952	3.94849		
01:06:33	2000	3000	3333	7599	640	0.98823	3.06919	3.94358		
01:06:43	2000	3000	3333	6837	634	0.98692	3.06925	3.93795		
01:06:53	2000	3000	3333	6301	634	0.98582	3.06920	3.93305		
01:07:03	2000	3000	3333	5079	634	0.98243	3.06932	3.91839		
01:07:13	2000	3000	3333	4663	634	0.98088	3.06956	3.91191		
01:07:23	2000	3000	3333	3932	635	0.97737	3.06900	3.89581		
01:07:33	2000	3000	3333	3268	638	0.97284	3.06904	3.87601		
01:07:43	2000	3000	3333	3297	642	0.97307	3.06947	3.87759		
01:07:53	2000	3000	3333	2954	647	0.97000	3.06954	3.86421		
01:08:03	2000	3000	3333	3043	652	0.97085	3.06950	3.86791		
01:08:13	2000	3000	3222	2713	657	0.96737	3.06966	3.85284		
01:08:23	2000	2900	3007	2442	663	0.96382	3.06966	3.83731		
01:08:33	2000	2700	2852	2023	669	0.95648	3.06955	3.80504		
01:08:43	2000	2500	2708	2154	676	0.95908	3.06960	3.81650		
01:08:53	2000	2400	2609	2091	682	0.95787	3.06978	3.81139		
01:09:03	2000	2200	2477	1912	688	0.95402	3.06983	3.79461		
01:09:13	2000	2000	2369	1815	693	0.95163	3.06920	3.78337		
01:09:23	2000	1900	2296	1854	697	0.95262	3.06946	3.78801		
01:09:33	2000	1900	2242	1623	701	0.94606	3.06971	3.75960		
01:09:43	2000	1700	2154	1482	702	0.94108	3.06962	3.73770		
01:09:53	2000	1600	2077	1511	709	0.94218	3.06956	3.74245		
01:10:03	2000	1600	2012	1434	709	0.93917	3.06956	3.72923		
01:10:13	1900	1500	1967	1490	712	0.94139	3.06969	3.73911		
01:10:23	1900	1400	1905	1405	719	0.93797	3.06954	3.72398		
01:10:33	1800	1400	1851	1257	727	0.93089	3.06972	3.69321		
01:10:43	1800	1300	1822	1294	737	0.93283	3.06953	3.70146		
01:10:53	1700	1300	1797	1350	725	0.93550	3.06959	3.71320		
01:11:03	1700	1300	1761	1190	723	0.92718	3.06951	3.67670		
01:11:13	1700	1200	1718	1204	729	0.92799	3.06930	3.67998		
01:11:23	1600	1200	1696	1269	741	0.93151	3.06940	3.69552		
01:11:33	1600	1200	1694	1254	756	0.93075	3.06962	3.69246		
01:11:43	1700	1300	1731	1569	780	0.94427	3.06965	3.75169		
01:11:53	1700	1300	1730	1375	806	0.93665	3.06967	3.71833		
01:12:03	1700	1300	1764	1472	829	0.94071	3.06954	3.73597		
01:12:13	1800	1400	1810	1581	869	0.94468	3.06982	3.75370		
01:12:23	1800	1400	1860	1705	894	0.94857	3.06955	3.77042		
01:12:33	1900	1500	1901	1608	912	0.94557	3.06983	3.75761		
01:12:43	1800	1500	1859	1326	932	0.93438	3.06975	3.70849		
01:12:53	1800	1400	1830	1219	952	0.92884	3.06966	3.68413		
01:13:03	1700	1400	1784	1198	972	0.92765	3.06942	3.67865		
01:13:13	1700	1300	1726	1197	991	0.92755	3.06989	3.67875		
01:13:23	1600	1300	1661	1260	1009	0.93108	3.07000	3.69435		
01:13:33	1600	1200	1634	1438	1021	0.93933	3.06952	3.72992		
01:13:43	1600	1200	1634	1358	1029	0.93589	3.06928	3.71456		
01:13:53	1600	1300	1654	1391	1032	0.93733	3.06915	3.72070		
01:14:03	1600	1300	1700	1552	1031	0.94367	3.06950	3.74887		
01:14:13	1700	1400	1768	1726	1026	0.94918	3.06952	3.77303		
01:14:23	1800	1500	1839	1820	1017	0.95174	3.06992	3.78475		
01:14:33	1900	1600	1936	2259	1001	0.96094	3.06972	3.82476		
01:14:43	2000	1800	2065	2451	990	0.96394	3.06982	3.83804		
01:14:53	2000	2000	2235	2739	978	0.96768	3.06967	3.85422		
01:15:03	2000	2200	2354	2556	980	0.96540	3.06928	3.84375		
01:15:13	2000	2400	2480	2731	997	0.96759	3.06809	3.85184		
01:15:23	2000	2600	2650	3063	1008	0.97104	3.06943	3.86864		
01:15:33	2000	2800	2821	3374	1012	0.97368	3.06940	3.88014		
01:15:43	2000	3000	3063	3915	1006	0.97727	3.06968	3.89624		
01:15:53	2000	3000	3290	4102	1024	0.97830	3.06964	3.90069		
01:16:03	2000	3000	3333	4160	1035	0.97860	3.06909	3.90129		
01:16:13	2000	3000	3333	4082	1056	0.97820	3.06855	3.89885		
01:16:23	2000	3000	3333	4359	1079	0.97956	3.06853	3.90481		
01:16:33	2000	3000	3333	4684	1097	0.98097	3.06833	3.91071		
01:16:43	2000	3000	3333	4010	1114	0.97780	3.06914	3.89789		
01:16:53	2000	3000	3333	4216	1127	0.97888	3.06880	3.90216		
01:17:03	2000	3000	3333	4436	1135	0.97992	3.06872	3.90660		
01:17:13	2000	3000	3333	4679	1143	0.98095	3.06814	3.91038		
01:17:23	2000	3000	3333	4935	1153	0.98193	3.06845	3.91507		
01:17:33	2000	3000	3333	4981	1163	0.98209	3.06874	3.91616		
01:17:43	2000	3000	3333	5015	1170	0.98221	3.06842	3.91628		
01:17:53	2000	3000	3333	4918	1173	0.98186	3.06890	3.91536		
01:18:03	2000	3000	3333	5162	1171	0.98272	3.06891	3.91910		
01:18:13	2000	3000	3333	5157	1163	0.98270	3.06858	3.91861		
01:18:23	2000	3000	3333	5362	1151	0.98335	3.06749	3.92008		
01:18:33	2000	3000	3333	6073	1132	0.98529	3.06811	3.92934		
01:18:43	2000	3000	3333	6188	1104	0.98556	3.06695	3.92904		
01:18:53	2000	3000	3333	6100	1067	0.98536	3.06730	3.92859		
01:19:03	2000	3000	3333	6343	981	0.98591	3.06853	3.93260		
01:19:13	2000	3000	3333	5550	938	0.98391	3.06769	3.92278		
01:19:23	2000	3000	3333	4925	947	0.98189	3.06647	3.91237		
01:19:33	2000	3000	3333	4544	911	0.98039	3.06658	3.90594		
01:19:43	2000	3000	3333	3460	873	0.97433	3.06693	3.87987		
01:19:53	2000	3000	3333	3650	846	0.97564	3.06666	3.88528		
01:20:03	2000	3000	3333	4110	822	0.97834	3.06643	3.89680		
01:20:13	2000	3000	3333	3618	814	0.97543	3.06632	3.88393		
01:20:23	2000	3000	3333	4000	792	0.97775	3.06620	3.89393		
01:20:33	2000	3000	3333	4367	771	0.97960	3.06610	3.90189		
01:20:43	2000	3000	3333	4606	753	0.98065	3.06618	3.90657		
01:20:53	2000	3000	3333	4511	747	0.98025	3.06628	3.90494		
01:21:03	2000	3000	3333	5402	748	0.98348	3.06606	3.91879		
01:21:13	2000	3000	3333	5474	756	0.98369	3.06631	3.92005		
01:21:23	2000	3000	3333	5394	762	0.98345	3.06646	3.91919		
01:21:33	2000	3000	3333	5975	765	0.98505	3.06643	3.92614		
01:21:43	2000	3000	3333	5939	766	0.98496	3.06619	3.92544		
01:21:53	2000	3000	3333	5296	758	0.98315	3.06613	3.91745		
01:22:03	2000	3000	3333	6850	737	0.98695	3.06623	3.93418		
01:22:13	2000	3000	3333	8749	715	0.98977	3.06615	3.94641		
01:22:23	2000	3000	3333	9955	669	0.99100	3.06623	3.95408		
01:22:33	2000	3000	3333	9955	671	0.99100	3.06622	3.95378		
01:22:43	2000	3000	3333	9955	641	0.99100	3.06597	3.95190		
01:22:53	2000	3000	3333	9955	644	0.99100	3.06600	3.95210		
01:23:03	2000	3000	3333	8255	645	0.98916	3.06595	3.94349		
01:23:13	2000	3000	3333	6139	663	0.98545	3.06570	3.92694		
01:23:23	2000	3000	3333	7319	688	0.98778	3.06610	3.93765		
01:23:33	2000	3000	3333	9105	708	0.99016	3.06605	3.94802		
01:23:43	2000	3000	3333	9955	732	0.99100	3.06586	3.95163		
01:23:53	2000	3000	3333	9955	757	0.99100	3.06587	3.95163		
01:24:03	2000	3000	3333	9955	773	0.99100	3.06589	3.95807		
01:24:13	2000	3000	3333	9955	774	0.99100	3.06586	3.95729		
01:24:23	2000	3000	3333	9599	765	0.99067	3.06607	3.95025		
01:24:33	2000	3000	3333	9955	754	0.99100	3.06610	3.95648		
01:24:43	2000	3000	3333	9955	737	0.99100	3.06565	3.96027		
01:24:53	2000	3000	3333	9955	719	0.99100	3.06581	3.95585		
01:25:03	2000	3000	3333	9955	704	0.99100	3.06586	3.95571		
01:25:13	2000	3000	3333	9955	688	0.99100	3.06562	3.96017		
01:25:23	2000	3000	3333	9955	666	0.99100	3.06564	3.95942		
01:25:33	2000	3000	3333	9955	646	0.99100	3.06561	3.95817		
01:25:43	2000	3000	3333	9955	624	0.99100	3.06537	3.95707		
01:25:53	2000	3000	3333	9690	616	0.99075	3.06575	3.95022		
01:26:03	2000	3000	3333	8132	646	0.98899	3.06579	3.94257		
01:26:13	2000	3000	3333	7996	646	0.98881	3.06591	3.94191		
01:26:23	2000	3000	3333	6279	646	0.98577	3.06563	3.92826		
01:26:33	2000	3000	3333	6000	650	0.98511	3.06569	3.92546		
01:26:43	2000	3000	3333	7715	658	0.98840	3.06582	3.94002		
01:26:53	2000	3000	3333	8114	657	0.98897	3.06579	3.94246		
01:27:03	2000	3000	3333	8918	649	0.98996	3.06548	3.94639		
01:27:13	2000	3000	3333	9883	632	0.99093	3.06573	3.95098		
01:27:23	2000	3000	3333	9955	611	0.99100	3.06576	3.95509		
01:27:33	2000	3000	3333	9955	578	0.99100	3.06557	3.95364		
01:27:43	2000	3000	3333	9955	540	0.99100	3.06562	3.95580		
01:27:53	2000	3000	3333	3240	500	0.97260	3.06576	3.87084		
01:28:03	2000	3000	3333	2375	468	0.96281	3.06546	3.82765		
01:28:13	2000	3000	3333	2511	444	0.96479	3.06545	3.83629		
01:28:23	2000	3000	3333	2344	425	0.96233	3.06537	3.82545		
01:28:33	2000	3000	3333	1964	411	0.95521	3.06547	3.79444		
01:28:43	2000	2300	2736	1693	401	0.94821	3.06527	3.76359		
01:28:53	2000	2100	2568	1719	394	0.94900	3.06522	3.76698		
01:29:03	2000	2000	2576	2328	388	0.96208	3.06523	3.82417		
01:29:13	2000	2100	2600	2606	380	0.96606	3.06526	3.84160		
01:29:23	2000	2200	2687	2985	376	0.97030	3.06530	3.86018		
01:29:33	2000	2200	2711	2095	373	0.95794	3.06529	3.80615		
01:29:43	2000	2200	2710	1656	372	0.94711	3.06549	3.75905		
01:29:53	2000	2100	2683	1522	370	0.94258	3.06527	3.73893		
01:30:03	2000	2000	2545	1357	365	0.93583	3.06531	3.70948		
01:30:13	2000	1800	2395	1499	364	0.94173	3.06526	3.73520		
01:30:23	2000	1500	2189	1439	363	0.93937	3.06512	3.72474		
01:30:33	2000	1400	2077	1334	357	0.93477	3.06512	3.70463		
01:30:43	2000	1400	2030	1340	349	0.93505	3.06527	3.70604		
01:30:53	2000	1300	2007	1360	340	0.93595	3.06519	3.70988		
01:31:03	1900	1300	1973	1137	331	0.92389	3.06543	3.65742		
01:31:13	1900	1300	1931	1215	321	0.92862	3.06534	3.67799		
01:31:23	1900	1200	1921	1336	313	0.93486	3.06525	3.70517		
01:31:33	1900	1200	1924	1313	306	0.93377	3.06543	3.70061		
01:31:43	1900	1200	1906	1196	299	0.92750	3.06532	3.67309		
01:31:53	1800	1200	1891	1239	295	0.92992	3.06533	3.68367		
01:32:03	1900	1200	1921	1275	290	0.93184	3.06534	3.69209		
01:32:13	1900	1200	1905	1100	287	0.92143	3.06541	3.64664		
01:32:23	1800	1200	1892	1239	284	0.92992	3.06518	3.68348		
01:32:33	1800	1200	1893	1298	281	0.93303	3.06520	3.69712		
01:32:43	1900	1200	1926	1363	279	0.93611	3.06530	3.71071		
01:32:53	1900	1200	1970	1474	277	0.94077	3.06507	3.73081		
01:33:03	2000	1300	2023	1574	275	0.94443	3.06547	3.74727		
01:33:13	2000	1400	2133	1725	272	0.94917	3.06523	3.76770		
01:33:23	2000	1500	2224	1765	271	0.95028	3.06532	3.77267		
01:33:33	2000	1600	2295	1713	269	0.94881	3.06526	3.76620		
01:33:43	2000	1600	2378	1857	268	0.95270	3.06550	3.78348		
01:33:53	2000	1700	2462	1990	268	0.95579	3.06566	3.79719		
01:34:03	2000	1800	2505	1832	267	0.95205	3.06559	3.78077		
01:34:13	2000	1800	2527	1861	267	0.95280	3.06588	3.78440		
01:34:23	2000	1800	2583	2129	268	0.95862	3.06604	3.81003		
01:34:33	2000	1900	2636	2062	269	0.95730	3.06609	3.80432		
01:34:43	2000	2000	2692	2238	270	0.96058	3.06578	3.81829		
01:34:53	2000	2000	2725	2227	272	0.96038	3.06582	3.81749		
01:35:03	2000	2100	2774	2172	274	0.95942	3.06576	3.81319		
01:35:13	2000	2100	2784	1939	276	0.95464	3.06571	3.79222		
01:35:23	2000	2000	2753	1936	278	0.95458	3.06574	3.79202		
01:35:33	2000	2000	2720	1860	281	0.95275	3.06573	3.78400		
01:35:43	2000	1900	2652	1799	284	0.95119	3.06570	3.77715		
01:35:53	2000	1800	2561	1647	287	0.94682	3.06581	3.75817		
01:36:03	2000	1800	2478	1645	292	0.94675	3.06597	3.75806		
01:36:13	2000	1700	2396	1452	299	0.93991	3.06595	3.72811		
01:36:23	2000	1600	2321	1498	308	0.94170	3.06577	3.73572		
01:36:33	2000	1500	2248	1441	320	0.93944	3.06586	3.72592		
01:36:43	2000	1500	2183	1447	335	0.93968	3.06587	3.72701		
01:36:53	2000	1500	2153	1526	352	0.94272	3.06591	3.74035		
01:37:03	2000	1400	2133	1599	371	0.94528	3.06578	3.75139		
01:37:13	2000	1500	2142	1596	391	0.94518	3.06572	3.75088		
01:37:23	2000	1500	2133	1532	414	0.94294	3.06558	3.74091		
01:37:33	2000	1500	2139	1582	436	0.94471	3.06554	3.74860		
01:37:43	2000	1600	2174	1784	457	0.95080	3.06471	3.77422		
01:37:53	2000	1600	2181	1681	478	0.94786	3.06580	3.76271		
01:38:03	2000	1600	2182	1715	499	0.94887	3.06530	3.76651		
01:38:13	2000	1600	2169	1604	520	0.94544	3.06581	3.75213		
01:38:23	2000	1600	2166	1611	541	0.94566	3.06552	3.75273		
01:38:33	2000	1600	2136	1464	562	0.94037	3.06556	3.72963		
01:38:43	2000	1500	2073	1437	581	0.93928	3.06513	3.72436		
01:38:53	2000	1500	2020	1390	595	0.93731	3.06488	3.71545		
01:39:03	1900	1500	1983	1529	608	0.94285	3.06444	3.73912		
01:39:13	1900	1400	1957	1485	619	0.94119	3.06366	3.73092		
01:39:23	1900	1400	1909	1335	628	0.93482	3.06313	3.70244		
01:39:33	1800	1400	1886	1349	637	0.93545	3.06364	3.70580		
01:39:43	1800	1300	1853	1247	648	0.93038	3.06363	3.68363		
01:39:53	1800	1300	1820	1200	659	0.92775	3.06289	3.67125		
01:40:03	1700	1300	1787	1336	670	0.93483	3.06303	3.70236		
01:40:13	1700	1200	1732	1151	680	0.92479	3.06291	3.65836		
01:40:23	1700	1200	1705	1185	691	0.92685	3.06272	3.66711		
01:40:33	1600	1200	1677	1192	702	0.92726	3.06279	3.66900		
01:40:43	1600	1200	1660	1157	713	0.92517	3.06262	3.65966		
01:40:53	1600	1200	1656	1200	724	0.92775	3.06267	3.67097		
01:41:03	1600	1150	1625	1157	736	0.92515	3.06261	3.65956		
01:41:13	1600	1150	1624	1174	747	0.92619	3.06270	3.66421		
01:41:23	1500	1150	1596	1026	759	0.91604	3.06295	3.62014		
01:41:33	1500	1100	1563	1007	772	0.91448	3.06296	3.61337		
01:41:43	1500	1100	1544	1062	782	0.91874	3.06295	3.63197		
01:41:53	1500	1050	1530	1128	791	0.92330	3.06308	3.65205		
01:42:03	1500	1050	1519	1108	800	0.92197	3.06326	3.64642		
01:42:13	1400	1050	1493	1028	810	0.91619	3.06325	3.62116		
01:42:23	1400	1050	1500	1087	823	0.92053	3.06349	3.64041		
01:42:33	1500	1050	1511	1087	823	0.92053	3.06349	3.64041		
01:42:43	1500	1050	1523	1157	834	0.92518	3.06358	3.66083		
01:42:53	1500	1050	1510	1058	848	0.91844	3.06329	3.63107		
01:43:03	1400	1050	1486	978	862	0.91209	3.06342	3.60345		
01:43:13	1400	1050	1473	959	879	0.91041	3.06347	3.59619		
01:43:23	1400	1000	1449	961	898	0.91058	3.06349	3.59695		
01:43:33	1400	1000	1426	960	915	0.91054	3.06333	3.59658		
01:43:43	1300	950	1379	889	933	0.90370	3.06338	3.56673		
01:43:53	1300	900	1348	891	949	0.90390	3.06348	3.56774		
01:44:03	1300	900	1327	872	966	0.90193	3.06355	3.55920		
01:44:13	1200	850	1297	799	995	0.89343	3.06346	3.52197		
01:44:23	1200	850	1263	780	1024	0.89107	3.06331	3.51148		
01:44:33	1200	800	1227	771	1050	0.88978	3.06374	3.50633		
01:44:43	1150	800	1199	746	1079	0.88641	3.06347	3.49128		
01:44:53	1150	775	1174	767	1110	0.88934	3.06368	3.50432		
01:45:03	1150	750	1153	776	1142	0.89049	3.06355	3.50919		
01:45:13	1150	775	1160	868	1166	0.90155	3.06360	3.55759		
01:45:23	1150	800	1188	977	1178	0.91203	3.06346	3.60322		
01:45:33	1200	850	1232	1072	1192	0.91950	3.06355	3.63601		
01:45:43	1300	950	1306	1254	1209	0.93074	3.06347	3.68503		
01:45:53	1300	1000	1387	1328	1219	0.93446	3.06340	3.70117		
01:46:03	1400	1100	1436	1109	1231	0.92206	3.06342	3.64703		
01:46:13	1400	1100	1474	1132	1241	0.92358	3.06362	3.65392		
01:46:23	1400	1150	1483	1050	1244	0.91789	3.06346	3.62886		
01:46:33	1400	1150	1486	1100	1241	0.92145	3.06347	3.64442		
01:46:43	1400	1150	1479	1209	1222	0.92827	3.06341	3.67414		
01:46:53	1400	1100	1448	1099	1195	0.92138	3.06341	3.64404		
01:47:03	1400	1100	1467	1231	1181	0.92951	3.06362	3.67984		
01:47:13	1400	1100	1471	1144	1170	0.92433	3.06325	3.65675		
01:47:23	1400	1100	1473	1047	1155	0.91767	3.06331	3.62769		
01:47:33	1400	1100	1471	1064	1147	0.91888	3.06365	3.63341		
01:47:43	1400	1100	1452	1062	1137	0.91878	3.06338	3.63262		
01:47:53	1400	1050	1445	1039	1125	0.91700	3.06318	3.62464		
01:48:03	1400	1050	1431	1117	1111	0.92256	3.06359	3.64942		
01:48:13	1400	1050	1430	1116	1098	0.92251	3.06375	3.64938		
01:48:23	1400	1100	1457	1220	1090	0.92889	3.06370	3.67719		
01:48:33	1400	1100	1478	1197	1083	0.92756	3.06380	3.67151		
01:48:43	1400	1100	1491	1139	1083	0.92400	3.06325	3.65531		
01:48:53	1400	1100	1497	1069	1083	0.91924	3.06357	3.63488		
01:49:03	1400	1100	1495	1098	1086	0.92131	3.06364	3.64401		
01:49:13	1400	1100	1489	1073	1093	0.91953	3.06359	3.63618		
01:49:23	1400	1100	1470	1094	1102	0.92102	3.06376	3.64289		
01:49:33	1400	1050	1459	1124	1114	0.92303	3.06323	3.65103		
01:49:43	1400	1050	1453	1110	1133	0.92215	3.06387	3.64793		
01:49:53	1400	1100	1460	1134	1153	0.92367	3.06382	3.65454		
01:50:03	1400	1100	1459	1104	1166	0.92169	3.06394	3.64603		
01:50:13	1400	1100	1474	1199	1177	0.92766	3.06386	3.67204		
01:50:23	1400	1100	1489	1216	1184	0.92863	3.06370	3.67608		
01:50:33	1500	1150	1505	1259	1185	0.93099	3.06361	3.68626		
01:50:43	1500	1150	1522	1242	1181	0.93008	3.06369	3.68240		
01:50:53	1500	1200	1532	1206	1172	0.92809	3.06375	3.67379		
01:51:03	1500	1200	1536	1127	1154	0.92325	3.06382	3.65268		
01:51:13	1500	1150	1523	1100	1134	0.92141	3.06389	3.64476		
01:51:23	1400	1150	1500	1044	1121	0.91740	3.06367	3.62697		
01:51:33	1400	1100	1490	1164	1111	0.92557	3.06359	3.66258		
01:51:43	1400	1100	1493	1247	1101	0.93036	3.06375	3.68367		
01:51:53	1500	1150	1510	1310	1094	0.93358	3.06374	3.69776		
01:52:03	1500	1200	1549	1395	1088	0.93752	3.06381	3.71506		
01:52:13	1500	1200	1599	1446	1085	0.93965	3.06370	3.72425		
01:52:23	1600	1300	1665	1518	1087	0.94244	3.06374	3.73648		
01:52:33	1700	1400	1725	1609	1091	0.94560	3.06372	3.75028		
01:52:43	1700	1500	1790	1750	1095	0.94986	3.06360	3.76872		
01:52:53	1800	1500	1858	1857	1097	0.95269	3.06362	3.78110		
01:53:03	1900	1600	1910	1823	1096	0.95184	3.06396	3.77783		
01:53:13	1900	1700	1942	1700	1088	0.94844	3.06406	3.76307		
01:53:23	1900	1700	1963	1688	1080	0.94808	3.06375	3.76112		
01:53:33	1900	1700	1971	1670	1072	0.94755	3.06384	3.75891		
01:53:43	1900	1700	1957	1615	1059	0.94580	3.06398	3.75145		
01:53:53	1900	1600	1931	1621	1047	0.94599	3.06366	3.75191		
01:54:03	1800	1600	1894	1496	1043	0.94161	3.06378	3.73288		
01:54:13	1800	1500	1872	1503	1043	0.94187	3.06394	3.73424		
01:54:23	1800	1500	1848	1485	1041	0.94119	3.06398	3.73130		
01:54:33	1800	1500	1819	1428	1034	0.93892	3.06393	3.72134		
01:54:43	1700	1400	1786	1349	1038	0.93546	3.06371	3.70594		
01:54:53	1700	1400	1755	1380	1049	0.93688	3.06406	3.71254		
01:55:03	1700	1400	1733	1340	1065	0.93505	3.06416	3.70469		
01:55:13	1700	1300	1719	1409	1078	0.93812	3.06394	3.71785		
01:55:23	1600	1300	1699	1342	1089	0.93515	3.06422	3.70519		
01:55:33	1600	1300	1681	1314	1084	0.93379	3.06429	3.69932		
01:55:43	1600	1300	1666	1253	1084	0.93067	3.06421	3.68560		
01:55:53	1600	1300	1650	1275	1097	0.93187	3.06413	3.69073		
01:56:03	1600	1300	1645	1319	1118	0.93402	3.06419	3.70023		
01:56:13	1600	1300	1641	1395	1129	0.93752	3.06437	3.71573		
01:56:23	1600	1300	1654	1459	1145	0.94018	3.06416	3.72709		
01:56:33	1600	1300	1679	1527	1162	0.94277	3.06438	3.73871		
01:56:43	1600	1300	1698	1422	1167	0.93868	3.06433	3.72076		
01:56:53	1700	1400	1718	1448	1178	0.93975	3.06407	3.72512		
01:57:03	1700	1400	1730	1424	1181	0.93875	3.06418	3.72090		
01:57:13	1700	1400	1721	1350	1189	0.93552	3.06419	3.70676		
01:57:23	1700	1400	1711	1394	1192	0.93750	3.06424	3.71548		
01:57:33	1600	1400	1700	1450	1201	0.93983	3.06371	3.72505		
01:57:43	1600	1400	1697	1410	1212	0.93817	3.06403	3.71818		
01:57:53	1600	1400	1693	1433	1229	0.93914	3.06318	3.72135		
01:58:03	1600	1400	1696	1465	1240	0.94042	3.06308	3.72682		
01:58:13	1700	1400	1707	1456	1251	0.94005	3.06371	3.72598		
01:58:23	1700	1400	1708	1424	1261	0.93874	3.06341	3.71988		
01:58:33	1700	1400	1711	1493	1273	0.94149	3.06343	3.73196		
01:58:43	1700	1400	1722	1516	1281	0.94235	3.06312	3.73533		
01:58:53	1700	1400	1731	1528	1288	0.94280	3.06261	3.73665		
01:59:03	1700	1400	1733	1492	1295	0.94148	3.06194	3.73007		
01:59:13	1700	1400	1741	1536	1291	0.94310	3.06173	3.73689		
01:59:23	1700	1500	1752	1524	1300	0.94265	3.06204	3.73532		
01:59:33	1700	1500	1751	1494	1302	0.94153	3.06190	3.73024		
01:59:43	1700	1500	1748	1485	1279	0.94121	3.06168	3.72857		
01:59:53	1700	1500	1742	1480	1274	0.94098	3.06082	3.72655		
02:00:03	1700	1500	1745	1511	1272	0.94216	3.06101	3.73193		
02:00:13	1700	1400	1735	1448	1265	0.93975	3.06073	3.72104		
02:00:23	1700	1400	1725	1432	1265	0.93908	3.06088	3.71833		
02:00:33	1700	1400	1708	1348	1268	0.93541	3.06074	3.70212		
02:00:43	1600	1400	1697	1395	1272	0.93751	3.06070	3.71126		
02:00:53	1600	1400	1686	1396	1281	0.93757	3.06053	3.71128		
02:01:03	1600	1300	1665	1351	1291	0.93553	3.06058	3.70246		
02:01:13	1600	1300	1664	1446	1302	0.93966	3.06060	3.72051		
02:01:23	1600	1300	1656	1428	1475	0.93893	3.06065	3.71737		
02:01:33	1600	1400	1678	1528	1308	0.94278	3.06060	3.73414		
02:01:43	1600	1400	1698	1565	1301	0.94411	3.06062	3.73998		
02:01:53	1700	1400	1724	1631	1340	0.94631	3.06087	3.74988		
02:02:03	1700	1500	1765	1687	1305	0.94806	3.06074	3.75734		
02:02:13	1700	1500	1778	1554	1305	0.94375	3.06075	3.73853		
02:02:23	1700	1500	1797	1535	1291	0.94305	3.06070	3.73544		
02:02:33	1700	1500	1797	1516	1279	0.94234	3.06075	3.73241		
02:02:43	1700	1500	1798	1567	1262	0.94418	3.06072	3.74038		
02:02:53	1800	1500	1805	1660	1257	0.94721	3.06091	3.75386		
02:03:03	1800	1500	1810	1701	1224	0.94847	3.06093	3.75938		
02:03:13	1800	1500	1816	1569	1204	0.94426	3.06061	3.74060		
02:03:23	1800	1500	1818	1530	1214	0.94286	3.06082	3.73474		
02:03:33	1700	1500	1799	1325	1143	0.93433	3.06062	3.69725		
02:03:43	1700	1400	1738	1077	1127	0.91981	3.06083	3.63410		
02:03:53	1600	1300	1650	969	1118	0.91134	3.06087	3.59717		
02:04:03	1500	1200	1545	895	1098	0.90438	3.06088	3.56678		
02:04:13	1400	1100	1446	845	1103	0.89897	3.06070	3.54295		
02:04:23	1300	950	1358	867	1059	0.90144	3.06086	3.55395		
02:04:33	1200	900	1281	796	1039	0.89305	3.06080	3.51723		
02:04:43	1200	850	1239	787	1006	0.89191	3.06092	3.51240		
02:04:53	1200	800	1205	745	991	0.88618	3.06101	3.48747		
02:05:03	1000	675	1011	34	978	0.06960	3.06117	0.27711		
02:05:13	800	525	810	4	944	0.00000	3.06115	0.00000		
02:05:23	600	375	605	4	935	0.00000	3.06132	0.00000		
02:05:33	400	250	410	4	953	0.00000	3.06165	0.00000		
02:05:43	200	125	217	4	1028	0.00000	3.06144	0.00000		
02:05:53	25	25	30	4	920	0.00000	3.06172	0.00000		
02:06:03	25	25	16	4	896	0.00000	3.06185	0.00000		
02:06:13	25	25	16	4	905	0.00000	3.06168	0.00000		
02:06:23	25	25	22	15	908	0.00248	3.06196	0.00989		
02:06:33	25	25	28	15	908	0.00248	3.06196	0.00989		
