

			DELHI AIRPORT : 30 m Base line


Time	RVR	 MOR	RVR	MOR	BLM	Trf	 Ref(v)	PD(v)
	(limited)	(limited)	(actual)	(actual)

00:00:54	2000	3000	3333	7435	2623	0.98797	4.52718	4.09461		
00:01:04	2000	3000	3333	7435	2623	0.98797	4.52718	4.09461		
00:01:44	2000	3000	3333	7435	2623	0.98797	4.52718	4.09461		
00:01:54	2000	3000	3333	7435	2623	0.98797	4.52718	4.09461		
00:02:34	2000	3000	3333	7435	2623	0.98797	4.52718	4.09461		
00:02:44	2000	3000	3333	7435	2623	0.98797	4.52718	4.09461		
00:03:34	2000	3000	3333	7435	2623	0.98797	4.52718	4.09461		
00:03:44	2000	3000	3333	7435	2623	0.98797	4.52718	4.09461		
00:04:24	2000	3000	3333	7435	2623	0.98797	4.52718	4.09461		
00:04:34	2000	3000	3333	7435	2623	0.98797	4.52718	4.09461		
00:04:44	2000	3000	3333	7435	2623	0.98797	4.52718	4.09461		
00:05:24	2000	3000	3333	7435	2623	0.98797	4.52718	4.09461		
00:05:34	2000	3000	3333	7435	2623	0.98797	4.52718	4.09461		
00:06:14	2000	3000	3333	7435	2623	0.98797	4.52718	4.09461		
00:06:24	2000	3000	3333	7435	2623	0.98797	4.52718	4.09461		
00:07:14	2000	3000	3333	7435	2623	0.98797	4.52718	4.09461		
00:07:24	2000	3000	3333	7435	2623	0.98797	4.52718	4.09461		
00:08:04	2000	3000	3333	7435	2623	0.98797	4.52718	4.09461		
00:08:14	2000	3000	3333	7435	2623	0.98797	4.52718	4.09461		
00:08:54	2000	3000	3333	7435	2623	0.98797	4.52718	4.09461		
00:09:04	2000	3000	3333	7435	2623	0.98797	4.52718	4.09461		
00:09:44	2000	3000	3333	7435	2623	0.98797	4.52718	4.09461		
00:09:54	2000	3000	3333	7435	2623	0.98797	4.52718	4.09461		
00:10:04	2000	3000	3333	7435	2623	0.98797	4.52718	4.09461		
00:10:44	2000	3000	3333	7435	2623	0.98797	4.52718	4.09461		
00:10:54	2000	3000	3333	7435	2623	0.98797	4.52718	4.09461		
00:11:44	2000	3000	3333	7435	2623	0.98797	4.52718	4.09461		
00:11:54	2000	3000	3333	7435	2623	0.98797	4.52718	4.09461		
00:12:44	2000	3000	3333	7435	2623	0.98797	4.52718	4.09461		
00:12:54	2000	3000	3333	7435	2623	0.98797	4.52718	4.09461		
00:13:34	2000	3000	3333	7435	2623	0.98797	4.52718	4.09461		
00:13:44	2000	3000	3333	7435	2623	0.98797	4.52718	4.09461		
00:14:24	2000	3000	3333	7435	2623	0.98797	4.52718	4.09461		
00:14:34	2000	3000	3333	7435	2623	0.98797	4.52718	4.09461		
00:16:14	2000	3000	3333	7435	2623	0.98797	4.52718	4.09461		
00:16:24	2000	3000	3333	7435	2623	0.98797	4.52718	4.09461		
00:17:04	2000	3000	3333	7435	2623	0.98797	4.52718	4.09461		
00:17:14	2000	3000	3333	7435	2623	0.98797	4.52718	4.09461		
00:17:24	2000	3000	3333	7435	2623	0.98797	4.52718	4.09461		
00:17:34	2000	3000	3333	7435	2623	0.98797	4.52718	4.09461		
00:17:44	2000	3000	3333	7435	2623	0.98797	4.52718	4.09461		
00:17:54	2000	3000	3333	7435	2623	0.98797	4.52718	4.09461		
00:18:04	2000	3000	3333	7435	2623	0.98797	4.52718	4.09461		
00:18:14	2000	3000	3333	7435	2623	0.98797	4.52718	4.09461		
00:18:24	2000	3000	3333	7435	2623	0.98797	4.52718	4.09461		
00:19:14	2000	3000	3333	7435	2623	0.98797	4.52718	4.09461		
00:19:24	2000	3000	3333	7435	2623	0.98797	4.52718	4.09461		
00:19:34	2000	3000	3333	7435	2623	0.98797	4.52718	4.09461		
00:19:44	2000	3000	3333	7435	2623	0.98797	4.52718	4.09461		
00:19:54	2000	3000	3333	7435	2623	0.98797	4.52718	4.09461		
00:20:04	2000	3000	3333	7435	2623	0.98797	4.52718	4.09461		
00:20:14	2000	3000	3333	7435	2623	0.98797	4.52718	4.09461		
00:20:24	2000	3000	3333	7435	2623	0.98797	4.52718	4.09461		
00:20:34	2000	3000	3333	7435	2623	0.98797	4.52718	4.09461		
00:20:44	2000	3000	3333	7435	2623	0.98797	4.52718	4.09461		
00:20:54	2000	3000	3333	7435	2623	0.98797	4.52718	4.09461		
00:21:04	2000	3000	3333	7435	2623	0.98797	4.52718	4.09461		
00:21:14	2000	3000	3333	7435	2623	0.98797	4.52718	4.09461		
00:21:24	2000	3000	3333	7435	2623	0.98797	4.52718	4.09461		
00:21:34	2000	3000	3333	7435	2623	0.98797	4.52718	4.09461		
00:21:44	2000	3000	3333	7435	2623	0.98797	4.52718	4.09461		
00:21:54	2000	3000	3333	7435	2623	0.98797	4.52718	4.09461		
00:22:04	2000	3000	3333	7435	2623	0.98797	4.52718	4.09461		
00:22:14	2000	3000	3333	7435	2623	0.98797	4.52718	4.09461		
00:22:24	2000	3000	3333	7435	2623	0.98797	4.52718	4.09461		
00:22:34	2000	3000	3333	7435	2623	0.98797	4.52718	4.09461		
00:22:44	2000	3000	3333	7435	2623	0.98797	4.52718	4.09461		
00:22:54	2000	3000	3333	7435	2623	0.98797	4.52718	4.09461		
00:23:54	2000	3000	3333	7435	2623	0.98797	4.52718	4.09461		
00:24:04	2000	3000	3333	7435	2623	0.98797	4.52718	4.09461		
00:24:44	2000	3000	3333	7435	2623	0.98797	4.52718	4.09461		
00:24:54	2000	3000	3333	7435	2623	0.98797	4.52718	4.09461		
00:25:34	2000	3000	3333	7435	2623	0.98797	4.52718	4.09461		
00:25:44	2000	3000	3333	7435	2623	0.98797	4.52718	4.09461		
00:26:34	2000	3000	3333	7435	2623	0.98797	4.52718	4.09461		
00:26:44	2000	3000	3333	7435	2623	0.98797	4.52718	4.09461		
00:27:24	2000	3000	3333	7435	2623	0.98797	4.52718	4.09461		
00:27:34	2000	3000	3333	7435	2623	0.98797	4.52718	4.09461		
00:28:14	2000	3000	3333	7435	2623	0.98797	4.52718	4.09461		
00:28:24	2000	3000	3333	7435	2623	0.98797	4.52718	4.09461		
00:28:34	2000	3000	3333	7435	2623	0.98797	4.52718	4.09461		
00:28:44	2000	3000	3333	7435	2623	0.98797	4.52718	4.09461		
00:28:54	2000	3000	3333	7435	2623	0.98797	4.52718	4.09461		
00:29:04	2000	3000	3333	7435	2623	0.98797	4.52718	4.09461		
00:29:14	2000	3000	3333	7435	2623	0.98797	4.52718	4.09461		
00:32:04	2000	3000	3333	7435	2623	0.98797	4.52718	4.09461		
00:32:14	2000	3000	3333	7435	2623	0.98797	4.52718	4.09461		
00:32:24	2000	3000	3333	7435	2623	0.98797	4.52718	4.09461		
00:32:54	2000	3000	3333	7435	2623	0.98797	4.52718	4.09461		
00:33:04	2000	3000	3333	7435	2623	0.98797	4.52718	4.09461		
00:33:14	2000	3000	3333	7435	2623	0.98797	4.52718	4.09461		
00:33:44	2000	3000	3333	7435	2623	0.98797	4.52718	4.09461		
00:33:54	2000	3000	3333	7435	2623	0.98797	4.52718	4.09461		
00:34:04	2000	3000	3333	7435	2623	0.98797	4.52718	4.09461		
00:34:44	2000	3000	3333	7435	2623	0.98797	4.52718	4.09461		
00:34:54	2000	3000	3333	7435	2623	0.98797	4.52718	4.09461		
00:35:04	2000	3000	3333	7435	2623	0.98797	4.52718	4.09461		
00:35:34	2000	3000	3333	7435	2623	0.98797	4.52718	4.09461		
00:35:44	2000	3000	3333	7435	2623	0.98797	4.52718	4.09461		
00:35:54	2000	3000	3333	7435	2623	0.98797	4.52718	4.09461		
00:36:24	2000	3000	3333	7435	2623	0.98797	4.52718	4.09461		
00:36:34	2000	3000	3333	7435	2623	0.98797	4.52718	4.09461		
00:36:44	2000	3000	3333	7435	2623	0.98797	4.52718	4.09461		
00:37:24	2000	3000	3333	7435	2623	0.98797	4.52718	4.09461		
00:37:34	2000	3000	3333	7435	2623	0.98797	4.52718	4.09461		
00:37:44	2000	3000	3333	7435	2623	0.98797	4.52718	4.09461		
00:37:54	2000	3000	3333	7435	2623	0.98797	4.52718	4.09461		
00:38:34	2000	3000	3333	7435	2623	0.98797	4.52718	4.09461		
00:38:44	2000	3000	3333	7435	2623	0.98797	4.52718	4.09461		
00:38:54	2000	3000	3333	7435	2623	0.98797	4.52718	4.09461		
00:39:04	2000	3000	3333	7435	2623	0.98797	4.52718	4.09461		
00:39:44	2000	3000	3333	7435	2623	0.98797	4.52718	4.09461		
00:39:54	2000	3000	3333	7435	2623	0.98797	4.52718	4.09461		
00:40:04	2000	3000	3333	7435	2623	0.98797	4.52718	4.09461		
00:40:54	2000	3000	3333	7435	2623	0.98797	4.52718	4.09461		
00:41:04	2000	3000	3333	7435	2623	0.98797	4.52718	4.09461		
00:41:14	2000	3000	3333	7435	2623	0.98797	4.52718	4.09461		
00:41:24	2000	3000	3333	7435	2623	0.98797	4.52718	4.09461		
00:42:04	2000	3000	3333	7435	2623	0.98797	4.52718	4.09461		
00:42:14	2000	3000	3333	7435	2623	0.98797	4.52718	4.09461		
00:42:24	2000	3000	3333	7435	2623	0.98797	4.52718	4.09461		
00:42:34	2000	3000	3333	7435	2623	0.98797	4.52718	4.09461		
00:44:14	2000	3000	3333	7435	2623	0.98797	4.52718	4.09461		
00:44:24	2000	3000	3333	7435	2623	0.98797	4.52718	4.09461		
00:44:34	2000	3000	3333	7435	2623	0.98797	4.52718	4.09461		
00:45:34	2000	3000	3333	7435	2623	0.98797	4.52718	4.09461		
00:45:44	2000	3000	3333	7435	2623	0.98797	4.52718	4.09461		
00:45:54	2000	3000	3333	7435	2623	0.98797	4.52718	4.09461		
00:46:24	2000	3000	3333	7435	2623	0.98797	4.52718	4.09461		
00:46:34	2000	3000	3333	7435	2623	0.98797	4.52718	4.09461		
00:46:44	2000	3000	3333	7435	2623	0.98797	4.52718	4.09461		
00:47:14	2000	3000	3333	7435	2623	0.98797	4.52718	4.09461		
00:47:24	2000	3000	3333	7435	2623	0.98797	4.52718	4.09461		
00:47:34	2000	3000	3333	7435	2623	0.98797	4.52718	4.09461		
00:47:44	2000	3000	3333	7435	2623	0.98797	4.52718	4.09461		
00:48:14	2000	3000	3333	7435	2623	0.98797	4.52718	4.09461		
00:48:24	2000	3000	3333	7435	2623	0.98797	4.52718	4.09461		
00:48:34	2000	3000	3333	7435	2623	0.98797	4.52718	4.09461		
00:49:04	2000	3000	3333	7435	2623	0.98797	4.52718	4.09461		
00:49:14	2000	3000	3333	7435	2623	0.98797	4.52718	4.09461		
00:49:24	2000	3000	3333	7435	2623	0.98797	4.52718	4.09461		
00:49:54	2000	3000	3333	7435	2623	0.98797	4.52718	4.09461		
00:50:04	2000	3000	3333	7435	2623	0.98797	4.52718	4.09461		
00:50:14	2000	3000	3333	7435	2623	0.98797	4.52718	4.09461		
00:50:54	2000	3000	3333	7435	2623	0.98797	4.52718	4.09461		
00:51:04	2000	3000	3333	7435	2623	0.98797	4.52718	4.09461		
00:51:14	2000	3000	3333	7435	2623	0.98797	4.52718	4.09461		
00:51:44	2000	3000	3333	7435	2623	0.98797	4.52718	4.09461		
00:51:54	2000	3000	3333	7435	2623	0.98797	4.52718	4.09461		
00:52:04	2000	3000	3333	7435	2623	0.98797	4.52718	4.09461		
00:52:34	2000	3000	3333	7435	2623	0.98797	4.52718	4.09461		
00:52:44	2000	3000	3333	7435	2623	0.98797	4.52718	4.09461		
00:52:54	2000	3000	3333	7435	2623	0.98797	4.52718	4.09461		
00:55:44	2000	3000	3333	7435	2623	0.98797	4.52718	4.09461		
00:55:54	2000	3000	3333	7435	2623	0.98797	4.52718	4.09461		
00:56:04	2000	3000	3333	7435	2623	0.98797	4.52718	4.09461		
00:57:24	2000	3000	3333	7435	2623	0.98797	4.52718	4.09461		
00:57:34	2000	3000	3333	7435	2623	0.98797	4.52718	4.09461		
00:57:44	2000	3000	3333	7435	2623	0.98797	4.52718	4.09461		
00:58:34	2000	3000	3333	7435	2623	0.98797	4.52718	4.09461		
00:58:44	2000	3000	3333	7435	2623	0.98797	4.52718	4.09461		
00:59:24	2000	3000	3333	7435	2623	0.98797	4.52718	4.09461		
00:59:34	2000	3000	3333	7435	2623	0.98797	4.52718	4.09461		
01:00:14	2000	3000	3333	7435	2623	0.98797	4.52718	4.09461		
01:00:24	2000	3000	3333	7435	2623	0.98797	4.52718	4.09461		
01:01:14	2000	3000	3333	7435	2623	0.98797	4.52718	4.09461		
01:01:24	2000	3000	3333	7435	2623	0.98797	4.52718	4.09461		
01:02:54	2000	3000	3333	7435	2623	0.98797	4.52718	4.09461		
01:03:04	2000	3000	3333	7435	2623	0.98797	4.52718	4.09461		
01:03:54	2000	3000	3333	7435	2623	0.98797	4.52718	4.09461		
01:04:04	2000	3000	3333	7435	2623	0.98797	4.52718	4.09461		
01:04:44	2000	3000	3333	7435	2623	0.98797	4.52718	4.09461		
01:04:54	2000	3000	3333	7435	2623	0.98797	4.52718	4.09461		
01:05:34	2000	3000	3333	7435	2623	0.98797	4.52718	4.09461		
01:05:44	2000	3000	3333	7435	2623	0.98797	4.52718	4.09461		
01:06:24	2000	3000	3333	7435	2623	0.98797	4.52718	4.09461		
01:06:34	2000	3000	3333	7435	2623	0.98797	4.52718	4.09461		
01:06:44	2000	3000	3333	7435	2623	0.98797	4.52718	4.09461		
01:45:24	2000	3000	3333	7435	2623	0.98797	4.52718	4.09461		
01:45:34	2000	3000	3333	7435	2623	0.98797	4.52718	4.09461		
01:45:44	2000	3000	3333	7435	2623	0.98797	4.52718	4.09461		
02:35:14	2000	3000	3333	7435	2623	0.98797	4.52718	4.09461		
02:35:24	2000	3000	3333	7435	2623	0.98797	4.52718	4.09461		
02:35:34	2000	3000	3333	7435	2623	0.98797	4.52718	4.09461		
03:13:44	2000	3000	3333	7435	2623	0.98797	4.52718	4.09461		
03:13:54	2000	3000	3333	7435	2623	0.98797	4.52718	4.09461		
03:14:04	2000	3000	3333	7435	2623	0.98797	4.52718	4.09461		
03:14:44	2000	3000	3333	7435	2623	0.98797	4.52718	4.09461		
03:14:54	2000	3000	3333	7435	2623	0.98797	4.52718	4.09461		
03:15:04	2000	3000	3333	7435	2623	0.98797	4.52718	4.09461		
03:15:34	2000	3000	3333	7435	2623	0.98797	4.52718	4.09461		
03:15:44	2000	3000	3333	7435	2623	0.98797	4.52718	4.09461		
03:15:54	2000	3000	3333	7435	2623	0.98797	4.52718	4.09461		
03:16:24	2000	3000	3333	7435	2623	0.98797	4.52718	4.09461		
03:16:34	2000	3000	3333	7435	2623	0.98797	4.52718	4.09461		
03:16:44	2000	3000	3333	7435	2623	0.98797	4.52718	4.09461		
03:17:24	2000	3000	3333	7435	2623	0.98797	4.52718	4.09461		
03:17:34	2000	3000	3333	7435	2623	0.98797	4.52718	4.09461		
03:17:44	2000	3000	3333	7435	2623	0.98797	4.52718	4.09461		
03:19:14	2000	3000	3333	7435	2623	0.98797	4.52718	4.09461		
03:19:24	2000	3000	3333	7435	2623	0.98797	4.52718	4.09461		
03:20:14	2000	3000	3333	7435	2623	0.98797	4.52718	4.09461		
03:20:24	2000	3000	3333	7435	2623	0.98797	4.52718	4.09461		
03:22:54	2000	3000	3333	7435	2623	0.98797	4.52718	4.09461		
03:23:04	2000	3000	3333	7435	2623	0.98797	4.52718	4.09461		
03:27:14	2000	3000	3333	7435	2623	0.98797	4.52718	4.09461		
03:27:24	2000	3000	3333	7435	2623	0.98797	4.52718	4.09461		
03:28:14	2000	3000	3333	7435	2623	0.98797	4.52718	4.09461		
03:28:24	2000	3000	3333	7435	2623	0.98797	4.52718	4.09461		
03:30:44	2000	3000	3333	7435	2623	0.98797	4.52718	4.09461		
03:30:54	2000	3000	3333	7435	2623	0.98797	4.52718	4.09461		
03:31:44	2000	3000	3333	7435	2623	0.98797	4.52718	4.09461		
03:31:54	2000	3000	3333	7435	2623	0.98797	4.52718	4.09461		
03:33:24	2000	3000	3333	7435	2623	0.98797	4.52718	4.09461		
03:33:34	2000	3000	3333	7435	2623	0.98797	4.52718	4.09461		
03:34:24	2000	3000	3333	7435	2623	0.98797	4.52718	4.09461		
03:34:34	2000	3000	3333	7435	2623	0.98797	4.52718	4.09461		
03:35:14	2000	3000	3333	7435	2623	0.98797	4.52718	4.09461		
03:35:24	2000	3000	3333	7435	2623	0.98797	4.52718	4.09461		
03:36:04	2000	3000	3333	7435	2623	0.98797	4.52718	4.09461		
03:36:14	2000	3000	3333	7435	2623	0.98797	4.52718	4.09461		
03:37:04	2000	3000	3333	7435	2623	0.98797	4.52718	4.09461		
03:37:14	2000	3000	3333	7435	2623	0.98797	4.52718	4.09461		
03:39:44	2000	3000	3333	7435	2623	0.98797	4.52718	4.09461		
03:39:54	2000	3000	3333	7435	2623	0.98797	4.52718	4.09461		
03:40:34	2000	3000	3333	7435	2623	0.98797	4.52718	4.09461		
03:40:44	2000	3000	3333	7435	2623	0.98797	4.52718	4.09461		
03:42:24	2000	3000	3333	7435	2623	0.98797	4.52718	4.09461		
03:42:34	2000	3000	3333	7435	2623	0.98797	4.52718	4.09461		
03:45:54	2000	3000	3333	7435	2623	0.98797	4.52718	4.09461		
03:46:04	2000	3000	3333	7435	2623	0.98797	4.52718	4.09461		
03:46:14	2000	3000	3333	7435	2623	0.98797	4.52718	4.09461		
03:47:34	2000	3000	3333	7435	2623	0.98797	4.52718	4.09461		
03:47:44	2000	3000	3333	7435	2623	0.98797	4.52718	4.09461		
03:47:54	2000	3000	3333	7435	2623	0.98797	4.52718	4.09461		
03:51:24	2000	3000	3333	7435	2623	0.98797	4.52718	4.09461		
03:51:34	2000	3000	3333	7435	2623	0.98797	4.52718	4.09461		
03:51:44	2000	3000	3333	7435	2623	0.98797	4.52718	4.09461		
03:54:54	2000	3000	3333	7435	2623	0.98797	4.52718	4.09461		
03:55:04	2000	3000	3333	7435	2623	0.98797	4.52718	4.09461		
03:55:14	2000	3000	3333	7435	2623	0.98797	4.52718	4.09461		
03:55:44	2000	3000	3333	7435	2623	0.98797	4.52718	4.09461		
03:55:54	2000	3000	3333	7435	2623	0.98797	4.52718	4.09461		
03:56:04	2000	3000	3333	7435	2623	0.98797	4.52718	4.09461		
03:56:44	2000	3000	3333	7435	2623	0.98797	4.52718	4.09461		
03:56:54	2000	3000	3333	7435	2623	0.98797	4.52718	4.09461		
03:57:04	2000	3000	3333	7435	2623	0.98797	4.52718	4.09461		
03:58:24	2000	3000	3333	7435	2623	0.98797	4.52718	4.09461		
03:58:34	2000	3000	3333	7435	2623	0.98797	4.52718	4.09461		
03:58:44	2000	3000	3333	7435	2623	0.98797	4.52718	4.09461		
04:02:04	2000	3000	3333	7435	2623	0.98797	4.52718	4.09461		
04:02:14	2000	3000	3333	7435	2623	0.98797	4.52718	4.09461		
04:02:24	2000	3000	3333	7435	2623	0.98797	4.52718	4.09461		
04:02:54	2000	3000	3333	7435	2623	0.98797	4.52718	4.09461		
04:03:04	2000	3000	3333	7435	2623	0.98797	4.52718	4.09461		
04:03:14	2000	3000	3333	7435	2623	0.98797	4.52718	4.09461		
04:05:34	2000	3000	3333	7435	2623	0.98797	4.52718	4.09461		
04:05:44	2000	3000	3333	7435	2623	0.98797	4.52718	4.09461		
04:05:54	2000	3000	3333	7435	2623	0.98797	4.52718	4.09461		
04:07:24	2000	3000	3333	7435	2623	0.98797	4.52718	4.09461		
04:07:34	2000	3000	3333	7435	2623	0.98797	4.52718	4.09461		
04:07:44	2000	3000	3333	7435	2623	0.98797	4.52718	4.09461		
04:09:14	2000	3000	3333	7435	2623	0.98797	4.52718	4.09461		
04:09:24	2000	3000	3333	7435	2623	0.98797	4.52718	4.09461		
04:10:04	2000	3000	3333	7435	2623	0.98797	4.52718	4.09461		
04:10:14	2000	3000	3333	7435	2623	0.98797	4.52718	4.09461		
04:14:34	2000	3000	3333	7435	2623	0.98797	4.52718	4.09461		
04:14:44	2000	3000	3333	7435	2623	0.98797	4.52718	4.09461		
04:15:24	2000	3000	3333	7435	2623	0.98797	4.52718	4.09461		
04:15:34	2000	3000	3333	7435	2623	0.98797	4.52718	4.09461		
04:15:44	2000	3000	3333	7435	2623	0.98797	4.52718	4.09461		
04:17:04	2000	3000	3333	7435	2623	0.98797	4.52718	4.09461		
04:17:14	2000	3000	3333	7435	2623	0.98797	4.52718	4.09461		
04:17:24	2000	3000	3333	7435	2623	0.98797	4.52718	4.09461		
04:18:54	2000	3000	3333	7435	2623	0.98797	4.52718	4.09461		
04:19:04	2000	3000	3333	7435	2623	0.98797	4.52718	4.09461		
04:19:14	2000	3000	3333	7435	2623	0.98797	4.52718	4.09461		
04:19:44	2000	3000	3333	7435	2623	0.98797	4.52718	4.09461		
04:19:54	2000	3000	3333	7435	2623	0.98797	4.52718	4.09461		
04:20:04	2000	3000	3333	7435	2623	0.98797	4.52718	4.09461		
04:22:24	2000	3000	3333	7435	2623	0.98797	4.52718	4.09461		
04:22:34	2000	3000	3333	7435	2623	0.98797	4.52718	4.09461		
04:22:44	2000	3000	3333	7435	2623	0.98797	4.52718	4.09461		
04:24:14	2000	3000	3333	7435	2623	0.98797	4.52718	4.09461		
04:24:24	2000	3000	3333	7435	2623	0.98797	4.52718	4.09461		
04:24:34	2000	3000	3333	7435	2623	0.98797	4.52718	4.09461		
04:25:54	2000	3000	3333	7435	2623	0.98797	4.52718	4.09461		
04:26:04	2000	3000	3333	7435	2623	0.98797	4.52718	4.09461		
04:26:14	2000	3000	3333	7435	2623	0.98797	4.52718	4.09461		
04:27:44	2000	3000	3333	7435	2623	0.98797	4.52718	4.09461		
04:27:54	2000	3000	3333	7435	2623	0.98797	4.52718	4.09461		
04:28:04	2000	3000	3333	7435	2623	0.98797	4.52718	4.09461		
04:32:14	2000	3000	3333	7435	2623	0.98797	4.52718	4.09461		
04:32:24	2000	3000	3333	7435	2623	0.98797	4.52718	4.09461		
04:32:34	2000	3000	3333	7435	2623	0.98797	4.52718	4.09461		
04:37:34	2000	3000	3333	7435	2623	0.98797	4.52718	4.09461		
04:37:44	2000	3000	3333	7435	2623	0.98797	4.52718	4.09461		
04:37:54	2000	3000	3333	7435	2623	0.98797	4.52718	4.09461		
04:38:24	2000	3000	3333	7435	2623	0.98797	4.52718	4.09461		
04:38:34	2000	3000	3333	7435	2623	0.98797	4.52718	4.09461		
04:38:44	2000	3000	3333	7435	2623	0.98797	4.52718	4.09461		
04:40:14	2000	3000	3333	7435	2623	0.98797	4.52718	4.09461		
04:40:24	2000	3000	3333	7435	2623	0.98797	4.52718	4.09461		
04:40:34	2000	3000	3333	7435	2623	0.98797	4.52718	4.09461		
04:42:54	2000	3000	3333	7435	2623	0.98797	4.52718	4.09461		
04:43:04	2000	3000	3333	7435	2623	0.98797	4.52718	4.09461		
04:43:14	2000	3000	3333	7435	2623	0.98797	4.52718	4.09461		
04:43:44	2000	3000	3333	7435	2623	0.98797	4.52718	4.09461		
04:43:54	2000	3000	3333	7435	2623	0.98797	4.52718	4.09461		
04:44:04	2000	3000	3333	7435	2623	0.98797	4.52718	4.09461		
04:51:54	2000	3000	3333	7435	2623	0.98797	4.52718	4.09461		
04:52:04	2000	3000	3333	7435	2623	0.98797	4.52718	4.09461		
04:55:24	2000	3000	3333	7435	2623	0.98797	4.52718	4.09461		
04:55:34	2000	3000	3333	7435	2623	0.98797	4.52718	4.09461		
04:55:44	2000	3000	3333	7435	2623	0.98797	4.52718	4.09461		
04:59:04	2000	3000	3333	7435	2623	0.98797	4.52718	4.09461		
04:59:14	2000	3000	3333	7435	2623	0.98797	4.52718	4.09461		
04:59:54	2000	3000	3333	7435	2623	0.98797	4.52718	4.09461		
05:00:04	2000	3000	3333	7435	2623	0.98797	4.52718	4.09461		
05:00:44	2000	3000	3333	7435	2623	0.98797	4.52718	4.09461		
05:00:54	2000	3000	3333	7435	2623	0.98797	4.52718	4.09461		
05:07:04	2000	3000	3333	7435	2623	0.98797	4.52718	4.09461		
05:07:14	2000	3000	3333	7435	2623	0.98797	4.52718	4.09461		
05:08:44	2000	3000	3333	7435	2623	0.98797	4.52718	4.09461		
05:08:54	2000	3000	3333	7435	2623	0.98797	4.52718	4.09461		
05:12:24	2000	3000	3333	7435	2623	0.98797	4.52718	4.09461		
05:12:34	2000	3000	3333	7435	2623	0.98797	4.52718	4.09461		
05:17:34	2000	3000	3333	7435	2623	0.98797	4.52718	4.09461		
05:17:44	2000	3000	3333	7435	2623	0.98797	4.52718	4.09461		
05:19:24	2000	3000	3333	7435	2623	0.98797	4.52718	4.09461		
05:19:34	2000	3000	3333	7435	2623	0.98797	4.52718	4.09461		
05:22:54	2000	3000	3333	7435	2623	0.98797	4.52718	4.09461		
05:23:04	2000	3000	3333	7435	2623	0.98797	4.52718	4.09461		
05:23:54	2000	3000	3333	7435	2623	0.98797	4.52718	4.09461		
05:24:04	2000	3000	3333	7435	2623	0.98797	4.52718	4.09461		
05:28:14	2000	3000	3333	7435	2623	0.98797	4.52718	4.09461		
05:28:24	2000	3000	3333	7435	2623	0.98797	4.52718	4.09461		
05:37:14	2000	3000	3333	7435	2623	0.98797	4.52718	4.09461		
05:37:24	2000	3000	3333	7435	2623	0.98797	4.52718	4.09461		
05:37:34	2000	3000	3333	7435	2623	0.98797	4.52718	4.09461		
05:37:44	2000	3000	3333	7435	2623	0.98797	4.52718	4.09461		
05:40:04	2000	3000	3333	7435	2623	0.98797	4.52718	4.09461		
05:40:14	2000	3000	3333	7435	2623	0.98797	4.52718	4.09461		
05:40:24	2000	3000	3333	7435	2623	0.98797	4.52718	4.09461		
05:40:54	2000	3000	3333	7435	2623	0.98797	4.52718	4.09461		
05:41:04	2000	3000	3333	7435	2623	0.98797	4.52718	4.09461		
05:41:14	2000	3000	3333	7435	2623	0.98797	4.52718	4.09461		
05:45:14	2000	3000	3333	7435	2623	0.98797	4.52718	4.09461		
05:45:24	2000	3000	3333	7435	2623	0.98797	4.52718	4.09461		
05:45:34	2000	3000	3333	7435	2623	0.98797	4.52718	4.09461		
05:46:14	2000	3000	3333	7435	2623	0.98797	4.52718	4.09461		
05:46:24	2000	3000	3333	7435	2623	0.98797	4.52718	4.09461		
05:46:34	2000	3000	3333	7435	2623	0.98797	4.52718	4.09461		
05:47:04	2000	3000	3333	7435	2623	0.98797	4.52718	4.09461		
05:47:14	2000	3000	3333	7435	2623	0.98797	4.52718	4.09461		
05:47:24	2000	3000	3333	7435	2623	0.98797	4.52718	4.09461		
05:47:54	2000	3000	3333	7435	2623	0.98797	4.52718	4.09461		
05:48:04	2000	3000	3333	7435	2623	0.98797	4.52718	4.09461		
05:48:14	2000	3000	3333	7435	2623	0.98797	4.52718	4.09461		
05:49:44	2000	3000	3333	7435	2623	0.98797	4.52718	4.09461		
05:49:54	2000	3000	3333	7435	2623	0.98797	4.52718	4.09461		
05:50:04	2000	3000	3333	7435	2623	0.98797	4.52718	4.09461		
05:50:44	2000	3000	3333	7435	2623	0.98797	4.52718	4.09461		
05:50:54	2000	3000	3333	7435	2623	0.98797	4.52718	4.09461		
05:51:04	2000	3000	3333	7435	2623	0.98797	4.52718	4.09461		
05:52:24	2000	3000	3333	7435	2623	0.98797	4.52718	4.09461		
05:52:34	2000	3000	3333	7435	2623	0.98797	4.52718	4.09461		
05:52:44	2000	3000	3333	7435	2623	0.98797	4.52718	4.09461		
05:53:14	2000	3000	3333	7435	2623	0.98797	4.52718	4.09461		
05:53:24	2000	3000	3333	7435	2623	0.98797	4.52718	4.09461		
05:53:34	2000	3000	3333	7435	2623	0.98797	4.52718	4.09461		
05:54:14	2000	3000	3333	7435	2623	0.98797	4.52718	4.09461		
05:54:24	2000	3000	3333	7435	2623	0.98797	4.52718	4.09461		
05:54:34	2000	3000	3333	7435	2623	0.98797	4.52718	4.09461		
05:56:54	2000	3000	3333	7435	2623	0.98797	4.52718	4.09461		
05:57:04	2000	3000	3333	7435	2623	0.98797	4.52718	4.09461		
05:57:14	2000	3000	3333	7435	2623	0.98797	4.52718	4.09461		
05:57:44	2000	3000	3333	7435	2623	0.98797	4.52718	4.09461		
05:57:54	2000	3000	3333	7435	2623	0.98797	4.52718	4.09461		
05:58:04	2000	3000	3333	7435	2623	0.98797	4.52718	4.09461		
05:59:34	2000	3000	3333	7435	2623	0.98797	4.52718	4.09461		
05:59:44	2000	3000	3333	7435	2623	0.98797	4.52718	4.09461		
05:59:54	2000	3000	3333	7435	2623	0.98797	4.52718	4.09461		
06:02:14	2000	3000	3333	7435	2623	0.98797	4.52718	4.09461		
06:02:24	2000	3000	3333	7435	2623	0.98797	4.52718	4.09461		
06:03:14	2000	3000	3333	7435	2623	0.98797	4.52718	4.09461		
06:03:24	2000	3000	3333	7435	2623	0.98797	4.52718	4.09461		
06:04:04	2000	3000	3333	7435	2623	0.98797	4.52718	4.09461		
06:04:14	2000	3000	3333	7435	2623	0.98797	4.52718	4.09461		
06:04:54	2000	3000	3333	7435	2623	0.98797	4.52718	4.09461		
06:05:04	2000	3000	3333	7435	2623	0.98797	4.52718	4.09461		
06:05:54	2000	3000	3333	7435	2623	0.98797	4.52718	4.09461		
06:06:04	2000	3000	3333	7435	2623	0.98797	4.52718	4.09461		
06:06:44	2000	3000	3333	7435	2623	0.98797	4.52718	4.09461		
06:06:54	2000	3000	3333	7435	2623	0.98797	4.52718	4.09461		
06:07:34	2000	3000	3333	7435	2623	0.98797	4.52718	4.09461		
06:07:44	2000	3000	3333	7435	2623	0.98797	4.52718	4.09461		
06:08:34	2000	3000	3333	7435	2623	0.98797	4.52718	4.09461		
06:08:44	2000	3000	3333	7435	2623	0.98797	4.52718	4.09461		
06:10:14	2000	3000	3333	7435	2623	0.98797	4.52718	4.09461		
06:10:24	2000	3000	3333	7435	2623	0.98797	4.52718	4.09461		
06:11:04	2000	3000	3333	7435	2623	0.98797	4.52718	4.09461		
06:11:14	2000	3000	3333	7435	2623	0.98797	4.52718	4.09461		
06:12:04	2000	3000	3333	7435	2623	0.98797	4.52718	4.09461		
06:12:14	2000	3000	3333	7435	2623	0.98797	4.52718	4.09461		
06:13:04	2000	3000	3333	7435	2623	0.98797	4.52718	4.09461		
06:13:14	2000	3000	3333	7435	2623	0.98797	4.52718	4.09461		
06:13:54	2000	3000	3333	7435	2623	0.98797	4.52718	4.09461		
06:14:04	2000	3000	3333	7435	2623	0.98797	4.52718	4.09461		
06:14:54	2000	3000	3333	7435	2623	0.98797	4.52718	4.09461		
06:15:04	2000	3000	3333	7435	2623	0.98797	4.52718	4.09461		
06:17:24	2000	3000	3333	7435	2623	0.98797	4.52718	4.09461		
06:17:34	2000	3000	3333	7435	2623	0.98797	4.52718	4.09461		
06:19:14	2000	3000	3333	7435	2623	0.98797	4.52718	4.09461		
06:19:24	2000	3000	3333	7435	2623	0.98797	4.52718	4.09461		
06:21:04	2000	3000	3333	7435	2623	0.98797	4.52718	4.09461		
06:21:14	2000	3000	3333	7435	2623	0.98797	4.52718	4.09461		
06:21:54	2000	3000	3333	7435	2623	0.98797	4.52718	4.09461		
06:22:04	2000	3000	3333	7435	2623	0.98797	4.52718	4.09461		
06:23:44	2000	3000	3333	7435	2623	0.98797	4.52718	4.09461		
06:23:54	2000	3000	3333	7435	2623	0.98797	4.52718	4.09461		
06:26:24	2000	3000	3333	7435	2623	0.98797	4.52718	4.09461		
06:26:34	2000	3000	3333	7435	2623	0.98797	4.52718	4.09461		
06:26:44	2000	3000	3333	7435	2623	0.98797	4.52718	4.09461		
06:27:14	2000	3000	3333	7435	2623	0.98797	4.52718	4.09461		
06:27:24	2000	3000	3333	7435	2623	0.98797	4.52718	4.09461		
06:27:34	2000	3000	3333	7435	2623	0.98797	4.52718	4.09461		
06:30:44	2000	3000	3333	7435	2623	0.98797	4.52718	4.09461		
06:30:54	2000	3000	3333	7435	2623	0.98797	4.52718	4.09461		
06:31:04	2000	3000	3333	7435	2623	0.98797	4.52718	4.09461		
06:31:44	2000	3000	3333	7435	2623	0.98797	4.52718	4.09461		
06:31:54	2000	3000	3333	7435	2623	0.98797	4.52718	4.09461		
06:32:04	2000	3000	3333	7435	2623	0.98797	4.52718	4.09461		
06:32:34	2000	3000	3333	7435	2623	0.98797	4.52718	4.09461		
06:32:44	2000	3000	3333	7435	2623	0.98797	4.52718	4.09461		
06:32:54	2000	3000	3333	7435	2623	0.98797	4.52718	4.09461		
06:33:24	2000	3000	3333	7435	2623	0.98797	4.52718	4.09461		
06:33:34	2000	3000	3333	7435	2623	0.98797	4.52718	4.09461		
06:33:44	2000	3000	3333	7435	2623	0.98797	4.52718	4.09461		
06:34:24	2000	3000	3333	7435	2623	0.98797	4.52718	4.09461		
06:34:34	2000	3000	3333	7435	2623	0.98797	4.52718	4.09461		
06:34:44	2000	3000	3333	7435	2623	0.98797	4.52718	4.09461		
06:35:24	2000	3000	3333	7435	2623	0.98797	4.52718	4.09461		
06:35:34	2000	3000	3333	7435	2623	0.98797	4.52718	4.09461		
06:35:44	2000	3000	3333	7435	2623	0.98797	4.52718	4.09461		
06:37:54	2000	3000	3333	7435	2623	0.98797	4.52718	4.09461		
06:38:04	2000	3000	3333	7435	2623	0.98797	4.52718	4.09461		
06:38:14	2000	3000	3333	7435	2623	0.98797	4.52718	4.09461		
06:38:54	2000	3000	3333	7435	2623	0.98797	4.52718	4.09461		
06:39:04	2000	3000	3333	7435	2623	0.98797	4.52718	4.09461		
06:39:14	2000	3000	3333	7435	2623	0.98797	4.52718	4.09461		
06:39:44	2000	3000	3333	7435	2623	0.98797	4.52718	4.09461		
06:39:54	2000	3000	3333	7435	2623	0.98797	4.52718	4.09461		
06:40:04	2000	3000	3333	7435	2623	0.98797	4.52718	4.09461		
06:41:34	2000	3000	3333	7435	2623	0.98797	4.52718	4.09461		
06:41:44	2000	3000	3333	7435	2623	0.98797	4.52718	4.09461		
06:41:54	2000	3000	3333	7435	2623	0.98797	4.52718	4.09461		
06:42:24	2000	3000	3333	7435	2623	0.98797	4.52718	4.09461		
06:42:34	2000	3000	3333	7435	2623	0.98797	4.52718	4.09461		
06:42:44	2000	3000	3333	7435	2623	0.98797	4.52718	4.09461		
06:43:14	2000	3000	3333	7435	2623	0.98797	4.52718	4.09461		
06:43:24	2000	3000	3333	7435	2623	0.98797	4.52718	4.09461		
06:43:34	2000	3000	3333	7435	2623	0.98797	4.52718	4.09461		
06:44:14	2000	3000	3333	7435	2623	0.98797	4.52718	4.09461		
06:44:24	2000	3000	3333	7435	2623	0.98797	4.52718	4.09461		
06:44:34	2000	3000	3333	7435	2623	0.98797	4.52718	4.09461		
06:45:04	2000	3000	3333	7435	2623	0.98797	4.52718	4.09461		
06:45:14	2000	3000	3333	7435	2623	0.98797	4.52718	4.09461		
06:45:24	2000	3000	3333	7435	2623	0.98797	4.52718	4.09461		
06:51:34	2000	3000	3333	7435	2623	0.98797	4.52718	4.09461		
06:51:44	2000	3000	3333	7435	2623	0.98797	4.52718	4.09461		
06:54:14	2000	3000	3333	7435	2623	0.98797	4.52718	4.09461		
06:54:24	2000	3000	3333	7435	2623	0.98797	4.52718	4.09461		
06:55:04	2000	3000	3333	7435	2623	0.98797	4.52718	4.09461		
06:55:14	2000	3000	3333	7435	2623	0.98797	4.52718	4.09461		
06:55:54	2000	3000	3333	7435	2623	0.98797	4.52718	4.09461		
06:56:04	2000	3000	3333	7435	2623	0.98797	4.52718	4.09461		
06:59:34	2000	3000	3333	7435	2623	0.98797	4.52718	4.09461		
06:59:44	2000	3000	3333	7435	2623	0.98797	4.52718	4.09461		
07:01:14	2000	3000	3333	7435	2623	0.98797	4.52718	4.09461		
07:01:24	2000	3000	3333	7435	2623	0.98797	4.52718	4.09461		
07:07:24	2000	3000	3333	7435	2623	0.98797	4.52718	4.09461		
07:07:34	2000	3000	3333	7435	2623	0.98797	4.52718	4.09461		
07:08:24	2000	3000	3333	7435	2623	0.98797	4.52718	4.09461		
07:08:34	2000	3000	3333	7435	2623	0.98797	4.52718	4.09461		
07:13:44	2000	3000	3333	7435	2623	0.98797	4.52718	4.09461		
07:13:54	2000	3000	3333	7435	2623	0.98797	4.52718	4.09461		
07:14:04	2000	3000	3333	7435	2623	0.98797	4.52718	4.09461		
07:14:34	2000	3000	3333	7435	2623	0.98797	4.52718	4.09461		
07:14:44	2000	3000	3333	7435	2623	0.98797	4.52718	4.09461		
07:14:54	2000	3000	3333	7435	2623	0.98797	4.52718	4.09461		
07:15:24	2000	3000	3333	7435	2623	0.98797	4.52718	4.09461		
07:15:34	2000	3000	3333	7435	2623	0.98797	4.52718	4.09461		
07:15:44	2000	3000	3333	7435	2623	0.98797	4.52718	4.09461		
07:16:14	2000	3000	3333	7435	2623	0.98797	4.52718	4.09461		
07:16:24	2000	3000	3333	7435	2623	0.98797	4.52718	4.09461		
07:16:34	2000	3000	3333	7435	2623	0.98797	4.52718	4.09461		
07:17:14	2000	3000	3333	7435	2623	0.98797	4.52718	4.09461		
07:17:24	2000	3000	3333	7435	2623	0.98797	4.52718	4.09461		
07:17:34	2000	3000	3333	7435	2623	0.98797	4.52718	4.09461		
07:19:04	2000	3000	3333	7435	2623	0.98797	4.52718	4.09461		
07:19:14	2000	3000	3333	7435	2623	0.98797	4.52718	4.09461		
07:19:24	2000	3000	3333	7435	2623	0.98797	4.52718	4.09461		
07:19:54	2000	3000	3333	7435	2623	0.98797	4.52718	4.09461		
07:20:04	2000	3000	3333	7435	2623	0.98797	4.52718	4.09461		
07:20:14	2000	3000	3333	7435	2623	0.98797	4.52718	4.09461		
07:25:14	2000	3000	3333	7435	2623	0.98797	4.52718	4.09461		
07:25:24	2000	3000	3333	7435	2623	0.98797	4.52718	4.09461		
07:25:34	2000	3000	3333	7435	2623	0.98797	4.52718	4.09461		
07:26:04	2000	3000	3333	7435	2623	0.98797	4.52718	4.09461		
07:26:14	2000	3000	3333	7435	2623	0.98797	4.52718	4.09461		
07:26:24	2000	3000	3333	7435	2623	0.98797	4.52718	4.09461		
07:27:54	2000	3000	3333	7435	2623	0.98797	4.52718	4.09461		
07:28:04	2000	3000	3333	7435	2623	0.98797	4.52718	4.09461		
07:28:14	2000	3000	3333	7435	2623	0.98797	4.52718	4.09461		
07:28:44	2000	3000	3333	7435	2623	0.98797	4.52718	4.09461		
07:28:54	2000	3000	3333	7435	2623	0.98797	4.52718	4.09461		
07:29:04	2000	3000	3333	7435	2623	0.98797	4.52718	4.09461		
07:31:24	2000	3000	3333	7435	2623	0.98797	4.52718	4.09461		
07:31:34	2000	3000	3333	7435	2623	0.98797	4.52718	4.09461		
07:31:44	2000	3000	3333	7435	2623	0.98797	4.52718	4.09461		
07:32:14	2000	3000	3333	7435	2623	0.98797	4.52718	4.09461		
07:32:24	2000	3000	3333	7435	2623	0.98797	4.52718	4.09461		
07:32:34	2000	3000	3333	7435	2623	0.98797	4.52718	4.09461		
07:33:14	2000	3000	3333	7435	2623	0.98797	4.52718	4.09461		
07:33:24	2000	3000	3333	7435	2623	0.98797	4.52718	4.09461		
07:33:34	2000	3000	3333	7435	2623	0.98797	4.52718	4.09461		
07:34:04	2000	3000	3333	7435	2623	0.98797	4.52718	4.09461		
07:34:14	2000	3000	3333	7435	2623	0.98797	4.52718	4.09461		
07:34:24	2000	3000	3333	7435	2623	0.98797	4.52718	4.09461		
07:35:54	2000	3000	3333	7435	2623	0.98797	4.52718	4.09461		
07:36:04	2000	3000	3333	7435	2623	0.98797	4.52718	4.09461		
07:36:14	2000	3000	3333	7435	2623	0.98797	4.52718	4.09461		
07:36:44	2000	3000	3333	7435	2623	0.98797	4.52718	4.09461		
07:36:54	2000	3000	3333	7435	2623	0.98797	4.52718	4.09461		
07:37:04	2000	3000	3333	7435	2623	0.98797	4.52718	4.09461		
07:38:34	2000	3000	3333	7435	2623	0.98797	4.52718	4.09461		
07:38:44	2000	3000	3333	7435	2623	0.98797	4.52718	4.09461		
07:41:14	2000	3000	3333	7435	2623	0.98797	4.52718	4.09461		
07:41:24	2000	3000	3333	7435	2623	0.98797	4.52718	4.09461		
07:44:04	2000	3000	3333	7435	2623	0.98797	4.52718	4.09461		
07:44:14	2000	3000	3333	7435	2623	0.98797	4.52718	4.09461		
07:44:54	2000	3000	3333	7435	2623	0.98797	4.52718	4.09461		
07:45:04	2000	3000	3333	7435	2623	0.98797	4.52718	4.09461		
07:46:44	2000	3000	3333	7435	2623	0.98797	4.52718	4.09461		
07:46:54	2000	3000	3333	7435	2623	0.98797	4.52718	4.09461		
07:47:34	2000	3000	3333	7435	2623	0.98797	4.52718	4.09461		
07:47:44	2000	3000	3333	7435	2623	0.98797	4.52718	4.09461		
07:50:14	2000	3000	3333	7435	2623	0.98797	4.52718	4.09461		
07:50:24	2000	3000	3333	7435	2623	0.98797	4.52718	4.09461		
07:51:04	2000	3000	3333	7435	2623	0.98797	4.52718	4.09461		
07:51:14	2000	3000	3333	7435	2623	0.98797	4.52718	4.09461		
07:51:54	2000	3000	3333	7435	2623	0.98797	4.52718	4.09461		
07:52:04	2000	3000	3333	7435	2623	0.98797	4.52718	4.09461		
07:58:14	2000	3000	3333	7435	2623	0.98797	4.52718	4.09461		
07:58:24	2000	3000	3333	7435	2623	0.98797	4.52718	4.09461		
07:59:14	2000	3000	3333	7435	2623	0.98797	4.52718	4.09461		
07:59:24	2000	3000	3333	7435	2623	0.98797	4.52718	4.09461		
08:00:54	2000	3000	3333	7435	2623	0.98797	4.52718	4.09461		
08:01:04	2000	3000	3333	7435	2623	0.98797	4.52718	4.09461		
08:02:44	2000	3000	3333	7435	2623	0.98797	4.52718	4.09461		
08:02:54	2000	3000	3333	7435	2623	0.98797	4.52718	4.09461		
08:03:34	2000	3000	3333	7435	2623	0.98797	4.52718	4.09461		
08:03:44	2000	3000	3333	7435	2623	0.98797	4.52718	4.09461		
08:04:34	2000	3000	3333	7435	2623	0.98797	4.52718	4.09461		
08:04:44	2000	3000	3333	7435	2623	0.98797	4.52718	4.09461		
08:06:14	2000	3000	3333	7435	2623	0.98797	4.52718	4.09461		
08:06:24	2000	3000	3333	7435	2623	0.98797	4.52718	4.09461		
08:07:14	2000	3000	3333	7435	2623	0.98797	4.52718	4.09461		
08:07:24	2000	3000	3333	7435	2623	0.98797	4.52718	4.09461		
08:08:04	2000	3000	3333	7435	2623	0.98797	4.52718	4.09461		
08:08:14	2000	3000	3333	7435	2623	0.98797	4.52718	4.09461		
08:08:54	2000	3000	3333	7435	2623	0.98797	4.52718	4.09461		
08:09:04	2000	3000	3333	7435	2623	0.98797	4.52718	4.09461		
08:12:04	2000	3000	3333	7435	2623	0.98797	4.52718	4.09461		
08:12:14	2000	3000	3333	7435	2623	0.98797	4.52718	4.09461		
08:12:24	2000	3000	3333	7435	2623	0.98797	4.52718	4.09461		
08:16:24	2000	3000	3333	7435	2623	0.98797	4.52718	4.09461		
08:16:34	2000	3000	3333	7435	2623	0.98797	4.52718	4.09461		
08:16:44	2000	3000	3333	7435	2623	0.98797	4.52718	4.09461		
08:17:24	2000	3000	3333	7435	2623	0.98797	4.52718	4.09461		
08:17:34	2000	3000	3333	7435	2623	0.98797	4.52718	4.09461		
08:17:44	2000	3000	3333	7435	2623	0.98797	4.52718	4.09461		
08:18:14	2000	3000	3333	7435	2623	0.98797	4.52718	4.09461		
08:18:24	2000	3000	3333	7435	2623	0.98797	4.52718	4.09461		
08:18:34	2000	3000	3333	7435	2623	0.98797	4.52718	4.09461		
08:19:04	2000	3000	3333	7435	2623	0.98797	4.52718	4.09461		
08:19:14	2000	3000	3333	7435	2623	0.98797	4.52718	4.09461		
08:19:24	2000	3000	3333	7435	2623	0.98797	4.52718	4.09461		
08:20:54	2000	3000	3333	7435	2623	0.98797	4.52718	4.09461		
08:21:04	2000	3000	3333	7435	2623	0.98797	4.52718	4.09461		
08:21:14	2000	3000	3333	7435	2623	0.98797	4.52718	4.09461		
08:21:44	2000	3000	3333	7435	2623	0.98797	4.52718	4.09461		
08:21:54	2000	3000	3333	7435	2623	0.98797	4.52718	4.09461		
08:22:04	2000	3000	3333	7435	2623	0.98797	4.52718	4.09461		
08:25:14	2000	3000	3333	7435	2623	0.98797	4.52718	4.09461		
08:25:24	2000	3000	3333	7435	2623	0.98797	4.52718	4.09461		
08:25:34	2000	3000	3333	7435	2623	0.98797	4.52718	4.09461		
08:26:04	2000	3000	3333	7435	2623	0.98797	4.52718	4.09461		
08:26:14	2000	3000	3333	7435	2623	0.98797	4.52718	4.09461		
08:26:24	2000	3000	3333	7435	2623	0.98797	4.52718	4.09461		
08:26:34	2000	3000	3333	7435	2623	0.98797	4.52718	4.09461		
08:30:34	2000	3000	3333	7435	2623	0.98797	4.52718	4.09461		
08:30:44	2000	3000	3333	7435	2623	0.98797	4.52718	4.09461		
08:30:54	2000	3000	3333	7435	2623	0.98797	4.52718	4.09461		
08:31:34	2000	3000	3333	7435	2623	0.98797	4.52718	4.09461		
08:31:44	2000	3000	3333	7435	2623	0.98797	4.52718	4.09461		
08:31:54	2000	3000	3333	7435	2623	0.98797	4.52718	4.09461		
08:32:24	2000	3000	3333	7435	2623	0.98797	4.52718	4.09461		
08:32:34	2000	3000	3333	7435	2623	0.98797	4.52718	4.09461		
08:32:44	2000	3000	3333	7435	2623	0.98797	4.52718	4.09461		
08:33:24	2000	3000	3333	7435	2623	0.98797	4.52718	4.09461		
08:33:34	2000	3000	3333	7435	2623	0.98797	4.52718	4.09461		
08:36:04	2000	3000	3333	7435	2623	0.98797	4.52718	4.09461		
08:36:14	2000	3000	3333	7435	2623	0.98797	4.52718	4.09461		
08:36:54	2000	3000	3333	7435	2623	0.98797	4.52718	4.09461		
08:37:04	2000	3000	3333	7435	2623	0.98797	4.52718	4.09461		
08:37:54	2000	3000	3333	7435	2623	0.98797	4.52718	4.09461		
08:38:04	2000	3000	3333	7435	2623	0.98797	4.52718	4.09461		
08:39:34	2000	3000	3333	7435	2623	0.98797	4.52718	4.09461		
08:39:44	2000	3000	3333	7435	2623	0.98797	4.52718	4.09461		
08:41:24	2000	3000	3333	7435	2623	0.98797	4.52718	4.09461		
08:41:34	2000	3000	3333	7435	2623	0.98797	4.52718	4.09461		
08:44:54	2000	3000	3333	7435	2623	0.98797	4.52718	4.09461		
08:45:04	2000	3000	3333	7435	2623	0.98797	4.52718	4.09461		
08:48:24	2000	3000	3333	7435	2623	0.98797	4.52718	4.09461		
08:48:34	2000	3000	3333	7435	2623	0.98797	4.52718	4.09461		
08:50:14	2000	3000	3333	7435	2623	0.98797	4.52718	4.09461		
08:50:24	2000	3000	3333	7435	2623	0.98797	4.52718	4.09461		
08:52:54	2000	3000	3333	7435	2623	0.98797	4.52718	4.09461		
08:53:04	2000	3000	3333	7435	2623	0.98797	4.52718	4.09461		
08:54:44	2000	3000	3333	7435	2623	0.98797	4.52718	4.09461		
08:54:54	2000	3000	3333	7435	2623	0.98797	4.52718	4.09461		
08:56:24	2000	3000	3333	7435	2623	0.98797	4.52718	4.09461		
08:56:34	2000	3000	3333	7435	2623	0.98797	4.52718	4.09461		
08:57:24	2000	3000	3333	7435	2623	0.98797	4.52718	4.09461		
08:57:34	2000	3000	3333	7435	2623	0.98797	4.52718	4.09461		
08:59:04	2000	3000	3333	7435	2623	0.98797	4.52718	4.09461		
08:59:14	2000	3000	3333	7435	2623	0.98797	4.52718	4.09461		
09:00:54	2000	3000	3333	7435	2623	0.98797	4.52718	4.09461		
09:01:04	2000	3000	3333	7435	2623	0.98797	4.52718	4.09461		
09:01:14	2000	3000	3333	7435	2623	0.98797	4.52718	4.09461		
09:02:44	2000	3000	3333	7435	2623	0.98797	4.52718	4.09461		
09:02:54	2000	3000	3333	7435	2623	0.98797	4.52718	4.09461		
09:03:04	2000	3000	3333	7435	2623	0.98797	4.52718	4.09461		
09:03:34	2000	3000	3333	7435	2623	0.98797	4.52718	4.09461		
09:03:44	2000	3000	3333	7435	2623	0.98797	4.52718	4.09461		
09:03:54	2000	3000	3333	7435	2623	0.98797	4.52718	4.09461		
09:04:24	2000	3000	3333	7435	2623	0.98797	4.52718	4.09461		
09:04:34	2000	3000	3333	7435	2623	0.98797	4.52718	4.09461		
09:04:44	2000	3000	3333	7435	2623	0.98797	4.52718	4.09461		
09:06:14	2000	3000	3333	7435	2623	0.98797	4.52718	4.09461		
09:06:24	2000	3000	3333	7435	2623	0.98797	4.52718	4.09461		
09:06:34	2000	3000	3333	7435	2623	0.98797	4.52718	4.09461		
09:08:54	2000	3000	3333	7435	2623	0.98797	4.52718	4.09461		
09:09:04	2000	3000	3333	7435	2623	0.98797	4.52718	4.09461		
09:09:14	2000	3000	3333	7435	2623	0.98797	4.52718	4.09461		
09:09:44	2000	3000	3333	7435	2623	0.98797	4.52718	4.09461		
09:09:54	2000	3000	3333	7435	2623	0.98797	4.52718	4.09461		
09:10:04	2000	3000	3333	7435	2623	0.98797	4.52718	4.09461		
09:11:34	2000	3000	3333	7435	2623	0.98797	4.52718	4.09461		
09:11:44	2000	3000	3333	7435	2623	0.98797	4.52718	4.09461		
09:11:54	2000	3000	3333	7435	2623	0.98797	4.52718	4.09461		
09:16:04	2000	3000	3333	7435	2623	0.98797	4.52718	4.09461		
09:16:14	2000	3000	3333	7435	2623	0.98797	4.52718	4.09461		
09:16:24	2000	3000	3333	7435	2623	0.98797	4.52718	4.09461		
09:20:24	2000	3000	3333	7435	2623	0.98797	4.52718	4.09461		
09:20:34	2000	3000	3333	7435	2623	0.98797	4.52718	4.09461		
09:20:44	2000	3000	3333	7435	2623	0.98797	4.52718	4.09461		
09:23:54	2000	3000	3333	7435	2623	0.98797	4.52718	4.09461		
09:24:04	2000	3000	3333	7435	2623	0.98797	4.52718	4.09461		
09:24:14	2000	3000	3333	7435	2623	0.98797	4.52718	4.09461		
09:24:54	2000	3000	3333	7435	2623	0.98797	4.52718	4.09461		
09:25:04	2000	3000	3333	7435	2623	0.98797	4.52718	4.09461		
09:25:14	2000	3000	3333	7435	2623	0.98797	4.52718	4.09461		
09:27:44	2000	3000	3333	7435	2623	0.98797	4.52718	4.09461		
09:27:54	2000	3000	3333	7435	2623	0.98797	4.52718	4.09461		
09:28:34	2000	3000	3333	7435	2623	0.98797	4.52718	4.09461		
09:28:44	2000	3000	3333	7435	2623	0.98797	4.52718	4.09461		
09:29:24	2000	3000	3333	7435	2623	0.98797	4.52718	4.09461		
09:29:34	2000	3000	3333	7435	2623	0.98797	4.52718	4.09461		
09:32:54	2000	3000	3333	7435	2623	0.98797	4.52718	4.09461		
09:33:04	2000	3000	3333	7435	2623	0.98797	4.52718	4.09461		
09:33:44	2000	3000	3333	7435	2623	0.98797	4.52718	4.09461		
09:33:54	2000	3000	3333	7435	2623	0.98797	4.52718	4.09461		
09:36:24	2000	3000	3333	7435	2623	0.98797	4.52718	4.09461		
09:36:34	2000	3000	3333	7435	2623	0.98797	4.52718	4.09461		
09:37:24	2000	3000	3333	7435	2623	0.98797	4.52718	4.09461		
09:37:34	2000	3000	3333	7435	2623	0.98797	4.52718	4.09461		
09:40:04	2000	3000	3333	7435	2623	0.98797	4.52718	4.09461		
09:40:14	2000	3000	3333	7435	2623	0.98797	4.52718	4.09461		
09:41:44	2000	3000	3333	7435	2623	0.98797	4.52718	4.09461		
09:41:54	2000	3000	3333	7435	2623	0.98797	4.52718	4.09461		
09:42:44	2000	3000	3333	7435	2623	0.98797	4.52718	4.09461		
09:42:54	2000	3000	3333	7435	2623	0.98797	4.52718	4.09461		
09:44:24	2000	3000	3333	7435	2623	0.98797	4.52718	4.09461		
09:44:34	2000	3000	3333	7435	2623	0.98797	4.52718	4.09461		
09:44:44	2000	3000	3333	7435	2623	0.98797	4.52718	4.09461		
09:44:54	2000	3000	3333	7435	2623	0.98797	4.52718	4.09461		
09:48:24	2000	3000	3333	7435	2623	0.98797	4.52718	4.09461		
09:48:34	2000	3000	3333	7435	2623	0.98797	4.52718	4.09461		
09:48:44	2000	3000	3333	7435	2623	0.98797	4.52718	4.09461		
09:50:04	2000	3000	3333	7435	2623	0.98797	4.52718	4.09461		
09:50:14	2000	3000	3333	7435	2623	0.98797	4.52718	4.09461		
09:50:24	2000	3000	3333	7435	2623	0.98797	4.52718	4.09461		
09:50:54	2000	3000	3333	7435	2623	0.98797	4.52718	4.09461		
09:51:04	2000	3000	3333	7435	2623	0.98797	4.52718	4.09461		
09:51:14	2000	3000	3333	7435	2623	0.98797	4.52718	4.09461		
09:51:54	2000	3000	3333	7435	2623	0.98797	4.52718	4.09461		
09:52:04	2000	3000	3333	7435	2623	0.98797	4.52718	4.09461		
09:52:14	2000	3000	3333	7435	2623	0.98797	4.52718	4.09461		
09:54:34	2000	3000	3333	7435	2623	0.98797	4.52718	4.09461		
09:54:44	2000	3000	3333	7435	2623	0.98797	4.52718	4.09461		
09:54:54	2000	3000	3333	7435	2623	0.98797	4.52718	4.09461		
09:55:24	2000	3000	3333	7435	2623	0.98797	4.52718	4.09461		
09:55:34	2000	3000	3333	7435	2623	0.98797	4.52718	4.09461		
09:55:44	2000	3000	3333	7435	2623	0.98797	4.52718	4.09461		
09:56:14	2000	3000	3333	7435	2623	0.98797	4.52718	4.09461		
09:56:24	2000	3000	3333	7435	2623	0.98797	4.52718	4.09461		
09:56:34	2000	3000	3333	7435	2623	0.98797	4.52718	4.09461		
09:56:44	2000	3000	3333	7435	2623	0.98797	4.52718	4.09461		
09:58:04	2000	3000	3333	7435	2623	0.98797	4.52718	4.09461		
09:58:14	2000	3000	3333	7435	2623	0.98797	4.52718	4.09461		
09:58:24	2000	3000	3333	7435	2623	0.98797	4.52718	4.09461		
09:58:54	2000	3000	3333	7435	2623	0.98797	4.52718	4.09461		
09:59:04	2000	3000	3333	7435	2623	0.98797	4.52718	4.09461		
09:59:14	2000	3000	3333	7435	2623	0.98797	4.52718	4.09461		
10:00:44	2000	3000	3333	7435	2623	0.98797	4.52718	4.09461		
10:00:54	2000	3000	3333	7435	2623	0.98797	4.52718	4.09461		
10:01:04	2000	3000	3333	7435	2623	0.98797	4.52718	4.09461		
10:03:24	2000	3000	3333	7435	2623	0.98797	4.52718	4.09461		
10:03:34	2000	3000	3333	7435	2623	0.98797	4.52718	4.09461		
10:03:44	2000	3000	3333	7435	2623	0.98797	4.52718	4.09461		
10:04:14	2000	3000	3333	7435	2623	0.98797	4.52718	4.09461		
10:04:24	2000	3000	3333	7435	2623	0.98797	4.52718	4.09461		
10:04:34	2000	3000	3333	7435	2623	0.98797	4.52718	4.09461		
10:05:14	2000	3000	3333	7435	2623	0.98797	4.52718	4.09461		
10:05:24	2000	3000	3333	7435	2623	0.98797	4.52718	4.09461		
10:05:34	2000	3000	3333	7435	2623	0.98797	4.52718	4.09461		
10:06:04	2000	3000	3333	7435	2623	0.98797	4.52718	4.09461		
10:06:14	2000	3000	3333	7435	2623	0.98797	4.52718	4.09461		
10:06:24	2000	3000	3333	7435	2623	0.98797	4.52718	4.09461		
10:06:54	2000	3000	3333	7435	2623	0.98797	4.52718	4.09461		
10:07:04	2000	3000	3333	7435	2623	0.98797	4.52718	4.09461		
10:07:14	2000	3000	3333	7435	2623	0.98797	4.52718	4.09461		
10:07:54	2000	3000	3333	7435	2623	0.98797	4.52718	4.09461		
10:08:04	2000	3000	3333	7435	2623	0.98797	4.52718	4.09461		
10:08:14	2000	3000	3333	7435	2623	0.98797	4.52718	4.09461		
10:10:34	2000	3000	3333	7435	2623	0.98797	4.52718	4.09461		
10:10:44	2000	3000	3333	7435	2623	0.98797	4.52718	4.09461		
10:14:14	2000	3000	3333	7435	2623	0.98797	4.52718	4.09461		
10:14:24	2000	3000	3333	7435	2623	0.98797	4.52718	4.09461		
10:15:54	2000	3000	3333	7435	2623	0.98797	4.52718	4.09461		
10:16:04	2000	3000	3333	7435	2623	0.98797	4.52718	4.09461		
10:16:54	2000	3000	3333	7435	2623	0.98797	4.52718	4.09461		
10:17:04	2000	3000	3333	7435	2623	0.98797	4.52718	4.09461		
10:20:24	2000	3000	3333	7435	2623	0.98797	4.52718	4.09461		
10:20:34	2000	3000	3333	7435	2623	0.98797	4.52718	4.09461		
10:21:14	2000	3000	3333	7435	2623	0.98797	4.52718	4.09461		
10:21:24	2000	3000	3333	7435	2623	0.98797	4.52718	4.09461		
10:22:04	2000	3000	3333	7435	2623	0.98797	4.52718	4.09461		
10:22:14	2000	3000	3333	7435	2623	0.98797	4.52718	4.09461		
10:23:54	2000	3000	3333	7435	2623	0.98797	4.52718	4.09461		
10:24:04	2000	3000	3333	7435	2623	0.98797	4.52718	4.09461		
10:25:44	2000	3000	3333	7435	2623	0.98797	4.52718	4.09461		
10:25:54	2000	3000	3333	7435	2623	0.98797	4.52718	4.09461		
10:26:04	2000	3000	3333	7435	2623	0.98797	4.52718	4.09461		
10:28:14	2000	3000	3333	7435	2623	0.98797	4.52718	4.09461		
10:28:24	2000	3000	3333	7435	2623	0.98797	4.52718	4.09461		
10:28:34	2000	3000	3333	7435	2623	0.98797	4.52718	4.09461		
10:30:04	2000	3000	3333	7435	2623	0.98797	4.52718	4.09461		
10:30:14	2000	3000	3333	7435	2623	0.98797	4.52718	4.09461		
10:30:24	2000	3000	3333	7435	2623	0.98797	4.52718	4.09461		
10:31:54	2000	3000	3333	7435	2623	0.98797	4.52718	4.09461		
10:32:04	2000	3000	3333	7435	2623	0.98797	4.52718	4.09461		
10:32:14	2000	3000	3333	7435	2623	0.98797	4.52718	4.09461		
10:38:04	2000	3000	3333	7435	2623	0.98797	4.52718	4.09461		
10:38:14	2000	3000	3333	7435	2623	0.98797	4.52718	4.09461		
10:38:24	2000	3000	3333	7435	2623	0.98797	4.52718	4.09461		
10:43:24	2000	3000	3333	7435	2623	0.98797	4.52718	4.09461		
10:43:34	2000	3000	3333	7435	2623	0.98797	4.52718	4.09461		
10:43:44	2000	3000	3333	7435	2623	0.98797	4.52718	4.09461		
10:45:04	2000	3000	3333	7435	2623	0.98797	4.52718	4.09461		
10:45:14	2000	3000	3333	7435	2623	0.98797	4.52718	4.09461		
10:45:24	2000	3000	3333	7435	2623	0.98797	4.52718	4.09461		
10:46:54	2000	3000	3333	7435	2623	0.98797	4.52718	4.09461		
10:47:04	2000	3000	3333	7435	2623	0.98797	4.52718	4.09461		
10:47:14	2000	3000	3333	7435	2623	0.98797	4.52718	4.09461		
10:47:44	2000	3000	3333	7435	2623	0.98797	4.52718	4.09461		
10:47:54	2000	3000	3333	7435	2623	0.98797	4.52718	4.09461		
10:48:04	2000	3000	3333	7435	2623	0.98797	4.52718	4.09461		
10:53:04	2000	3000	3333	7435	2623	0.98797	4.52718	4.09461		
10:53:14	2000	3000	3333	7435	2623	0.98797	4.52718	4.09461		
10:53:24	2000	3000	3333	7435	2623	0.98797	4.52718	4.09461		
10:54:04	2000	3000	3333	7435	2623	0.98797	4.52718	4.09461		
10:54:14	2000	3000	3333	7435	2623	0.98797	4.52718	4.09461		
10:54:54	2000	3000	3333	7435	2623	0.98797	4.52718	4.09461		
10:55:04	2000	3000	3333	7435	2623	0.98797	4.52718	4.09461		
11:00:24	2000	3000	3333	7435	2623	0.98797	4.52718	4.09461		
11:00:34	2000	3000	3333	7435	2623	0.98797	4.52718	4.09461		
11:09:04	2000	3000	3333	7435	2623	0.98797	4.52718	4.09461		
11:09:14	2000	3000	3333	7435	2623	0.98797	4.52718	4.09461		
11:10:54	2000	3000	3333	7435	2623	0.98797	4.52718	4.09461		
11:11:04	2000	3000	3333	7435	2623	0.98797	4.52718	4.09461		
11:14:24	2000	3000	3333	7435	2623	0.98797	4.52718	4.09461		
11:14:34	2000	3000	3333	7435	2623	0.98797	4.52718	4.09461		
11:14:44	2000	3000	3333	7435	2623	0.98797	4.52718	4.09461		
11:16:14	2000	3000	3333	7435	2623	0.98797	4.52718	4.09461		
11:16:24	2000	3000	3333	7435	2623	0.98797	4.52718	4.09461		
11:16:34	2000	3000	3333	7435	2623	0.98797	4.52718	4.09461		
11:17:04	2000	3000	3333	7435	2623	0.98797	4.52718	4.09461		
11:17:14	2000	3000	3333	7435	2623	0.98797	4.52718	4.09461		
11:17:24	2000	3000	3333	7435	2623	0.98797	4.52718	4.09461		
11:19:44	2000	3000	3333	7435	2623	0.98797	4.52718	4.09461		
11:19:54	2000	3000	3333	7435	2623	0.98797	4.52718	4.09461		
11:20:04	2000	3000	3333	7435	2623	0.98797	4.52718	4.09461		
11:20:44	2000	3000	3333	7435	2623	0.98797	4.52718	4.09461		
11:20:54	2000	3000	3333	7435	2623	0.98797	4.52718	4.09461		
11:21:04	2000	3000	3333	7435	2623	0.98797	4.52718	4.09461		
11:22:24	2000	3000	3333	7435	2623	0.98797	4.52718	4.09461		
11:22:34	2000	3000	3333	7435	2623	0.98797	4.52718	4.09461		
11:22:44	2000	3000	3333	7435	2623	0.98797	4.52718	4.09461		
11:23:24	2000	3000	3333	7435	2623	0.98797	4.52718	4.09461		
11:23:34	2000	3000	3333	7435	2623	0.98797	4.52718	4.09461		
11:23:44	2000	3000	3333	7435	2623	0.98797	4.52718	4.09461		
11:31:14	2000	3000	3333	7435	2623	0.98797	4.52718	4.09461		
11:31:24	2000	3000	3333	7435	2623	0.98797	4.52718	4.09461		
11:31:34	2000	3000	3333	7435	2623	0.98797	4.52718	4.09461		
11:34:54	2000	3000	3333	7435	2623	0.98797	4.52718	4.09461		
11:35:04	2000	3000	3333	7435	2623	0.98797	4.52718	4.09461		
11:35:14	2000	3000	3333	7435	2623	0.98797	4.52718	4.09461		
11:36:34	2000	3000	3333	7435	2623	0.98797	4.52718	4.09461		
11:36:44	2000	3000	3333	7435	2623	0.98797	4.52718	4.09461		
11:36:54	2000	3000	3333	7435	2623	0.98797	4.52718	4.09461		
11:39:14	2000	3000	3333	7435	2623	0.98797	4.52718	4.09461		
11:39:24	2000	3000	3333	7435	2623	0.98797	4.52718	4.09461		
11:39:34	2000	3000	3333	7435	2623	0.98797	4.52718	4.09461		
11:41:04	2000	3000	3333	7435	2623	0.98797	4.52718	4.09461		
11:41:14	2000	3000	3333	7435	2623	0.98797	4.52718	4.09461		
11:41:24	2000	3000	3333	7435	2623	0.98797	4.52718	4.09461		
11:42:54	2000	3000	3333	7435	2623	0.98797	4.52718	4.09461		
11:43:04	2000	3000	3333	7435	2623	0.98797	4.52718	4.09461		
11:43:14	2000	3000	3333	7435	2623	0.98797	4.52718	4.09461		
11:46:34	2000	3000	3333	7435	2623	0.98797	4.52718	4.09461		
11:46:44	2000	3000	3333	7435	2623	0.98797	4.52718	4.09461		
11:47:24	2000	3000	3333	7435	2623	0.98797	4.52718	4.09461		
11:47:34	2000	3000	3333	7435	2623	0.98797	4.52718	4.09461		
11:49:04	2000	3000	3333	7435	2623	0.98797	4.52718	4.09461		
11:49:14	2000	3000	3333	7435	2623	0.98797	4.52718	4.09461		
11:50:54	2000	3000	3333	7435	2623	0.98797	4.52718	4.09461		
11:51:04	2000	3000	3333	7435	2623	0.98797	4.52718	4.09461		
11:53:44	2000	3000	3333	7435	2623	0.98797	4.52718	4.09461		
11:53:54	2000	3000	3333	7435	2623	0.98797	4.52718	4.09461		
11:58:04	2000	3000	3333	7435	2623	0.98797	4.52718	4.09461		
11:58:14	2000	3000	3333	7435	2623	0.98797	4.52718	4.09461		
12:01:34	2000	3000	3333	7435	2623	0.98797	4.52718	4.09461		
12:01:44	2000	3000	3333	7435	2623	0.98797	4.52718	4.09461		
12:04:24	2000	3000	3333	7435	2623	0.98797	4.52718	4.09461		
12:04:34	2000	3000	3333	7435	2623	0.98797	4.52718	4.09461		
12:05:14	2000	3000	3333	7435	2623	0.98797	4.52718	4.09461		
12:05:24	2000	3000	3333	7435	2623	0.98797	4.52718	4.09461		
12:07:54	2000	3000	3333	7435	2623	0.98797	4.52718	4.09461		
12:08:04	2000	3000	3333	7435	2623	0.98797	4.52718	4.09461		
12:08:44	2000	3000	3333	7435	2623	0.98797	4.52718	4.09461		
12:08:54	2000	3000	3333	7435	2623	0.98797	4.52718	4.09461		
12:09:34	2000	3000	3333	7435	2623	0.98797	4.52718	4.09461		
12:09:44	2000	3000	3333	7435	2623	0.98797	4.52718	4.09461		
12:12:14	2000	3000	3333	7435	2623	0.98797	4.52718	4.09461		
12:12:24	2000	3000	3333	7435	2623	0.98797	4.52718	4.09461		
12:13:04	2000	3000	3333	7435	2623	0.98797	4.52718	4.09461		
12:13:14	2000	3000	3333	7435	2623	0.98797	4.52718	4.09461		
12:14:04	2000	3000	3333	7435	2623	0.98797	4.52718	4.09461		
12:14:14	2000	3000	3333	7435	2623	0.98797	4.52718	4.09461		
12:14:54	2000	3000	3333	7435	2623	0.98797	4.52718	4.09461		
12:15:04	2000	3000	3333	7435	2623	0.98797	4.52718	4.09461		
12:15:44	2000	3000	3333	7435	2623	0.98797	4.52718	4.09461		
12:15:54	2000	3000	3333	7435	2623	0.98797	4.52718	4.09461		
12:17:34	2000	3000	3333	7435	2623	0.98797	4.52718	4.09461		
12:17:44	2000	3000	3333	7435	2623	0.98797	4.52718	4.09461		
12:20:14	2000	3000	3333	7435	2623	0.98797	4.52718	4.09461		
12:20:24	2000	3000	3333	7435	2623	0.98797	4.52718	4.09461		
12:28:04	2000	3000	3333	7435	2623	0.98797	4.52718	4.09461		
12:28:14	2000	3000	3333	7435	2623	0.98797	4.52718	4.09461		
12:28:24	2000	3000	3333	7435	2623	0.98797	4.52718	4.09461		
12:30:54	2000	3000	3333	7435	2623	0.98797	4.52718	4.09461		
12:31:04	2000	3000	3333	7435	2623	0.98797	4.52718	4.09461		
12:31:14	2000	3000	3333	7435	2623	0.98797	4.52718	4.09461		
12:32:54	2000	3000	3333	7435	2623	0.98797	4.52718	4.09461		
12:33:04	2000	3000	3333	7435	2623	0.98797	4.52718	4.09461		
12:33:14	2000	3000	3333	7435	2623	0.98797	4.52718	4.09461		
12:38:14	2000	3000	3333	7435	2623	0.98797	4.52718	4.09461		
12:38:24	2000	3000	3333	7435	2623	0.98797	4.52718	4.09461		
12:38:34	2000	3000	3333	7435	2623	0.98797	4.52718	4.09461		
12:40:04	2000	3000	3333	7435	2623	0.98797	4.52718	4.09461		
12:40:14	2000	3000	3333	7435	2623	0.98797	4.52718	4.09461		
12:40:24	2000	3000	3333	7435	2623	0.98797	4.52718	4.09461		
12:40:54	2000	3000	3333	7435	2623	0.98797	4.52718	4.09461		
12:41:04	2000	3000	3333	7435	2623	0.98797	4.52718	4.09461		
12:41:14	2000	3000	3333	7435	2623	0.98797	4.52718	4.09461		
12:42:44	2000	3000	3333	7435	2623	0.98797	4.52718	4.09461		
12:42:54	2000	3000	3333	7435	2623	0.98797	4.52718	4.09461		
12:43:04	2000	3000	3333	7435	2623	0.98797	4.52718	4.09461		
12:43:34	2000	3000	3333	7435	2623	0.98797	4.52718	4.09461		
12:43:44	2000	3000	3333	7435	2623	0.98797	4.52718	4.09461		
12:43:54	2000	3000	3333	7435	2623	0.98797	4.52718	4.09461		
12:44:34	2000	3000	3333	7435	2623	0.98797	4.52718	4.09461		
12:44:44	2000	3000	3333	7435	2623	0.98797	4.52718	4.09461		
12:44:54	2000	3000	3333	7435	2623	0.98797	4.52718	4.09461		
12:45:24	2000	3000	3333	7435	2623	0.98797	4.52718	4.09461		
12:45:34	2000	3000	3333	7435	2623	0.98797	4.52718	4.09461		
12:45:44	2000	3000	3333	7435	2623	0.98797	4.52718	4.09461		
12:48:04	2000	3000	3333	7435	2623	0.98797	4.52718	4.09461		
12:48:14	2000	3000	3333	7435	2623	0.98797	4.52718	4.09461		
12:48:24	2000	3000	3333	7435	2623	0.98797	4.52718	4.09461		
12:49:44	2000	3000	3333	7435	2623	0.98797	4.52718	4.09461		
12:49:54	2000	3000	3333	7435	2623	0.98797	4.52718	4.09461		
12:50:04	2000	3000	3333	7435	2623	0.98797	4.52718	4.09461		
12:51:04	2000	3000	3333	7435	2623	0.98797	4.52718	4.09461		
12:51:14	2000	3000	3333	7435	2623	0.98797	4.52718	4.09461		
12:51:24	2000	3000	3333	7435	2623	0.98797	4.52718	4.09461		
12:51:54	2000	3000	3333	7435	2623	0.98797	4.52718	4.09461		
12:52:04	2000	3000	3333	7435	2623	0.98797	4.52718	4.09461		
12:52:14	2000	3000	3333	7435	2623	0.98797	4.52718	4.09461		
12:52:44	2000	3000	3333	7435	2623	0.98797	4.52718	4.09461		
12:52:54	2000	3000	3333	7435	2623	0.98797	4.52718	4.09461		
12:53:04	2000	3000	3333	7435	2623	0.98797	4.52718	4.09461		
12:53:44	2000	3000	3333	7435	2623	0.98797	4.52718	4.09461		
12:53:54	2000	3000	3333	7435	2623	0.98797	4.52718	4.09461		
12:54:04	2000	3000	3333	7435	2623	0.98797	4.52718	4.09461		
12:55:44	2000	3000	3333	7435	2623	0.98797	4.52718	4.09461		
12:55:54	2000	3000	3333	7435	2623	0.98797	4.52718	4.09461		
12:56:34	2000	3000	3333	7435	2623	0.98797	4.52718	4.09461		
12:56:44	2000	3000	3333	7435	2623	0.98797	4.52718	4.09461		
12:58:14	2000	3000	3333	7435	2623	0.98797	4.52718	4.09461		
12:58:24	2000	3000	3333	7435	2623	0.98797	4.52718	4.09461		
12:59:14	2000	3000	3333	7435	2623	0.98797	4.52718	4.09461		
12:59:24	2000	3000	3333	7435	2623	0.98797	4.52718	4.09461		
13:00:04	2000	3000	3333	7435	2623	0.98797	4.52718	4.09461		
13:00:14	2000	3000	3333	7435	2623	0.98797	4.52718	4.09461		
13:03:44	2000	3000	3333	7435	2623	0.98797	4.52718	4.09461		
13:03:54	2000	3000	3333	7435	2623	0.98797	4.52718	4.09461		
13:05:24	2000	3000	3333	7435	2623	0.98797	4.52718	4.09461		
13:05:34	2000	3000	3333	7435	2623	0.98797	4.52718	4.09461		
13:06:14	2000	3000	3333	7435	2623	0.98797	4.52718	4.09461		
13:06:24	2000	3000	3333	7435	2623	0.98797	4.52718	4.09461		
13:08:04	2000	3000	3333	7435	2623	0.98797	4.52718	4.09461		
13:08:14	2000	3000	3333	7435	2623	0.98797	4.52718	4.09461		
13:08:54	2000	3000	3333	7435	2623	0.98797	4.52718	4.09461		
13:09:04	2000	3000	3333	7435	2623	0.98797	4.52718	4.09461		
13:10:44	2000	3000	3333	7435	2623	0.98797	4.52718	4.09461		
13:10:54	2000	3000	3333	7435	2623	0.98797	4.52718	4.09461		
13:12:24	2000	3000	3333	7435	2623	0.98797	4.52718	4.09461		
13:12:34	2000	3000	3333	7435	2623	0.98797	4.52718	4.09461		
13:13:24	2000	3000	3333	7435	2623	0.98797	4.52718	4.09461		
13:13:34	2000	3000	3333	7435	2623	0.98797	4.52718	4.09461		
13:14:14	2000	3000	3333	7435	2623	0.98797	4.52718	4.09461		
13:14:24	2000	3000	3333	7435	2623	0.98797	4.52718	4.09461		
13:15:04	2000	3000	3333	7435	2623	0.98797	4.52718	4.09461		
13:15:14	2000	3000	3333	7435	2623	0.98797	4.52718	4.09461		
13:16:04	2000	3000	3333	7435	2623	0.98797	4.52718	4.09461		
13:16:14	2000	3000	3333	7435	2623	0.98797	4.52718	4.09461		
13:16:54	2000	3000	3333	7435	2623	0.98797	4.52718	4.09461		
13:17:04	2000	3000	3333	7435	2623	0.98797	4.52718	4.09461		
13:17:44	2000	3000	3333	7435	2623	0.98797	4.52718	4.09461		
13:17:54	2000	3000	3333	7435	2623	0.98797	4.52718	4.09461		
13:22:14	2000	3000	3333	7435	2623	0.98797	4.52718	4.09461		
13:22:24	2000	3000	3333	7435	2623	0.98797	4.52718	4.09461		
13:22:34	2000	3000	3333	7435	2623	0.98797	4.52718	4.09461		
13:24:04	2000	3000	3333	7435	2623	0.98797	4.52718	4.09461		
13:24:14	2000	3000	3333	7435	2623	0.98797	4.52718	4.09461		
13:24:24	2000	3000	3333	7435	2623	0.98797	4.52718	4.09461		
13:24:54	2000	3000	3333	7435	2623	0.98797	4.52718	4.09461		
13:25:04	2000	3000	3333	7435	2623	0.98797	4.52718	4.09461		
13:25:14	2000	3000	3333	7435	2623	0.98797	4.52718	4.09461		
13:32:04	2000	3000	3333	7435	2623	0.98797	4.52718	4.09461		
13:32:14	2000	3000	3333	7435	2623	0.98797	4.52718	4.09461		
13:32:24	2000	3000	3333	7435	2623	0.98797	4.52718	4.09461		
13:32:54	2000	3000	3333	7435	2623	0.98797	4.52718	4.09461		
13:33:04	2000	3000	3333	7435	2623	0.98797	4.52718	4.09461		
13:33:14	2000	3000	3333	7435	2623	0.98797	4.52718	4.09461		
13:33:44	2000	3000	3333	7435	2623	0.98797	4.52718	4.09461		
13:33:54	2000	3000	3333	7435	2623	0.98797	4.52718	4.09461		
13:34:04	2000	3000	3333	7435	2623	0.98797	4.52718	4.09461		
13:35:34	2000	3000	3333	7435	2623	0.98797	4.52718	4.09461		
13:35:44	2000	3000	3333	7435	2623	0.98797	4.52718	4.09461		
13:35:54	2000	3000	3333	7435	2623	0.98797	4.52718	4.09461		
13:39:04	2000	3000	3333	7435	2623	0.98797	4.52718	4.09461		
13:39:14	2000	3000	3333	7435	2623	0.98797	4.52718	4.09461		
13:39:24	2000	3000	3333	7435	2623	0.98797	4.52718	4.09461		
13:40:54	2000	3000	3333	7435	2623	0.98797	4.52718	4.09461		
13:41:04	2000	3000	3333	7435	2623	0.98797	4.52718	4.09461		
13:41:14	2000	3000	3333	7435	2623	0.98797	4.52718	4.09461		
13:47:14	2000	3000	3333	7435	2623	0.98797	4.52718	4.09461		
13:47:24	2000	3000	3333	7435	2623	0.98797	4.52718	4.09461		
13:48:54	2000	3000	3333	7435	2623	0.98797	4.52718	4.09461		
13:49:04	2000	3000	3333	7435	2623	0.98797	4.52718	4.09461		
13:49:54	2000	3000	3333	7435	2623	0.98797	4.52718	4.09461		
13:50:04	2000	3000	3333	7435	2623	0.98797	4.52718	4.09461		
13:57:04	2000	3000	3333	7435	2623	0.98797	4.52718	4.09461		
13:57:14	2000	3000	3333	7435	2623	0.98797	4.52718	4.09461		
13:57:54	2000	3000	3333	7435	2623	0.98797	4.52718	4.09461		
13:58:04	2000	3000	3333	7435	2623	0.98797	4.52718	4.09461		
14:01:24	2000	3000	3333	7435	2623	0.98797	4.52718	4.09461		
14:01:34	2000	3000	3333	7435	2623	0.98797	4.52718	4.09461		
14:12:54	2000	3000	3333	7435	2623	0.98797	4.52718	4.09461		
14:13:04	2000	3000	3333	7435	2623	0.98797	4.52718	4.09461		
14:13:14	2000	3000	3333	7435	2623	0.98797	4.52718	4.09461		
14:18:14	2000	3000	3333	7435	2623	0.98797	4.52718	4.09461		
14:18:24	2000	3000	3333	7435	2623	0.98797	4.52718	4.09461		
14:18:34	2000	3000	3333	7435	2623	0.98797	4.52718	4.09461		
14:23:34	2000	3000	3333	7435	2623	0.98797	4.52718	4.09461		
14:23:44	2000	3000	3333	7435	2623	0.98797	4.52718	4.09461		
14:23:54	2000	3000	3333	7435	2623	0.98797	4.52718	4.09461		
14:25:14	2000	3000	3333	7435	2623	0.98797	4.52718	4.09461		
14:25:24	2000	3000	3333	7435	2623	0.98797	4.52718	4.09461		
14:25:34	2000	3000	3333	7435	2623	0.98797	4.52718	4.09461		


			DELHI AIRPORT : 30 m Base line


Time	RVR	 MOR	RVR	MOR	BLM	Trf	 Ref(v)	PD(v)
	(limited)	(limited)	(actual)	(actual)

14:40:33	2000	3000	1239	7435	2623	0.98797	4.52718	4.09461		
14:40:43	2000	3000	2478	7435	2623	0.98797	4.52718	4.09461		
14:41:23	2000	3000	3333	7435	2623	0.98797	4.52718	4.09461		
14:41:33	2000	3000	3333	7435	2623	0.98797	4.52718	4.09461		
14:42:13	2000	3000	3333	7435	2623	0.98797	4.52718	4.09461		
14:42:23	2000	3000	3333	7435	2623	0.98797	4.52718	4.09461		
14:43:13	2000	3000	3333	7435	2623	0.98797	4.52718	4.09461		
14:43:23	2000	3000	3333	7435	2623	0.98797	4.52718	4.09461		
14:46:43	2000	3000	3333	7435	2623	0.98797	4.52718	4.09461		
14:46:53	2000	3000	3333	7435	2623	0.98797	4.52718	4.09461		
14:48:23	2000	3000	3333	7435	2623	0.98797	4.52718	4.09461		
14:48:33	2000	3000	3333	7435	2623	0.98797	4.52718	4.09461		
14:49:23	2000	3000	3333	7435	2623	0.98797	4.52718	4.09461		
14:49:33	2000	3000	3333	7435	2623	0.98797	4.52718	4.09461		
14:51:03	2000	3000	3333	7435	2623	0.98797	4.52718	4.09461		
14:51:13	2000	3000	3333	7435	2623	0.98797	4.52718	4.09461		
14:59:53	2000	3000	3333	7435	2623	0.98797	4.52718	4.09461		
15:00:03	2000	3000	3333	7435	2623	0.98797	4.52718	4.09461		
15:00:13	2000	3000	3333	7435	2623	0.98797	4.52718	4.09461		
15:01:43	2000	3000	3333	7435	2623	0.98797	4.52718	4.09461		
15:01:53	2000	3000	3333	7435	2623	0.98797	4.52718	4.09461		
15:02:03	2000	3000	3333	7435	2623	0.98797	4.52718	4.09461		
15:04:23	2000	3000	3333	7435	2623	0.98797	4.52718	4.09461		
15:04:33	2000	3000	3333	7435	2623	0.98797	4.52718	4.09461		
15:04:43	2000	3000	3333	7435	2623	0.98797	4.52718	4.09461		
15:11:23	2000	3000	3333	7435	2623	0.98797	4.52718	4.09461		
15:11:33	2000	3000	3333	7435	2623	0.98797	4.52718	4.09461		
15:11:43	2000	3000	3333	7435	2623	0.98797	4.52718	4.09461		
15:11:53	2000	3000	3333	7435	2623	0.98797	4.52718	4.09461		
15:12:23	2000	3000	3333	7435	2623	0.98797	4.52718	4.09461		
15:12:33	2000	3000	3333	7435	2623	0.98797	4.52718	4.09461		
15:12:43	2000	3000	3333	7435	2623	0.98797	4.52718	4.09461		
15:13:13	2000	3000	3333	7435	2623	0.98797	4.52718	4.09461		
15:13:23	2000	3000	3333	7435	2623	0.98797	4.52718	4.09461		
15:13:33	2000	3000	3333	7435	2623	0.98797	4.52718	4.09461		
15:14:03	2000	3000	3333	7435	2623	0.98797	4.52718	4.09461		
15:14:13	2000	3000	3333	7435	2623	0.98797	4.52718	4.09461		
15:14:23	2000	3000	3333	7435	2623	0.98797	4.52718	4.09461		
15:18:43	2000	3000	3333	7435	2623	0.98797	4.52718	4.09461		
15:18:53	2000	3000	3333	7435	2623	0.98797	4.52718	4.09461		
15:19:33	2000	3000	3333	7435	2623	0.98797	4.52718	4.09461		
15:19:43	2000	3000	3333	7435	2623	0.98797	4.52718	4.09461		
15:20:33	2000	3000	3333	7435	2623	0.98797	4.52718	4.09461		
15:20:43	2000	3000	3333	7435	2623	0.98797	4.52718	4.09461		
15:21:23	2000	3000	3333	7435	2623	0.98797	4.52718	4.09461		
15:21:33	2000	3000	3333	7435	2623	0.98797	4.52718	4.09461		
15:24:03	2000	3000	3333	7435	2623	0.98797	4.52718	4.09461		
15:24:13	2000	3000	3333	7435	2623	0.98797	4.52718	4.09461		
15:24:53	2000	3000	3333	7435	2623	0.98797	4.52718	4.09461		
15:25:03	2000	3000	3333	7435	2623	0.98797	4.52718	4.09461		
15:25:53	2000	3000	3333	7435	2623	0.98797	4.52718	4.09461		
15:26:03	2000	3000	3333	7435	2623	0.98797	4.52718	4.09461		
15:26:43	2000	3000	3333	7435	2623	0.98797	4.52718	4.09461		
15:26:53	2000	3000	3333	7435	2623	0.98797	4.52718	4.09461		
15:27:33	2000	3000	3333	7435	2623	0.98797	4.52718	4.09461		
15:27:43	2000	3000	3333	7435	2623	0.98797	4.52718	4.09461		
15:30:13	2000	3000	3333	7435	2623	0.98797	4.52718	4.09461		
15:30:23	2000	3000	3333	7435	2623	0.98797	4.52718	4.09461		
15:32:03	2000	3000	3333	7435	2623	0.98797	4.52718	4.09461		
15:32:13	2000	3000	3333	7435	2623	0.98797	4.52718	4.09461		
15:33:43	2000	3000	3333	7435	2623	0.98797	4.52718	4.09461		
15:33:53	2000	3000	3333	7435	2623	0.98797	4.52718	4.09461		
15:34:03	2000	3000	3333	7435	2623	0.98797	4.52718	4.09461		
15:34:43	2000	3000	3333	7435	2623	0.98797	4.52718	4.09461		
15:34:53	2000	3000	3333	7435	2623	0.98797	4.52718	4.09461		
15:35:03	2000	3000	3333	7435	2623	0.98797	4.52718	4.09461		
15:35:33	2000	3000	3333	7435	2623	0.98797	4.52718	4.09461		
15:35:43	2000	3000	3333	7435	2623	0.98797	4.52718	4.09461		
15:35:53	2000	3000	3333	7435	2623	0.98797	4.52718	4.09461		
15:38:13	2000	3000	3333	7435	2623	0.98797	4.52718	4.09461		
15:38:23	2000	3000	3333	7435	2623	0.98797	4.52718	4.09461		
15:38:33	2000	3000	3333	7435	2623	0.98797	4.52718	4.09461		
15:41:43	2000	3000	3333	7435	2623	0.98797	4.52718	4.09461		
15:41:53	2000	3000	3333	7435	2623	0.98797	4.52718	4.09461		
15:42:03	2000	3000	3333	7435	2623	0.98797	4.52718	4.09461		
15:44:23	2000	3000	3333	7435	2623	0.98797	4.52718	4.09461		
15:44:33	2000	3000	3333	7435	2623	0.98797	4.52718	4.09461		
15:44:43	2000	3000	3333	7435	2623	0.98797	4.52718	4.09461		
15:45:13	2000	3000	3333	7435	2623	0.98797	4.52718	4.09461		
15:45:23	2000	3000	3333	7435	2623	0.98797	4.52718	4.09461		
15:45:33	2000	3000	3333	7435	2623	0.98797	4.52718	4.09461		
15:45:43	2000	3000	3333	7435	2623	0.98797	4.52718	4.09461		
15:47:03	2000	3000	3333	7435	2623	0.98797	4.52718	4.09461		
15:47:13	2000	3000	3333	7435	2623	0.98797	4.52718	4.09461		
15:47:23	2000	3000	3333	7435	2623	0.98797	4.52718	4.09461		
15:49:43	2000	3000	3333	7435	2623	0.98797	4.52718	4.09461		
15:49:53	2000	3000	3333	7435	2623	0.98797	4.52718	4.09461		
15:50:03	2000	3000	3333	7435	2623	0.98797	4.52718	4.09461		
15:51:33	2000	3000	3333	7435	2623	0.98797	4.52718	4.09461		
15:51:43	2000	3000	3333	7435	2623	0.98797	4.52718	4.09461		
15:51:53	2000	3000	3333	7435	2623	0.98797	4.52718	4.09461		
15:52:23	2000	3000	3333	7435	2623	0.98797	4.52718	4.09461		
15:52:33	2000	3000	3333	7435	2623	0.98797	4.52718	4.09461		
15:52:43	2000	3000	3333	7435	2623	0.98797	4.52718	4.09461		
15:54:13	2000	3000	3333	7435	2623	0.98797	4.52718	4.09461		
15:54:23	2000	3000	3333	7435	2623	0.98797	4.52718	4.09461		
15:54:33	2000	3000	3333	7435	2623	0.98797	4.52718	4.09461		
15:58:33	2000	3000	3333	7435	2623	0.98797	4.52718	4.09461		
15:58:43	2000	3000	3333	7435	2623	0.98797	4.52718	4.09461		
15:58:53	2000	3000	3333	7435	2623	0.98797	4.52718	4.09461		
15:59:03	2000	3000	3333	7435	2623	0.98797	4.52718	4.09461		
16:14:53	2000	3000	3333	7435	2623	0.98797	4.52718	4.09461		
16:15:03	2000	3000	3333	7435	2623	0.98797	4.52718	4.09461		
16:20:03	2000	3000	3333	7435	2623	0.98797	4.52718	4.09461		
16:20:13	2000	3000	3333	7435	2623	0.98797	4.52718	4.09461		
16:20:23	2000	3000	3333	7435	2623	0.98797	4.52718	4.09461		
16:21:03	2000	3000	3333	7435	2623	0.98797	4.52718	4.09461		
16:21:13	2000	3000	3333	7435	2623	0.98797	4.52718	4.09461		
16:22:43	2000	3000	3333	7435	2623	0.98797	4.52718	4.09461		
16:22:53	2000	3000	3333	7435	2623	0.98797	4.52718	4.09461		
16:26:23	2000	3000	3333	7435	2623	0.98797	4.52718	4.09461		
16:26:33	2000	3000	3333	7435	2623	0.98797	4.52718	4.09461		
16:29:53	2000	3000	3333	7435	2623	0.98797	4.52718	4.09461		
16:30:03	2000	3000	3333	7435	2623	0.98797	4.52718	4.09461		
16:30:43	2000	3000	3333	7435	2623	0.98797	4.52718	4.09461		
16:30:53	2000	3000	3333	7435	2623	0.98797	4.52718	4.09461		
16:31:03	2000	3000	3333	7435	2623	0.98797	4.52718	4.09461		
16:32:33	2000	3000	3333	7435	2623	0.98797	4.52718	4.09461		
16:32:43	2000	3000	3333	7435	2623	0.98797	4.52718	4.09461		
16:32:53	2000	3000	3333	7435	2623	0.98797	4.52718	4.09461		
16:43:03	2000	3000	3333	7435	2623	0.98797	4.52718	4.09461		
16:43:13	2000	3000	3333	7435	2623	0.98797	4.52718	4.09461		
16:43:23	2000	3000	3333	7435	2623	0.98797	4.52718	4.09461		
16:44:03	2000	3000	3333	7435	2623	0.98797	4.52718	4.09461		
16:44:13	2000	3000	3333	7435	2623	0.98797	4.52718	4.09461		
16:44:23	2000	3000	3333	7435	2623	0.98797	4.52718	4.09461		
16:46:43	2000	3000	3333	7435	2623	0.98797	4.52718	4.09461		
16:46:53	2000	3000	3333	7435	2623	0.98797	4.52718	4.09461		
16:47:03	2000	3000	3333	7435	2623	0.98797	4.52718	4.09461		
16:49:23	2000	3000	3333	7435	2623	0.98797	4.52718	4.09461		
16:49:33	2000	3000	3333	7435	2623	0.98797	4.52718	4.09461		
16:49:43	2000	3000	3333	7435	2623	0.98797	4.52718	4.09461		
16:51:53	2000	3000	3333	7435	2623	0.98797	4.52718	4.09461		
16:52:03	2000	3000	3333	7435	2623	0.98797	4.52718	4.09461		
16:52:13	2000	3000	3333	7435	2623	0.98797	4.52718	4.09461		
16:52:53	2000	3000	3333	7435	2623	0.98797	4.52718	4.09461		
16:53:03	2000	3000	3333	7435	2623	0.98797	4.52718	4.09461		
16:53:13	2000	3000	3333	7435	2623	0.98797	4.52718	4.09461		
16:57:23	2000	3000	3333	7435	2623	0.98797	4.52718	4.09461		
16:57:33	2000	3000	3333	7435	2623	0.98797	4.52718	4.09461		
17:00:03	2000	3000	3333	7435	2623	0.98797	4.52718	4.09461		
17:00:13	2000	3000	3333	7435	2623	0.98797	4.52718	4.09461		
17:06:13	2000	3000	3333	7435	2623	0.98797	4.52718	4.09461		
17:06:23	2000	3000	3333	7435	2623	0.98797	4.52718	4.09461		
17:07:13	2000	3000	3333	7435	2623	0.98797	4.52718	4.09461		
17:07:23	2000	3000	3333	7435	2623	0.98797	4.52718	4.09461		
17:13:23	2000	3000	3333	7435	2623	0.98797	4.52718	4.09461		
17:13:33	2000	3000	3333	7435	2623	0.98797	4.52718	4.09461		
17:14:13	2000	3000	3333	7435	2623	0.98797	4.52718	4.09461		
17:14:23	2000	3000	3333	7435	2623	0.98797	4.52718	4.09461		
17:15:03	2000	3000	3333	7435	2623	0.98797	4.52718	4.09461		
17:15:13	2000	3000	3333	7435	2623	0.98797	4.52718	4.09461		
17:16:03	2000	3000	3333	7435	2623	0.98797	4.52718	4.09461		
17:16:13	2000	3000	3333	7435	2623	0.98797	4.52718	4.09461		
17:16:53	2000	3000	3333	7435	2623	0.98797	4.52718	4.09461		
17:17:03	2000	3000	3333	7435	2623	0.98797	4.52718	4.09461		
17:20:23	2000	3000	3333	7435	2623	0.98797	4.52718	4.09461		
17:20:33	2000	3000	3333	7435	2623	0.98797	4.52718	4.09461		
17:21:23	2000	3000	3333	7435	2623	0.98797	4.52718	4.09461		
17:21:33	2000	3000	3333	7435	2623	0.98797	4.52718	4.09461		
17:22:13	2000	3000	3333	7435	2623	0.98797	4.52718	4.09461		
17:22:23	2000	3000	3333	7435	2623	0.98797	4.52718	4.09461		
17:23:03	2000	3000	3333	7435	2623	0.98797	4.52718	4.09461		
17:23:13	2000	3000	3333	7435	2623	0.98797	4.52718	4.09461		
17:24:03	2000	3000	3333	7435	2623	0.98797	4.52718	4.09461		
17:24:13	2000	3000	3333	7435	2623	0.98797	4.52718	4.09461		
17:26:43	2000	3000	3333	7435	2623	0.98797	4.52718	4.09461		
17:26:53	2000	3000	3333	7435	2623	0.98797	4.52718	4.09461		
17:38:13	2000	3000	3333	7435	2623	0.98797	4.52718	4.09461		
17:38:23	2000	3000	3333	7435	2623	0.98797	4.52718	4.09461		
17:38:33	2000	3000	3333	7435	2623	0.98797	4.52718	4.09461		
17:40:53	2000	3000	3333	7435	2623	0.98797	4.52718	4.09461		
17:41:03	2000	3000	3333	7435	2623	0.98797	4.52718	4.09461		
17:41:13	2000	3000	3333	7435	2623	0.98797	4.52718	4.09461		
17:46:13	2000	3000	3333	7435	2623	0.98797	4.52718	4.09461		
17:46:23	2000	3000	3333	7435	2623	0.98797	4.52718	4.09461		
17:46:33	2000	3000	3333	7435	2623	0.98797	4.52718	4.09461		
17:52:23	2000	3000	3333	7435	2623	0.98797	4.52718	4.09461		
17:52:33	2000	3000	3333	7435	2623	0.98797	4.52718	4.09461		
17:52:43	2000	3000	3333	7435	2623	0.98797	4.52718	4.09461		
18:02:13	2000	3000	3333	7435	2623	0.98797	4.52718	4.09461		
18:02:23	2000	3000	3333	7435	2623	0.98797	4.52718	4.09461		
18:03:13	2000	3000	3333	7435	2623	0.98797	4.52718	4.09461		
18:03:23	2000	3000	3333	7435	2623	0.98797	4.52718	4.09461		
18:13:03	2000	3000	3333	7435	2623	0.98797	4.52718	4.09461		
18:13:13	2000	3000	3333	7435	2623	0.98797	4.52718	4.09461		
18:14:53	2000	3000	3333	7435	2623	0.98797	4.52718	4.09461		
18:15:03	2000	3000	3333	7435	2623	0.98797	4.52718	4.09461		
18:15:43	2000	3000	3333	7435	2623	0.98797	4.52718	4.09461		
18:15:53	2000	3000	3333	7435	2623	0.98797	4.52718	4.09461		
18:34:24	2000	3000	3333	7435	2623	0.98797	4.52718	4.09461		
18:34:34	2000	3000	3333	7435	2623	0.98797	4.52718	4.09461		
18:34:44	2000	3000	3333	7435	2623	0.98797	4.52718	4.09461		
18:38:44	2000	3000	3333	7435	2623	0.98797	4.52718	4.09461		
18:38:54	2000	3000	3333	7435	2623	0.98797	4.52718	4.09461		
18:39:04	2000	3000	3333	7435	2623	0.98797	4.52718	4.09461		
18:41:34	2000	3000	3333	7435	2623	0.98797	4.52718	4.09461		
18:41:44	2000	3000	3333	7435	2623	0.98797	4.52718	4.09461		
18:41:54	2000	3000	3333	7435	2623	0.98797	4.52718	4.09461		
18:42:24	2000	3000	3333	7435	2623	0.98797	4.52718	4.09461		
18:42:34	2000	3000	3333	7435	2623	0.98797	4.52718	4.09461		
18:42:44	2000	3000	3333	7435	2623	0.98797	4.52718	4.09461		
18:43:14	2000	3000	3333	7435	2623	0.98797	4.52718	4.09461		
18:43:24	2000	3000	3333	7435	2623	0.98797	4.52718	4.09461		
18:43:34	2000	3000	3333	7435	2623	0.98797	4.52718	4.09461		
18:45:04	2000	3000	3333	7435	2623	0.98797	4.52718	4.09461		
18:45:14	2000	3000	3333	7435	2623	0.98797	4.52718	4.09461		
18:45:24	2000	3000	3333	7435	2623	0.98797	4.52718	4.09461		
18:46:04	2000	3000	3333	7435	2623	0.98797	4.52718	4.09461		
18:46:14	2000	3000	3333	7435	2623	0.98797	4.52718	4.09461		
18:46:24	2000	3000	3333	7435	2623	0.98797	4.52718	4.09461		
18:48:44	2000	3000	3333	7435	2623	0.98797	4.52718	4.09461		
18:48:54	2000	3000	3333	7435	2623	0.98797	4.52718	4.09461		
18:49:04	2000	3000	3333	7435	2623	0.98797	4.52718	4.09461		
18:49:34	2000	3000	3333	7435	2623	0.98797	4.52718	4.09461		
18:49:44	2000	3000	3333	7435	2623	0.98797	4.52718	4.09461		
18:49:54	2000	3000	3333	7435	2623	0.98797	4.52718	4.09461		
18:53:04	2000	3000	3333	7435	2623	0.98797	4.52718	4.09461		
18:53:14	2000	3000	3333	7435	2623	0.98797	4.52718	4.09461		
18:53:24	2000	3000	3333	7435	2623	0.98797	4.52718	4.09461		
18:57:54	2000	3000	3333	7435	2623	0.98797	4.52718	4.09461		
18:58:04	2000	3000	3333	7435	2623	0.98797	4.52718	4.09461		
18:58:14	2000	3000	3333	7435	2623	0.98797	4.52718	4.09461		
18:58:44	2000	3000	3333	7435	2623	0.98797	4.52718	4.09461		
18:58:54	2000	3000	3333	7435	2623	0.98797	4.52718	4.09461		
18:59:04	2000	3000	3333	7435	2623	0.98797	4.52718	4.09461		
19:01:24	2000	3000	3333	7435	2623	0.98797	4.52718	4.09461		
19:01:34	2000	3000	3333	7435	2623	0.98797	4.52718	4.09461		
19:01:44	2000	3000	3333	7435	2623	0.98797	4.52718	4.09461		
19:05:04	2000	3000	3333	7435	2623	0.98797	4.52718	4.09461		
19:05:14	2000	3000	3333	7435	2623	0.98797	4.52718	4.09461		
19:06:54	2000	3000	3333	7435	2623	0.98797	4.52718	4.09461		
19:07:04	2000	3000	3333	7435	2623	0.98797	4.52718	4.09461		
19:11:24	2000	3000	3333	7435	2623	0.98797	4.52718	4.09461		
19:11:34	2000	3000	3333	7435	2623	0.98797	4.52718	4.09461		
19:14:54	2000	3000	3333	7435	2623	0.98797	4.52718	4.09461		
19:15:04	2000	3000	3333	7435	2623	0.98797	4.52718	4.09461		
19:15:44	2000	3000	3333	7435	2623	0.98797	4.52718	4.09461		
19:15:54	2000	3000	3333	7435	2623	0.98797	4.52718	4.09461		
19:16:44	2000	3000	3333	7435	2623	0.98797	4.52718	4.09461		
19:16:54	2000	3000	3333	7435	2623	0.98797	4.52718	4.09461		
19:18:24	2000	3000	3333	7435	2623	0.98797	4.52718	4.09461		
19:18:34	2000	3000	3333	7435	2623	0.98797	4.52718	4.09461		
19:19:14	2000	3000	3333	7435	2623	0.98797	4.52718	4.09461		
19:19:24	2000	3000	3333	7435	2623	0.98797	4.52718	4.09461		
19:21:04	2000	3000	3333	7435	2623	0.98797	4.52718	4.09461		
19:21:14	2000	3000	3333	7435	2623	0.98797	4.52718	4.09461		
19:22:54	2000	3000	3333	7435	2623	0.98797	4.52718	4.09461		
19:23:04	2000	3000	3333	7435	2623	0.98797	4.52718	4.09461		
19:23:44	2000	3000	3333	7435	2623	0.98797	4.52718	4.09461		
19:23:54	2000	3000	3333	7435	2623	0.98797	4.52718	4.09461		
19:24:34	2000	3000	3333	7435	2623	0.98797	4.52718	4.09461		
19:24:44	2000	3000	3333	7435	2623	0.98797	4.52718	4.09461		
19:27:14	2000	3000	3333	7435	2623	0.98797	4.52718	4.09461		
19:27:24	2000	3000	3333	7435	2623	0.98797	4.52718	4.09461		
19:30:44	2000	3000	3333	7435	2623	0.98797	4.52718	4.09461		
19:30:54	2000	3000	3333	7435	2623	0.98797	4.52718	4.09461		
19:35:14	2000	3000	3333	7435	2623	0.98797	4.52718	4.09461		
19:35:24	2000	3000	3333	7435	2623	0.98797	4.52718	4.09461		
19:36:04	2000	3000	3333	7435	2623	0.98797	4.52718	4.09461		
19:36:14	2000	3000	3333	7435	2623	0.98797	4.52718	4.09461		
19:38:44	2000	3000	3333	7435	2623	0.98797	4.52718	4.09461		
19:38:54	2000	3000	3333	7435	2623	0.98797	4.52718	4.09461		
19:39:04	2000	3000	3333	7435	2623	0.98797	4.52718	4.09461		
19:44:04	2000	3000	3333	7435	2623	0.98797	4.52718	4.09461		
19:44:14	2000	3000	3333	7435	2623	0.98797	4.52718	4.09461		
19:44:24	2000	3000	3333	7435	2623	0.98797	4.52718	4.09461		
19:46:44	2000	3000	3333	7435	2623	0.98797	4.52718	4.09461		
19:46:54	2000	3000	3333	7435	2623	0.98797	4.52718	4.09461		
19:47:04	2000	3000	3333	7435	2623	0.98797	4.52718	4.09461		
19:47:34	2000	3000	3333	7435	2623	0.98797	4.52718	4.09461		
19:47:44	2000	3000	3333	7435	2623	0.98797	4.52718	4.09461		
19:47:54	2000	3000	3333	7435	2623	0.98797	4.52718	4.09461		
19:49:24	2000	3000	3333	7435	2623	0.98797	4.52718	4.09461		
19:49:34	2000	3000	3333	7435	2623	0.98797	4.52718	4.09461		
19:49:44	2000	3000	3333	7435	2623	0.98797	4.52718	4.09461		
19:52:04	2000	3000	3333	7435	2623	0.98797	4.52718	4.09461		
19:52:14	2000	3000	3333	7435	2623	0.98797	4.52718	4.09461		
19:52:24	2000	3000	3333	7435	2623	0.98797	4.52718	4.09461		
19:53:44	2000	3000	3333	7435	2623	0.98797	4.52718	4.09461		
19:53:54	2000	3000	3333	7435	2623	0.98797	4.52718	4.09461		
19:54:04	2000	3000	3333	7435	2623	0.98797	4.52718	4.09461		
19:54:34	2000	3000	3333	7435	2623	0.98797	4.52718	4.09461		
19:54:44	2000	3000	3333	7435	2623	0.98797	4.52718	4.09461		
19:54:54	2000	3000	3333	7435	2623	0.98797	4.52718	4.09461		
19:55:04	2000	3000	3333	7435	2623	0.98797	4.52718	4.09461		
19:55:34	2000	3000	3333	7435	2623	0.98797	4.52718	4.09461		
19:55:44	2000	3000	3333	7435	2623	0.98797	4.52718	4.09461		
19:55:54	2000	3000	3333	7435	2623	0.98797	4.52718	4.09461		
19:56:24	2000	3000	3333	7435	2623	0.98797	4.52718	4.09461		
19:56:34	2000	3000	3333	7435	2623	0.98797	4.52718	4.09461		
19:56:44	2000	3000	3333	7435	2623	0.98797	4.52718	4.09461		
19:57:14	2000	3000	3333	7435	2623	0.98797	4.52718	4.09461		
19:57:24	2000	3000	3333	7435	2623	0.98797	4.52718	4.09461		
19:57:34	2000	3000	3333	7435	2623	0.98797	4.52718	4.09461		
19:58:14	2000	3000	3333	7435	2623	0.98797	4.52718	4.09461		
19:58:24	2000	3000	3333	7435	2623	0.98797	4.52718	4.09461		
19:58:34	2000	3000	3333	7435	2623	0.98797	4.52718	4.09461		
19:59:04	2000	3000	3333	7435	2623	0.98797	4.52718	4.09461		
19:59:14	2000	3000	3333	7435	2623	0.98797	4.52718	4.09461		
19:59:24	2000	3000	3333	7435	2623	0.98797	4.52718	4.09461		
20:00:04	2000	3000	3333	7435	2623	0.98797	4.52718	4.09461		
20:00:14	2000	3000	3333	7435	2623	0.98797	4.52718	4.09461		
20:00:24	2000	3000	3333	7435	2623	0.98797	4.52718	4.09461		
20:00:54	2000	3000	3333	7435	2623	0.98797	4.52718	4.09461		
20:01:04	2000	3000	3333	7435	2623	0.98797	4.52718	4.09461		
20:01:14	2000	3000	3333	7435	2623	0.98797	4.52718	4.09461		
20:02:44	2000	3000	3333	7435	2623	0.98797	4.52718	4.09461		
20:02:54	2000	3000	3333	7435	2623	0.98797	4.52718	4.09461		
20:03:04	2000	3000	3333	7435	2623	0.98797	4.52718	4.09461		
20:03:34	2000	3000	3333	7435	2623	0.98797	4.52718	4.09461		
20:03:44	2000	3000	3333	7435	2623	0.98797	4.52718	4.09461		
20:03:54	2000	3000	3333	7435	2623	0.98797	4.52718	4.09461		
20:07:04	2000	3000	3333	7435	2623	0.98797	4.52718	4.09461		
20:07:14	2000	3000	3333	7435	2623	0.98797	4.52718	4.09461		
20:07:24	2000	3000	3333	7435	2623	0.98797	4.52718	4.09461		
20:08:54	2000	3000	3333	7435	2623	0.98797	4.52718	4.09461		
20:09:04	2000	3000	3333	7435	2623	0.98797	4.52718	4.09461		
20:09:14	2000	3000	3333	7435	2623	0.98797	4.52718	4.09461		
20:09:54	2000	3000	3333	7435	2623	0.98797	4.52718	4.09461		
20:10:04	2000	3000	3333	7435	2623	0.98797	4.52718	4.09461		
20:12:34	2000	3000	3333	7435	2623	0.98797	4.52718	4.09461		
20:12:44	2000	3000	3333	7435	2623	0.98797	4.52718	4.09461		
20:14:24	2000	3000	3333	7435	2623	0.98797	4.52718	4.09461		
20:14:34	2000	3000	3333	7435	2623	0.98797	4.52718	4.09461		
20:16:04	2000	3000	3333	7435	2623	0.98797	4.52718	4.09461		
20:16:14	2000	3000	3333	7435	2623	0.98797	4.52718	4.09461		
20:18:44	2000	3000	3333	7435	2623	0.98797	4.52718	4.09461		
20:18:54	2000	3000	3333	7435	2623	0.98797	4.52718	4.09461		
20:19:44	2000	3000	3333	7435	2623	0.98797	4.52718	4.09461		
20:19:54	2000	3000	3333	7435	2623	0.98797	4.52718	4.09461		
20:25:54	2000	3000	3333	7435	2623	0.98797	4.52718	4.09461		
20:26:04	2000	3000	3333	7435	2623	0.98797	4.52718	4.09461		
20:26:44	2000	3000	3333	7435	2623	0.98797	4.52718	4.09461		
20:26:54	2000	3000	3333	7435	2623	0.98797	4.52718	4.09461		
20:29:24	2000	3000	3333	7435	2623	0.98797	4.52718	4.09461		
20:29:34	2000	3000	3333	7435	2623	0.98797	4.52718	4.09461		
20:32:04	2000	3000	3333	7435	2623	0.98797	4.52718	4.09461		
20:32:14	2000	3000	3333	7435	2623	0.98797	4.52718	4.09461		
20:33:54	2000	3000	3333	7435	2623	0.98797	4.52718	4.09461		
20:34:04	2000	3000	3333	7435	2623	0.98797	4.52718	4.09461		
20:35:34	2000	3000	3333	7435	2623	0.98797	4.52718	4.09461		
20:35:44	2000	3000	3333	7435	2623	0.98797	4.52718	4.09461		
20:36:34	2000	3000	3333	7435	2623	0.98797	4.52718	4.09461		
20:36:44	2000	3000	3333	7435	2623	0.98797	4.52718	4.09461		
20:39:14	2000	3000	3333	7435	2623	0.98797	4.52718	4.09461		
20:39:24	2000	3000	3333	7435	2623	0.98797	4.52718	4.09461		
20:42:24	2000	3000	3333	7435	2623	0.98797	4.52718	4.09461		
20:42:34	2000	3000	3333	7435	2623	0.98797	4.52718	4.09461		
20:42:44	2000	3000	3333	7435	2623	0.98797	4.52718	4.09461		
20:44:14	2000	3000	3333	7435	2623	0.98797	4.52718	4.09461		
20:44:24	2000	3000	3333	7435	2623	0.98797	4.52718	4.09461		
20:44:34	2000	3000	3333	7435	2623	0.98797	4.52718	4.09461		
20:48:44	2000	3000	3333	7435	2623	0.98797	4.52718	4.09461		
20:48:54	2000	3000	3333	7435	2623	0.98797	4.52718	4.09461		
20:49:04	2000	3000	3333	7435	2623	0.98797	4.52718	4.09461		
20:49:34	2000	3000	3333	7435	2623	0.98797	4.52718	4.09461		
20:49:44	2000	3000	3333	7435	2623	0.98797	4.52718	4.09461		
20:49:54	2000	3000	3333	7435	2623	0.98797	4.52718	4.09461		
20:51:24	2000	3000	3333	7435	2623	0.98797	4.52718	4.09461		
20:51:34	2000	3000	3333	7435	2623	0.98797	4.52718	4.09461		
20:51:44	2000	3000	3333	7435	2623	0.98797	4.52718	4.09461		
20:53:04	2000	3000	3333	7435	2623	0.98797	4.52718	4.09461		
20:53:14	2000	3000	3333	7435	2623	0.98797	4.52718	4.09461		
20:53:24	2000	3000	3333	7435	2623	0.98797	4.52718	4.09461		
20:54:04	2000	3000	3333	7435	2623	0.98797	4.52718	4.09461		
20:54:14	2000	3000	3333	7435	2623	0.98797	4.52718	4.09461		
20:54:24	2000	3000	3333	7435	2623	0.98797	4.52718	4.09461		
20:55:44	2000	3000	3333	7435	2623	0.98797	4.52718	4.09461		
20:55:54	2000	3000	3333	7435	2623	0.98797	4.52718	4.09461		
20:56:04	2000	3000	3333	7435	2623	0.98797	4.52718	4.09461		
20:56:34	2000	3000	3333	7435	2623	0.98797	4.52718	4.09461		
20:56:44	2000	3000	3333	7435	2623	0.98797	4.52718	4.09461		
20:56:54	2000	3000	3333	7435	2623	0.98797	4.52718	4.09461		
20:57:34	2000	3000	3333	7435	2623	0.98797	4.52718	4.09461		
20:57:44	2000	3000	3333	7435	2623	0.98797	4.52718	4.09461		
20:57:54	2000	3000	3333	7435	2623	0.98797	4.52718	4.09461		
20:59:24	2000	3000	3333	7435	2623	0.98797	4.52718	4.09461		
20:59:34	2000	3000	3333	7435	2623	0.98797	4.52718	4.09461		
20:59:44	2000	3000	3333	7435	2623	0.98797	4.52718	4.09461		
21:00:14	2000	3000	3333	7435	2623	0.98797	4.52718	4.09461		
21:00:24	2000	3000	3333	7435	2623	0.98797	4.52718	4.09461		
21:00:34	2000	3000	3333	7435	2623	0.98797	4.52718	4.09461		
21:01:04	2000	3000	3333	7435	2623	0.98797	4.52718	4.09461		
21:01:14	2000	3000	3333	7435	2623	0.98797	4.52718	4.09461		
21:01:24	2000	3000	3333	7435	2623	0.98797	4.52718	4.09461		
21:01:54	2000	3000	3333	7435	2623	0.98797	4.52718	4.09461		
21:02:04	2000	3000	3333	7435	2623	0.98797	4.52718	4.09461		
21:02:14	2000	3000	3333	7435	2623	0.98797	4.52718	4.09461		
21:06:24	2000	3000	3333	7435	2623	0.98797	4.52718	4.09461		
21:06:34	2000	3000	3333	7435	2623	0.98797	4.52718	4.09461		
21:06:44	2000	3000	3333	7435	2623	0.98797	4.52718	4.09461		
21:07:14	2000	3000	3333	7435	2623	0.98797	4.52718	4.09461		
21:07:24	2000	3000	3333	7435	2623	0.98797	4.52718	4.09461		
21:07:34	2000	3000	3333	7435	2623	0.98797	4.52718	4.09461		
21:08:14	2000	3000	3333	7435	2623	0.98797	4.52718	4.09461		
21:08:24	2000	3000	3333	7435	2623	0.98797	4.52718	4.09461		
21:09:14	2000	3000	3333	7435	2623	0.98797	4.52718	4.09461		
21:09:24	2000	3000	3333	7435	2623	0.98797	4.52718	4.09461		
21:10:04	2000	3000	3333	7435	2623	0.98797	4.52718	4.09461		
21:10:14	2000	3000	3333	7435	2623	0.98797	4.52718	4.09461		
21:11:54	2000	3000	3333	7435	2623	0.98797	4.52718	4.09461		
21:12:04	2000	3000	3333	7435	2623	0.98797	4.52718	4.09461		
21:13:34	2000	3000	3333	7435	2623	0.98797	4.52718	4.09461		
21:13:44	2000	3000	3333	7435	2623	0.98797	4.52718	4.09461		
21:14:34	2000	3000	3333	7435	2623	0.98797	4.52718	4.09461		
21:14:44	2000	3000	3333	7435	2623	0.98797	4.52718	4.09461		
21:17:14	2000	3000	3333	7435	2623	0.98797	4.52718	4.09461		
21:17:24	2000	3000	3333	7435	2623	0.98797	4.52718	4.09461		
21:18:04	2000	3000	3333	7435	2623	0.98797	4.52718	4.09461		
21:18:14	2000	3000	3333	7435	2623	0.98797	4.52718	4.09461		
21:21:34	2000	3000	3333	7435	2623	0.98797	4.52718	4.09461		
21:21:44	2000	3000	3333	7435	2623	0.98797	4.52718	4.09461		
21:23:24	2000	3000	3333	7435	2623	0.98797	4.52718	4.09461		
21:23:34	2000	3000	3333	7435	2623	0.98797	4.52718	4.09461		
21:26:04	2000	3000	3333	7435	2623	0.98797	4.52718	4.09461		
21:26:14	2000	3000	3333	7435	2623	0.98797	4.52718	4.09461		
21:27:44	2000	3000	3333	7435	2623	0.98797	4.52718	4.09461		
21:27:54	2000	3000	3333	7435	2623	0.98797	4.52718	4.09461		
21:29:34	2000	3000	3333	7435	2623	0.98797	4.52718	4.09461		
21:29:44	2000	3000	3333	7435	2623	0.98797	4.52718	4.09461		
21:30:24	2000	3000	3333	7435	2623	0.98797	4.52718	4.09461		
21:30:34	2000	3000	3333	7435	2623	0.98797	4.52718	4.09461		
21:30:44	2000	3000	3333	7435	2623	0.98797	4.52718	4.09461		
21:32:14	2000	3000	3333	7435	2623	0.98797	4.52718	4.09461		
21:32:24	2000	3000	3333	7435	2623	0.98797	4.52718	4.09461		
21:32:34	2000	3000	3333	7435	2623	0.98797	4.52718	4.09461		
21:33:04	2000	3000	3333	7435	2623	0.98797	4.52718	4.09461		
21:33:14	2000	3000	3333	7435	2623	0.98797	4.52718	4.09461		
21:33:24	2000	3000	3333	7435	2623	0.98797	4.52718	4.09461		
21:34:54	2000	3000	3333	7435	2623	0.98797	4.52718	4.09461		
21:35:04	2000	3000	3333	7435	2623	0.98797	4.52718	4.09461		
21:35:14	2000	3000	3333	7435	2623	0.98797	4.52718	4.09461		
21:37:34	2000	3000	3333	7435	2623	0.98797	4.52718	4.09461		
21:37:44	2000	3000	3333	7435	2623	0.98797	4.52718	4.09461		
21:37:54	2000	3000	3333	7435	2623	0.98797	4.52718	4.09461		
21:38:24	2000	3000	3333	7435	2623	0.98797	4.52718	4.09461		
21:38:34	2000	3000	3333	7435	2623	0.98797	4.52718	4.09461		
21:38:44	2000	3000	3333	7435	2623	0.98797	4.52718	4.09461		
21:40:14	2000	3000	3333	7435	2623	0.98797	4.52718	4.09461		
21:40:24	2000	3000	3333	7435	2623	0.98797	4.52718	4.09461		
21:40:34	2000	3000	3333	7435	2623	0.98797	4.52718	4.09461		
21:42:04	2000	3000	3333	7435	2623	0.98797	4.52718	4.09461		
21:42:14	2000	3000	3333	7435	2623	0.98797	4.52718	4.09461		
21:42:24	2000	3000	3333	7435	2623	0.98797	4.52718	4.09461		
21:44:44	2000	3000	3333	7435	2623	0.98797	4.52718	4.09461		
21:44:54	2000	3000	3333	7435	2623	0.98797	4.52718	4.09461		
21:45:04	2000	3000	3333	7435	2623	0.98797	4.52718	4.09461		
21:47:24	2000	3000	3333	7435	2623	0.98797	4.52718	4.09461		
21:47:34	2000	3000	3333	7435	2623	0.98797	4.52718	4.09461		
21:47:44	2000	3000	3333	7435	2623	0.98797	4.52718	4.09461		
21:50:54	2000	3000	3333	7435	2623	0.98797	4.52718	4.09461		
21:51:04	2000	3000	3333	7435	2623	0.98797	4.52718	4.09461		
21:51:14	2000	3000	3333	7435	2623	0.98797	4.52718	4.09461		
21:56:14	2000	3000	3333	7435	2623	0.98797	4.52718	4.09461		
21:56:24	2000	3000	3333	7435	2623	0.98797	4.52718	4.09461		
21:56:34	2000	3000	3333	7435	2623	0.98797	4.52718	4.09461		
22:01:14	2000	3000	3333	7435	2623	0.98797	4.52718	4.09461		
22:01:24	2000	3000	3333	7435	2623	0.98797	4.52718	4.09461		
22:02:04	2000	3000	3333	7435	2623	0.98797	4.52718	4.09461		
22:02:14	2000	3000	3333	7435	2623	0.98797	4.52718	4.09461		
22:03:04	2000	3000	3333	7435	2623	0.98797	4.52718	4.09461		
22:03:14	2000	3000	3333	7435	2623	0.98797	4.52718	4.09461		
22:03:54	2000	3000	3333	7435	2623	0.98797	4.52718	4.09461		
22:04:04	2000	3000	3333	7435	2623	0.98797	4.52718	4.09461		
22:06:54	2000	3000	3333	7435	2623	0.98797	4.52718	4.09461		
22:07:04	2000	3000	3333	7435	2623	0.98797	4.52718	4.09461		
22:09:34	2000	3000	3333	7435	2623	0.98797	4.52718	4.09461		
22:09:44	2000	3000	3333	7435	2623	0.98797	4.52718	4.09461		
22:12:14	2000	3000	3333	7435	2623	0.98797	4.52718	4.09461		
22:12:24	2000	3000	3333	7435	2623	0.98797	4.52718	4.09461		
22:13:04	2000	3000	3333	7435	2623	0.98797	4.52718	4.09461		
22:13:14	2000	3000	3333	7435	2623	0.98797	4.52718	4.09461		
22:13:24	2000	3000	3333	7435	2623	0.98797	4.52718	4.09461		
22:14:04	2000	3000	3333	7435	2623	0.98797	4.52718	4.09461		
22:14:14	2000	3000	3333	7435	2623	0.98797	4.52718	4.09461		
22:14:54	2000	3000	3333	7435	2623	0.98797	4.52718	4.09461		
22:15:04	2000	3000	3333	7435	2623	0.98797	4.52718	4.09461		
22:17:34	2000	3000	3333	7435	2623	0.98797	4.52718	4.09461		
22:17:44	2000	3000	3333	7435	2623	0.98797	4.52718	4.09461		
22:19:24	2000	3000	3333	7435	2623	0.98797	4.52718	4.09461		
22:19:34	2000	3000	3333	7435	2623	0.98797	4.52718	4.09461		
22:20:14	2000	3000	3333	7435	2623	0.98797	4.52718	4.09461		
22:20:24	2000	3000	3333	7435	2623	0.98797	4.52718	4.09461		
22:22:04	2000	3000	3333	7435	2623	0.98797	4.52718	4.09461		
22:22:14	2000	3000	3333	7435	2623	0.98797	4.52718	4.09461		
22:22:54	2000	3000	3333	7435	2623	0.98797	4.52718	4.09461		
22:23:04	2000	3000	3333	7435	2623	0.98797	4.52718	4.09461		
22:24:44	2000	3000	3333	7435	2623	0.98797	4.52718	4.09461		
22:24:54	2000	3000	3333	7435	2623	0.98797	4.52718	4.09461		
22:26:34	2000	3000	3333	7435	2623	0.98797	4.52718	4.09461		
22:26:44	2000	3000	3333	7435	2623	0.98797	4.52718	4.09461		
22:27:24	2000	3000	3333	7435	2623	0.98797	4.52718	4.09461		
22:27:34	2000	3000	3333	7435	2623	0.98797	4.52718	4.09461		
22:28:14	2000	3000	3333	7435	2623	0.98797	4.52718	4.09461		
22:28:24	2000	3000	3333	7435	2623	0.98797	4.52718	4.09461		
22:30:04	2000	3000	3333	7435	2623	0.98797	4.52718	4.09461		
22:30:14	2000	3000	3333	7435	2623	0.98797	4.52718	4.09461		
22:30:54	2000	3000	3333	7435	2623	0.98797	4.52718	4.09461		
22:31:04	2000	3000	3333	7435	2623	0.98797	4.52718	4.09461		
22:33:34	2000	3000	3333	7435	2623	0.98797	4.52718	4.09461		
22:33:44	2000	3000	3333	7435	2623	0.98797	4.52718	4.09461		
22:33:54	2000	3000	3333	7435	2623	0.98797	4.52718	4.09461		
22:34:34	2000	3000	3333	7435	2623	0.98797	4.52718	4.09461		
22:34:44	2000	3000	3333	7435	2623	0.98797	4.52718	4.09461		
22:34:54	2000	3000	3333	7435	2623	0.98797	4.52718	4.09461		
22:36:14	2000	3000	3333	7435	2623	0.98797	4.52718	4.09461		
22:36:24	2000	3000	3333	7435	2623	0.98797	4.52718	4.09461		
22:36:34	2000	3000	3333	7435	2623	0.98797	4.52718	4.09461		
22:37:04	2000	3000	3333	7435	2623	0.98797	4.52718	4.09461		
22:37:14	2000	3000	3333	7435	2623	0.98797	4.52718	4.09461		
22:37:24	2000	3000	3333	7435	2623	0.98797	4.52718	4.09461		
22:38:04	2000	3000	3333	7435	2623	0.98797	4.52718	4.09461		
22:38:14	2000	3000	3333	7435	2623	0.98797	4.52718	4.09461		
22:38:24	2000	3000	3333	7435	2623	0.98797	4.52718	4.09461		
22:38:54	2000	3000	3333	7435	2623	0.98797	4.52718	4.09461		
22:39:04	2000	3000	3333	7435	2623	0.98797	4.52718	4.09461		
22:39:14	2000	3000	3333	7435	2623	0.98797	4.52718	4.09461		
22:40:34	2000	3000	3333	7435	2623	0.98797	4.52718	4.09461		
22:40:44	2000	3000	3333	7435	2623	0.98797	4.52718	4.09461		
22:40:54	2000	3000	3333	7435	2623	0.98797	4.52718	4.09461		
22:41:04	2000	3000	3333	7435	2623	0.98797	4.52718	4.09461		
22:42:24	2000	3000	3333	7435	2623	0.98797	4.52718	4.09461		
22:42:34	2000	3000	3333	7435	2623	0.98797	4.52718	4.09461		
22:42:44	2000	3000	3333	7435	2623	0.98797	4.52718	4.09461		
22:43:24	2000	3000	3333	7435	2623	0.98797	4.52718	4.09461		
22:43:34	2000	3000	3333	7435	2623	0.98797	4.52718	4.09461		
22:43:44	2000	3000	3333	7435	2623	0.98797	4.52718	4.09461		
22:44:14	2000	3000	3333	7435	2623	0.98797	4.52718	4.09461		
22:44:24	2000	3000	3333	7435	2623	0.98797	4.52718	4.09461		
22:44:34	2000	3000	3333	7435	2623	0.98797	4.52718	4.09461		
22:45:04	2000	3000	3333	7435	2623	0.98797	4.52718	4.09461		
22:45:14	2000	3000	3333	7435	2623	0.98797	4.52718	4.09461		
22:45:24	2000	3000	3333	7435	2623	0.98797	4.52718	4.09461		
22:45:54	2000	3000	3333	7435	2623	0.98797	4.52718	4.09461		
22:46:04	2000	3000	3333	7435	2623	0.98797	4.52718	4.09461		
22:46:14	2000	3000	3333	7435	2623	0.98797	4.52718	4.09461		
22:46:24	2000	3000	3333	7435	2623	0.98797	4.52718	4.09461		
22:46:54	2000	3000	3333	7435	2623	0.98797	4.52718	4.09461		
22:47:04	2000	3000	3333	7435	2623	0.98797	4.52718	4.09461		
22:47:14	2000	3000	3333	7435	2623	0.98797	4.52718	4.09461		
22:47:44	2000	3000	3333	7435	2623	0.98797	4.52718	4.09461		
22:47:54	2000	3000	3333	7435	2623	0.98797	4.52718	4.09461		
22:48:04	2000	3000	3333	7435	2623	0.98797	4.52718	4.09461		
22:50:24	2000	3000	3333	7435	2623	0.98797	4.52718	4.09461		
22:50:34	2000	3000	3333	7435	2623	0.98797	4.52718	4.09461		
22:50:44	2000	3000	3333	7435	2623	0.98797	4.52718	4.09461		
22:52:14	2000	3000	3333	7435	2623	0.98797	4.52718	4.09461		
22:52:24	2000	3000	3333	7435	2623	0.98797	4.52718	4.09461		
22:52:34	2000	3000	3333	7435	2623	0.98797	4.52718	4.09461		
22:53:04	2000	3000	3333	7435	2623	0.98797	4.52718	4.09461		
22:53:14	2000	3000	3333	7435	2623	0.98797	4.52718	4.09461		
22:53:24	2000	3000	3333	7435	2623	0.98797	4.52718	4.09461		
22:53:54	2000	3000	3333	7435	2623	0.98797	4.52718	4.09461		
22:54:04	2000	3000	3333	7435	2623	0.98797	4.52718	4.09461		
22:54:14	2000	3000	3333	7435	2623	0.98797	4.52718	4.09461		
22:56:34	2000	3000	3333	7435	2623	0.98797	4.52718	4.09461		
22:56:44	2000	3000	3333	7435	2623	0.98797	4.52718	4.09461		
22:56:54	2000	3000	3333	7435	2623	0.98797	4.52718	4.09461		
23:01:04	2000	3000	3333	7435	2623	0.98797	4.52718	4.09461		
23:01:14	2000	3000	3333	7435	2623	0.98797	4.52718	4.09461		
23:01:24	2000	3000	3333	7435	2623	0.98797	4.52718	4.09461		
23:02:54	2000	3000	3333	7435	2623	0.98797	4.52718	4.09461		
23:03:04	2000	3000	3333	7435	2623	0.98797	4.52718	4.09461		
23:03:54	2000	3000	3333	7435	2623	0.98797	4.52718	4.09461		
23:04:04	2000	3000	3333	7435	2623	0.98797	4.52718	4.09461		
23:05:44	2000	3000	3333	7435	2623	0.98797	4.52718	4.09461		
23:05:54	2000	3000	3333	7435	2623	0.98797	4.52718	4.09461		
23:10:04	2000	3000	3333	7435	2623	0.98797	4.52718	4.09461		
23:10:14	2000	3000	3333	7435	2623	0.98797	4.52718	4.09461		
23:11:54	2000	3000	3333	7435	2623	0.98797	4.52718	4.09461		
23:12:04	2000	3000	3333	7435	2623	0.98797	4.52718	4.09461		
23:12:44	2000	3000	3333	7435	2623	0.98797	4.52718	4.09461		
23:12:54	2000	3000	3333	7435	2623	0.98797	4.52718	4.09461		
23:16:14	2000	3000	3333	7435	2623	0.98797	4.52718	4.09461		
23:16:24	2000	3000	3333	7435	2623	0.98797	4.52718	4.09461		
23:17:04	2000	3000	3333	7435	2623	0.98797	4.52718	4.09461		
23:17:14	2000	3000	3333	7435	2623	0.98797	4.52718	4.09461		
23:20:34	2000	3000	3333	7435	2623	0.98797	4.52718	4.09461		
23:20:44	2000	3000	3333	7435	2623	0.98797	4.52718	4.09461		
23:21:34	2000	3000	3333	7435	2623	0.98797	4.52718	4.09461		
23:21:44	2000	3000	3333	7435	2623	0.98797	4.52718	4.09461		
23:24:14	2000	3000	3333	7435	2623	0.98797	4.52718	4.09461		
23:24:24	2000	3000	3333	7435	2623	0.98797	4.52718	4.09461		
23:25:04	2000	3000	3333	7435	2623	0.98797	4.52718	4.09461		
23:25:14	2000	3000	3333	7435	2623	0.98797	4.52718	4.09461		
23:26:54	2000	3000	3333	7435	2623	0.98797	4.52718	4.09461		
23:27:04	2000	3000	3333	7435	2623	0.98797	4.52718	4.09461		
23:27:44	2000	3000	3333	7435	2623	0.98797	4.52718	4.09461		
23:27:54	2000	3000	3333	7435	2623	0.98797	4.52718	4.09461		
23:29:24	2000	3000	3333	7435	2623	0.98797	4.52718	4.09461		
23:29:34	2000	3000	3333	7435	2623	0.98797	4.52718	4.09461		
23:31:14	2000	3000	3333	7435	2623	0.98797	4.52718	4.09461		
23:31:24	2000	3000	3333	7435	2623	0.98797	4.52718	4.09461		
23:33:04	2000	3000	3333	7435	2623	0.98797	4.52718	4.09461		
23:33:14	2000	3000	3333	7435	2623	0.98797	4.52718	4.09461		
23:37:24	2000	3000	3333	7435	2623	0.98797	4.52718	4.09461		
23:37:34	2000	3000	3333	7435	2623	0.98797	4.52718	4.09461		
23:37:44	2000	3000	3333	7435	2623	0.98797	4.52718	4.09461		
23:37:54	2000	3000	3333	7435	2623	0.98797	4.52718	4.09461		
23:39:14	2000	3000	3333	7435	2623	0.98797	4.52718	4.09461		
23:39:24	2000	3000	3333	7435	2623	0.98797	4.52718	4.09461		
23:39:34	2000	3000	3333	7435	2623	0.98797	4.52718	4.09461		
23:41:54	2000	3000	3333	7435	2623	0.98797	4.52718	4.09461		
23:42:04	2000	3000	3333	7435	2623	0.98797	4.52718	4.09461		
23:42:14	2000	3000	3333	7435	2623	0.98797	4.52718	4.09461		
23:42:44	2000	3000	3333	7435	2623	0.98797	4.52718	4.09461		
23:42:54	2000	3000	3333	7435	2623	0.98797	4.52718	4.09461		
23:43:04	2000	3000	3333	7435	2623	0.98797	4.52718	4.09461		
23:43:34	2000	3000	3333	7435	2623	0.98797	4.52718	4.09461		
23:43:44	2000	3000	3333	7435	2623	0.98797	4.52718	4.09461		
23:43:54	2000	3000	3333	7435	2623	0.98797	4.52718	4.09461		
23:44:34	2000	3000	3333	7435	2623	0.98797	4.52718	4.09461		
23:44:44	2000	3000	3333	7435	2623	0.98797	4.52718	4.09461		
23:44:54	2000	3000	3333	7435	2623	0.98797	4.52718	4.09461		
23:46:14	2000	3000	3333	7435	2623	0.98797	4.52718	4.09461		
23:46:24	2000	3000	3333	7435	2623	0.98797	4.52718	4.09461		
23:46:34	2000	3000	3333	7435	2623	0.98797	4.52718	4.09461		
23:47:14	2000	3000	3333	7435	2623	0.98797	4.52718	4.09461		
23:47:24	2000	3000	3333	7435	2623	0.98797	4.52718	4.09461		
23:47:34	2000	3000	3333	7435	2623	0.98797	4.52718	4.09461		
23:48:04	2000	3000	3333	7435	2623	0.98797	4.52718	4.09461		
23:48:14	2000	3000	3333	7435	2623	0.98797	4.52718	4.09461		
23:48:24	2000	3000	3333	7435	2623	0.98797	4.52718	4.09461		
23:49:44	2000	3000	3333	7435	2623	0.98797	4.52718	4.09461		
23:49:54	2000	3000	3333	7435	2623	0.98797	4.52718	4.09461		
23:50:04	2000	3000	3333	7435	2623	0.98797	4.52718	4.09461		
23:50:14	2000	3000	3333	7435	2623	0.98797	4.52718	4.09461		
23:50:44	2000	3000	3333	7435	2623	0.98797	4.52718	4.09461		
23:50:54	2000	3000	3333	7435	2623	0.98797	4.52718	4.09461		
23:51:04	2000	3000	3333	7435	2623	0.98797	4.52718	4.09461		
23:52:34	2000	3000	3333	7435	2623	0.98797	4.52718	4.09461		
23:52:44	2000	3000	3333	7435	2623	0.98797	4.52718	4.09461		
23:52:54	2000	3000	3333	7435	2623	0.98797	4.52718	4.09461		
23:55:14	2000	3000	3333	7435	2623	0.98797	4.52718	4.09461		
23:55:24	2000	3000	3333	7435	2623	0.98797	4.52718	4.09461		
23:55:34	2000	3000	3333	7435	2623	0.98797	4.52718	4.09461		
23:56:54	2000	3000	3333	7435	2623	0.98797	4.52718	4.09461		
23:57:04	2000	3000	3333	7435	2623	0.98797	4.52718	4.09461		
23:57:14	2000	3000	3333	7435	2623	0.98797	4.52718	4.09461		
23:57:44	2000	3000	3333	7435	2623	0.98797	4.52718	4.09461		
23:57:54	2000	3000	3333	7435	2623	0.98797	4.52718	4.09461		
23:58:04	2000	3000	3333	7435	2623	0.98797	4.52718	4.09461		
23:59:34	2000	3000	3333	7435	2623	0.98797	4.52718	4.09461		
23:59:44	2000	3000	3333	7435	2623	0.98797	4.52718	4.09461		
23:59:54	2000	3000	3333	7435	2623	0.98797	4.52718	4.09461		
