

			DELHI AIRPORT : 30 m Base line


Time	RVR	 MOR	RVR	MOR	BLM	Trf	 Ref(v)	PD(v)
	(limited)	(limited)	(actual)	(actual)

07:06:06	1900	1900	319	1919	2991	0.95419	4.48618	2.28222		
07:06:16	1900	1900	637	1907	2990	0.95390	4.48624	2.28149		
07:06:26	1900	1900	961	1940	2989	0.95466	4.48625	2.28350		
07:06:36	1800	1800	1276	1894	2989	0.95360	4.48624	2.28071		
07:06:46	1800	1800	1592	1894	2989	0.95360	4.48624	2.28071		
07:06:56	1900	1900	1911	1912	2985	0.95401	4.48622	2.28177		
07:07:06	1800	1800	1904	1877	2989	0.95318	4.48614	2.27954		
07:07:16	1900	1900	1904	1907	2992	0.95389	4.48466	2.28067		
07:07:26	1800	1800	1900	1919	2992	0.95418	4.48476	2.28147		
07:07:36	1800	1800	1899	1890	2992	0.95350	4.48475	2.27967		
07:07:46	1900	1900	1904	1920	2993	0.95420	4.48612	2.28222		
07:07:56	1800	1800	1900	1889	2994	0.95347	4.48600	2.28025		
07:08:06	1900	1900	1905	1906	2996	0.95387	4.48608	2.28134		
07:08:16	1900	1900	1905	1906	2997	0.95389	4.48608	2.28138		
07:08:26	1900	1900	1902	1906	2997	0.95389	4.48608	2.28138		
07:08:36	1900	1900	1909	1932	2999	0.95449	4.48594	2.28290		
07:08:46	1900	1900	1905	1893	2999	0.95358	4.48610	2.28058		
07:08:56	1900	1900	1906	1894	2998	0.95360	4.48474	2.27995		
07:09:06	1900	1900	1904	1895	2997	0.95361	4.48471	2.27994		
07:09:16	1800	1800	1899	1874	2995	0.95310	4.48471	2.27861		
07:09:26	1800	1800	1900	1912	2993	0.95401	4.48477	2.28104		
07:09:36	1800	1800	1892	1887	2989	0.95343	4.48466	2.27945		
07:09:46	1800	1800	1888	1871	2985	0.95304	4.48461	2.27839		
07:09:56	1800	1800	1892	1914	2981	0.95407	4.48464	2.28112		
07:10:06	1800	1800	1881	1832	2976	0.95207	4.48459	2.27583		
07:10:16	1800	1800	1880	1866	2971	0.95291	4.48472	2.27812		
07:10:26	1800	1800	1875	1882	2965	0.95330	4.48471	2.27913		
07:10:36	1800	1800	1873	1875	2958	0.95314	4.48464	2.27868		
07:10:46	1800	1800	1877	1898	2954	0.95370	4.48452	2.28009		
07:10:56	1800	1800	1864	1836	2950	0.95215	4.48455	2.27603		
07:11:06	1800	1800	1866	1840	2946	0.95226	4.48459	2.27633		
07:11:16	1800	1800	1854	1795	2943	0.95111	4.48460	2.27331		


			DELHI AIRPORT : 30 m Base line


Time	RVR	 MOR	RVR	MOR	BLM	Trf	 Ref(v)	PD(v)
	(limited)	(limited)	(actual)	(actual)



			DELHI AIRPORT : 30 m Base line


Time	RVR	 MOR	RVR	MOR	BLM	Trf	 Ref(v)	PD(v)
	(limited)	(limited)	(actual)	(actual)

