

			DELHI AIRPORT : 30 m Base line


Time	RVR	 MOR	RVR	MOR	BLM	Trf	 Ref(v)	PD(v)
	(limited)	(limited)	(actual)	(actual)

00:00:11	2000	3000	3333	9955	2	0.99100	4.86165	2.28739		
00:00:21	2000	3000	3333	9955	2	0.99100	4.86165	2.28479		
00:00:31	2000	3000	3333	9955	2	0.99100	4.86189	2.28813		
00:00:41	2000	3000	3333	9955	2	0.99100	4.86383	2.28677		
00:00:51	2000	3000	3333	9955	2	0.99100	4.86415	2.28632		
00:01:01	2000	3000	3333	9955	2	0.99100	4.86415	2.28632		
00:01:11	2000	3000	3333	9955	2	0.99100	4.86415	2.28632		
00:01:21	2000	3000	3333	9955	2	0.99100	4.86349	2.28459		
00:01:31	2000	3000	3333	9955	2	0.99100	4.86240	2.28658		
00:01:41	2000	3000	3333	9955	2	0.99100	4.86352	2.28881		
00:01:51	2000	3000	3333	9955	2	0.99100	4.86582	2.28924		
00:02:01	2000	3000	3333	9955	2	0.99100	4.86508	2.28785		
00:02:11	2000	3000	3333	9955	2	0.99100	4.86443	2.28922		
00:02:21	2000	3000	3333	9955	2	0.99100	4.86443	2.28922		
00:02:31	2000	3000	3333	9955	2	0.99100	4.86386	2.28902		
00:02:41	2000	3000	3333	9955	2	0.99100	4.87286	2.29230		
00:02:51	2000	3000	3333	9955	2	0.99100	4.86345	2.29475		
00:03:01	2000	3000	3333	9955	2	0.99100	4.86466	2.28986		
00:03:11	2000	3000	3333	9955	2	0.99100	4.86791	2.29166		
00:03:21	2000	3000	3333	9955	2	0.99100	4.87756	2.29308		
00:03:31	2000	3000	3333	9955	2	0.99100	4.86401	2.29227		
00:03:41	2000	3000	3333	9955	2	0.99100	4.86401	2.29227		
00:03:51	2000	3000	3333	9955	2	0.99100	4.86401	2.29227		
00:04:01	2000	3000	3333	9955	2	0.99100	4.86241	2.29199		
00:04:11	2000	3000	3333	9955	2	0.99100	4.85996	2.28923		
00:04:21	2000	3000	3333	9955	2	0.99100	4.85965	2.29161		
00:04:31	2000	3000	3333	9955	3	0.99100	4.86023	2.29161		
00:04:41	2000	3000	3333	9955	3	0.99100	4.86165	2.29107		
00:04:51	2000	3000	3333	9955	4	0.99100	4.86160	2.29375		
00:05:01	2000	3000	3333	9955	4	0.99100	4.86142	2.29296		
00:05:11	2000	3000	3333	9955	5	0.99100	4.87004	2.29297		
00:05:21	2000	3000	3333	9955	5	0.99100	4.85857	2.29105		
00:05:31	2000	3000	3333	9955	6	0.99100	4.85862	2.29386		
00:05:41	2000	3000	3333	9955	6	0.99100	4.85862	2.29386		
00:05:51	2000	3000	3333	9955	6	0.99100	4.86332	2.29520		
00:06:01	2000	3000	3333	9955	6	0.99100	4.86311	2.29179		
00:06:11	2000	3000	3333	9955	6	0.99100	4.86178	2.29314		
00:06:21	2000	3000	3333	9955	7	0.99100	4.86641	2.29547		
00:06:31	2000	3000	3333	9955	7	0.99100	4.86748	2.29539		
00:06:41	2000	3000	3333	9955	7	0.99100	4.86903	2.29831		
00:06:51	2000	3000	3333	9955	7	0.99100	4.87077	2.29797		
00:07:01	2000	3000	3333	9955	7	0.99100	4.86799	2.29950		
00:07:11	2000	3000	3333	9955	6	0.99100	4.86671	2.29888		
00:07:21	2000	3000	3333	9955	6	0.99100	4.86678	2.30037		
00:07:31	2000	3000	3333	9955	6	0.99100	4.86457	2.29592		
00:07:41	2000	3000	3333	9955	6	0.99100	4.86378	2.29799		
00:07:51	2000	3000	3333	9955	6	0.99100	4.86620	2.29782		
00:08:01	2000	3000	3333	9955	6	0.99100	4.86459	2.29620		
00:08:11	2000	3000	3333	9955	6	0.99100	4.86474	2.29666		
00:08:21	2000	3000	3333	9955	7	0.99100	4.86456	2.29720		
00:08:31	2000	3000	3333	9955	7	0.99100	4.86504	2.29820		
00:08:41	2000	3000	3333	9955	7	0.99100	4.86543	2.29763		
00:08:51	2000	3000	3333	9955	7	0.99100	4.86543	2.29763		
00:09:01	2000	3000	3333	9955	7	0.99100	4.86524	2.29814		
00:09:11	2000	3000	3333	9955	7	0.99100	4.86573	2.29725		
00:09:21	2000	3000	3333	9955	8	0.99100	4.86531	2.29776		
00:09:31	2000	3000	3333	9955	8	0.99100	4.86877	2.29854		
00:09:41	2000	3000	3333	9955	8	0.99100	4.86856	2.29772		
00:09:51	2000	3000	3333	9955	9	0.99100	4.86351	2.29819		
00:10:01	2000	3000	3333	9955	9	0.99100	4.86261	2.29467		
00:10:11	2000	3000	3333	9955	9	0.99100	4.86602	2.29982		
00:10:21	2000	3000	3333	9955	9	0.99100	4.86602	2.29982		
00:10:31	2000	3000	3333	9955	10	0.99100	4.86383	2.30007		
00:10:41	2000	3000	3333	9955	11	0.99100	4.86451	2.29877		
00:10:51	2000	3000	3333	9955	11	0.99100	4.86453	2.29814		
00:11:01	2000	3000	3333	9955	11	0.99100	4.86570	2.29657		
00:11:11	2000	3000	3333	9955	11	0.99100	4.86570	2.29657		
00:11:21	2000	3000	3333	9955	12	0.99100	4.86413	2.29893		
00:11:31	2000	3000	3333	9955	12	0.99100	4.87740	2.30136		
00:11:41	2000	3000	3333	9955	13	0.99100	4.86394	2.29924		
00:11:51	2000	3000	3333	9955	13	0.99100	4.86341	2.29765		
00:12:01	2000	3000	3333	9955	13	0.99100	4.86396	2.29912		
00:12:11	2000	3000	3333	9955	13	0.99100	4.86396	2.29912		
00:12:21	2000	3000	3333	9955	13	0.99100	4.86396	2.29912		
00:12:31	2000	3000	3333	9955	15	0.99100	4.87438	2.30227		
00:12:41	2000	3000	3333	9955	15	0.99100	4.86983	2.30093		
00:12:51	2000	3000	3333	9955	16	0.99100	4.86955	2.30134		
00:13:01	2000	3000	3333	9955	16	0.99100	4.87072	2.30095		
00:13:11	2000	3000	3333	9955	17	0.99100	4.86922	2.29915		
00:13:21	2000	3000	3333	9955	17	0.99100	4.86930	2.29778		
00:13:31	2000	3000	3333	9955	18	0.99100	4.86958	2.29923		
00:13:41	2000	3000	3333	9955	19	0.99100	4.86823	2.29780		
00:13:51	2000	3000	3333	9955	19	0.99100	4.87043	2.29885		
00:14:01	2000	3000	3333	9955	20	0.99100	4.89541	2.30634		
00:14:11	2000	3000	3333	9955	20	0.99100	4.88595	2.30372		
00:14:21	2000	3000	3333	9955	21	0.99100	4.86835	2.29791		
00:14:31	2000	3000	3333	9955	21	0.99100	4.86771	2.29877		
00:14:41	2000	3000	3333	9955	22	0.99100	4.86702	2.29608		
00:14:51	2000	3000	3333	9955	22	0.99100	4.86723	2.29606		
00:15:01	2000	3000	3333	9955	23	0.99100	4.86581	2.29614		
00:15:11	2000	3000	3333	9955	23	0.99100	4.86660	2.29615		
00:15:21	2000	3000	3333	9955	24	0.99100	4.86915	2.29577		
00:15:31	2000	3000	3333	9955	25	0.99100	4.88158	2.29992		
00:15:41	2000	3000	3333	9955	25	0.99100	4.86466	2.29365		
00:15:51	2000	3000	3333	9955	26	0.99100	4.86356	2.29335		
00:16:01	2000	3000	3333	9955	26	0.99100	4.86356	2.29335		
00:16:11	2000	3000	3333	9955	26	0.99100	4.86356	2.29335		
00:16:21	2000	3000	3333	9955	28	0.99100	4.86185	2.28803		
00:16:31	2000	3000	3333	9955	28	0.99100	4.86185	2.28803		
00:16:41	2000	3000	3333	9955	30	0.99100	4.86318	2.29088		
00:16:51	2000	3000	3333	9955	30	0.99100	4.86355	2.29072		
00:17:01	2000	3000	3333	9955	31	0.99100	4.88260	2.29654		
00:17:11	2000	3000	3333	9955	32	0.99100	4.86340	2.29060		
00:17:21	2000	3000	3333	9955	34	0.99100	4.86546	2.29053		
00:17:31	2000	3000	3333	9955	35	0.99100	4.86617	2.29165		
00:17:41	2000	3000	3333	9955	36	0.99100	4.86537	2.28929		
00:17:51	2000	3000	3333	9955	37	0.99100	4.86385	2.29009		
00:18:01	2000	3000	3333	9955	37	0.99100	4.86385	2.29009		
00:18:11	2000	3000	3333	9955	40	0.99100	4.86274	2.29031		
00:18:21	2000	3000	3333	9955	41	0.99100	4.86774	2.29224		
00:18:31	2000	3000	3333	9955	43	0.99100	4.86407	2.28929		
00:18:41	2000	3000	3333	9955	44	0.99100	4.86355	2.29252		
00:18:51	2000	3000	3333	9955	45	0.99100	4.86310	2.28881		
00:19:01	2000	3000	3333	9955	47	0.99100	4.86948	2.28958		
00:19:11	2000	3000	3333	9955	48	0.99100	4.86960	2.28873		
00:19:21	2000	3000	3333	9955	50	0.99100	4.86852	2.29127		
00:19:31	2000	3000	3333	9955	51	0.99100	4.87123	2.28954		
00:19:41	2000	3000	3333	9955	53	0.99100	4.86801	2.28806		
00:19:51	2000	3000	3333	9955	54	0.99100	4.86560	2.28606		
00:20:01	2000	3000	3333	9955	56	0.99100	4.86262	2.28446		
00:20:11	2000	3000	3333	9955	58	0.99100	4.86228	2.28675		
00:20:21	2000	3000	3333	9955	59	0.99100	4.86227	2.28526		
00:20:31	2000	3000	3333	9955	61	0.99100	4.86226	2.28486		
00:20:41	2000	3000	3333	9955	62	0.99100	4.86217	2.28443		
00:20:51	2000	3000	3333	9955	64	0.99100	4.86206	2.28375		
00:21:01	2000	3000	3333	9955	66	0.99100	4.86204	2.28358		
00:21:11	2000	3000	3333	9955	68	0.99100	4.86352	2.28515		
00:21:21	2000	3000	3333	9955	69	0.99100	4.86547	2.28496		
00:21:31	2000	3000	3333	9955	71	0.99100	4.86691	2.28619		
00:21:41	2000	3000	3333	9955	73	0.99100	4.86468	2.28544		
00:21:51	2000	3000	3333	9955	75	0.99100	4.86031	2.28326		
00:22:01	2000	3000	3333	9955	76	0.99100	4.85835	2.27942		
00:22:11	2000	3000	3333	9955	78	0.99100	4.85695	2.28138		
00:22:21	2000	3000	3333	9955	80	0.99100	4.85720	2.28297		
00:22:31	2000	3000	3333	9955	82	0.99100	4.85842	2.28111		
00:22:41	2000	3000	3333	9955	84	0.99100	4.85834	2.28125		
00:22:51	2000	3000	3333	9955	86	0.99100	4.85937	2.28082		
00:23:01	2000	3000	3333	9955	88	0.99100	4.85845	2.27938		
00:23:11	2000	3000	3333	9955	90	0.99100	4.86247	2.28235		
00:23:21	2000	3000	3333	9955	92	0.99100	4.86023	2.28100		
00:23:31	2000	3000	3333	9955	94	0.99100	4.86210	2.28124		
00:23:41	2000	3000	3333	9955	95	0.99100	4.86561	2.28124		
00:23:51	2000	3000	3333	9955	97	0.99100	4.86596	2.28444		
00:24:01	2000	3000	3333	9955	99	0.99100	4.86590	2.28211		
00:24:11	2000	3000	3333	9955	101	0.99100	4.86590	2.28368		
00:24:21	2000	3000	3333	9955	103	0.99100	4.86675	2.28195		
00:24:31	2000	3000	3333	9955	103	0.99100	4.86675	2.28195		
00:24:41	2000	3000	3333	9955	106	0.99100	4.86347	2.28052		
00:24:51	2000	3000	3333	9955	108	0.99100	4.86388	2.28026		
00:25:01	2000	3000	3333	9955	110	0.99100	4.86283	2.27987		
00:25:11	2000	3000	3333	9955	112	0.99100	4.86201	2.27808		
00:25:21	2000	3000	3333	9955	113	0.99100	4.85985	2.27970		
00:25:31	2000	3000	3333	9955	115	0.99100	4.85905	2.28107		
00:25:41	2000	3000	3333	9955	117	0.99100	4.85971	2.27879		
00:25:51	2000	3000	3333	9955	118	0.99100	4.86478	2.28271		
00:26:01	2000	3000	3333	9955	120	0.99100	4.86266	2.27909		
00:26:11	2000	3000	3333	9955	122	0.99100	4.86089	2.27916		
00:26:21	2000	3000	3333	9955	124	0.99100	4.86033	2.27699		
00:26:31	2000	3000	3333	9955	125	0.99100	4.86033	2.27905		
00:26:41	2000	3000	3333	9955	127	0.99100	4.86095	2.28046		
00:26:51	2000	3000	3333	9955	129	0.99100	4.85794	2.27932		
00:27:01	2000	3000	3333	9955	129	0.99100	4.85794	2.27932		
00:27:11	2000	3000	3333	9955	132	0.99100	4.85722	2.27801		
00:27:21	2000	3000	3333	9955	133	0.99100	4.85575	2.27652		
00:27:31	2000	3000	3333	9955	134	0.99100	4.85643	2.27713		
00:27:41	2000	3000	3333	9955	134	0.99100	4.85643	2.27713		
00:27:51	2000	3000	3333	9955	134	0.99100	4.85643	2.27713		
00:28:01	2000	3000	3333	9955	137	0.99100	4.85643	2.27637		
00:28:11	2000	3000	3333	9955	138	0.99100	4.85537	2.27802		
00:28:21	2000	3000	3333	9955	139	0.99100	4.85522	2.27758		
00:28:31	2000	3000	3333	9955	140	0.99100	4.85583	2.27715		
00:28:41	2000	3000	3333	9955	140	0.99100	4.85583	2.27715		
00:28:51	2000	3000	3333	9955	141	0.99100	4.85566	2.27638		
00:29:01	2000	3000	3333	9955	141	0.99100	4.85566	2.27638		
00:29:11	2000	3000	3333	9955	143	0.99100	4.85532	2.27775		
00:29:21	2000	3000	3333	9955	144	0.99100	4.85546	2.27831		
00:29:31	2000	3000	3333	9955	145	0.99100	4.86016	2.27850		
00:29:41	2000	3000	3333	9955	145	0.99100	4.86016	2.27850		
00:29:51	2000	3000	3333	9955	147	0.99100	4.85511	2.27587		
00:30:01	2000	3000	3333	9955	148	0.99100	4.85544	2.27981		
00:30:11	2000	3000	3333	9955	149	0.99100	4.85508	2.27581		
00:30:21	2000	3000	3333	9955	150	0.99100	4.85477	2.27569		
00:30:31	2000	3000	3333	9955	151	0.99100	4.85397	2.27569		
00:30:41	2000	3000	3333	9955	151	0.99100	4.85397	2.27569		
00:30:51	2000	3000	3333	9955	154	0.99100	4.85483	2.27931		
00:31:01	2000	3000	3333	9955	155	0.99100	4.85527	2.27828		
00:31:11	2000	3000	3333	9955	156	0.99100	4.85477	2.27766		
00:31:21	2000	3000	3333	9955	158	0.99100	4.85497	2.27799		
00:31:31	2000	3000	3333	9955	159	0.99100	4.85552	2.27789		
00:31:41	2000	3000	3333	9955	161	0.99100	4.85645	2.27803		
00:31:51	2000	3000	3333	9955	161	0.99100	4.85645	2.27803		
00:32:01	2000	3000	3333	9955	163	0.99100	4.85567	2.27791		
00:32:11	2000	3000	3333	9955	165	0.99100	4.85401	2.27671		
00:32:21	2000	3000	3333	9955	167	0.99100	4.85499	2.27647		
00:32:31	2000	3000	3333	9955	168	0.99100	4.85532	2.27606		
00:32:41	2000	3000	3333	9955	170	0.99100	4.85752	2.27991		
00:32:51	2000	3000	3333	9955	172	0.99100	4.85685	2.27692		
00:33:01	2000	3000	3333	9955	174	0.99100	4.85321	2.27595		
00:33:11	2000	3000	3333	9955	175	0.99100	4.85324	2.27712		
00:33:21	2000	3000	3333	9955	175	0.99100	4.85324	2.27712		
00:33:31	2000	3000	3333	9955	179	0.99100	4.85297	2.27600		
00:33:41	2000	3000	3333	9955	181	0.99100	4.85284	2.27502		
00:33:51	2000	3000	3333	9955	182	0.99100	4.85403	2.27761		
00:34:01	2000	3000	3333	9955	184	0.99100	4.85415	2.27400		
00:34:11	2000	3000	3333	9955	186	0.99100	4.85395	2.27504		
00:34:21	2000	3000	3333	9955	188	0.99100	4.85382	2.27557		
00:34:31	2000	3000	3333	9955	190	0.99100	4.85409	2.27300		
00:34:41	2000	3000	3333	9955	192	0.99100	4.85605	2.27569		
00:34:51	2000	3000	3333	9955	194	0.99100	4.85069	2.27550		
00:35:01	2000	3000	3333	9955	195	0.99100	4.85728	2.27685		
00:35:11	2000	3000	3333	9955	197	0.99100	4.85054	2.27612		
00:35:21	2000	3000	3333	9955	199	0.99100	4.85077	2.27502		
00:35:31	2000	3000	3333	9955	201	0.99100	4.85108	2.27487		
00:35:41	2000	3000	3333	9955	202	0.99100	4.85277	2.27688		
00:35:51	2000	3000	3333	9955	204	0.99100	4.85191	2.27555		
00:36:01	2000	3000	3333	9955	205	0.99100	4.85239	2.27612		
00:36:11	2000	3000	3333	9955	207	0.99100	4.85209	2.27691		
00:36:21	2000	3000	3333	9955	209	0.99100	4.85215	2.27736		
00:36:31	2000	3000	3333	9955	211	0.99100	4.85006	2.27937		
00:36:41	2000	3000	3333	9955	213	0.99100	4.85091	2.27621		
00:36:51	2000	3000	3333	9955	215	0.99100	4.85163	2.27892		
00:37:01	2000	3000	3333	9955	217	0.99100	4.85131	2.27711		
00:37:11	2000	3000	3333	9955	219	0.99100	4.85355	2.27993		
00:37:21	2000	3000	3333	9955	219	0.99100	4.85355	2.27993		
00:37:31	2000	3000	3333	9955	223	0.99100	4.85340	2.28194		
00:37:41	2000	3000	3333	9955	225	0.99100	4.85301	2.28183		
00:37:51	2000	3000	3333	9955	225	0.99100	4.85301	2.28183		
00:38:01	2000	3000	3333	9955	230	0.99100	4.85415	2.27981		
00:38:11	2000	3000	3333	9955	233	0.99100	4.85381	2.28063		
00:38:21	2000	3000	3333	9955	236	0.99100	4.85398	2.28360		
00:38:31	2000	3000	3333	9955	238	0.99100	4.85730	2.28327		
00:38:41	2000	3000	3333	9955	241	0.99100	4.85453	2.28157		
00:38:51	2000	3000	3333	9955	244	0.99100	4.85464	2.28118		
00:39:01	2000	3000	3333	9955	247	0.99100	4.85455	2.28645		
00:39:11	2000	3000	3333	9955	250	0.99100	4.85465	2.28468		
00:39:21	2000	3000	3333	9955	253	0.99100	4.85746	2.28319		
00:39:31	2000	3000	3333	9955	256	0.99100	4.85573	2.28488		
00:39:41	2000	3000	3333	9955	259	0.99100	4.85750	2.28508		
00:39:51	2000	3000	3333	9955	262	0.99100	4.85687	2.28402		
00:40:01	2000	3000	3333	9955	265	0.99100	4.85769	2.28729		
00:40:11	2000	3000	3333	9955	269	0.99100	4.85663	2.28469		
00:40:21	2000	3000	3333	9955	273	0.99100	4.85774	2.28712		
00:40:31	2000	3000	3333	9955	276	0.99100	4.85650	2.28684		
00:40:41	2000	3000	3333	9955	280	0.99100	4.85994	2.28767		
00:40:51	2000	3000	3333	9955	283	0.99100	4.86062	2.29070		
00:41:01	2000	3000	3333	9955	283	0.99100	4.86062	2.29070		
00:41:11	2000	3000	3333	9955	290	0.99100	4.85955	2.28960		
00:41:21	2000	3000	3333	9955	294	0.99100	4.86401	2.29019		
00:41:31	2000	3000	3333	9955	298	0.99100	4.86034	2.29062		
00:41:41	2000	3000	3333	9955	303	0.99100	4.86179	2.29159		
00:41:51	2000	3000	3333	9955	307	0.99100	4.86025	2.29224		
00:42:01	2000	3000	3333	9955	311	0.99100	4.86081	2.29027		
00:42:11	2000	3000	3333	9955	315	0.99100	4.86124	2.28947		
00:42:21	2000	3000	3333	9955	319	0.99100	4.86167	2.29092		
00:42:31	2000	3000	3333	9955	323	0.99100	4.86215	2.29037		
00:42:41	2000	3000	3333	9955	326	0.99100	4.86452	2.29514		
00:42:51	2000	3000	3333	9955	330	0.99100	4.86525	2.29218		
00:43:01	2000	3000	3333	9955	334	0.99100	4.86676	2.29468		
00:43:11	2000	3000	3333	9955	334	0.99100	4.86676	2.29468		
00:43:21	2000	3000	3333	9955	334	0.99100	4.86676	2.29468		
00:43:31	2000	3000	3333	9955	345	0.99100	4.90774	2.30999		
00:43:41	2000	3000	3333	9955	349	0.99100	4.86817	2.29573		
00:43:51	2000	3000	3333	9955	353	0.99100	4.85910	2.29193		
00:44:01	2000	3000	3333	9955	357	0.99100	4.85926	2.29423		
00:44:11	2000	3000	3333	9955	361	0.99100	4.85931	2.29370		
00:44:21	2000	3000	3333	9955	361	0.99100	4.85931	2.29370		
00:44:31	2000	3000	3333	9955	368	0.99100	4.86249	2.29500		
00:44:41	2000	3000	3333	9955	368	0.99100	4.86249	2.29500		
00:44:51	2000	3000	3333	9955	368	0.99100	4.86249	2.29500		
00:45:01	2000	3000	3333	9955	379	0.99100	4.86636	2.29676		
00:45:11	2000	3000	3333	9955	379	0.99100	4.86636	2.29676		
00:45:21	2000	3000	3333	9955	386	0.99100	4.85742	2.29185		
00:45:31	2000	3000	3333	9955	390	0.99100	4.85614	2.29243		
00:45:41	2000	3000	3333	9955	394	0.99100	4.85921	2.29275		
00:45:51	2000	3000	3333	9955	398	0.99100	4.85807	2.29287		
00:46:01	2000	3000	3333	9955	402	0.99100	4.85693	2.29391		
00:46:11	2000	3000	3333	9955	405	0.99100	4.85672	2.29430		
00:46:21	2000	3000	3333	9955	409	0.99100	4.85650	2.29365		
00:46:31	2000	3000	3333	9955	409	0.99100	4.85650	2.29365		
00:46:41	2000	3000	3333	9955	415	0.99100	4.85634	2.29361		
00:46:51	2000	3000	3333	9955	417	0.99100	4.85619	2.29189		
00:47:01	2000	3000	3333	9955	420	0.99100	4.85628	2.29186		
00:47:11	2000	3000	3333	9955	422	0.99100	4.85579	2.29281		
00:47:21	2000	3000	3333	9955	423	0.99100	4.85657	2.29628		
00:47:31	2000	3000	3333	9955	424	0.99100	4.85668	2.29342		
00:47:41	2000	3000	3333	9955	425	0.99100	4.85645	2.29519		
00:47:51	2000	3000	3333	9955	426	0.99100	4.85677	2.29624		
00:48:01	2000	3000	3333	9955	427	0.99100	4.85679	2.29354		
00:48:11	2000	3000	3333	9955	428	0.99100	4.85698	2.29689		
00:48:21	2000	3000	3333	9955	428	0.99100	4.85749	2.29380		
00:48:31	2000	3000	3333	9955	428	0.99100	4.85767	2.29602		
00:48:41	2000	3000	3333	9955	429	0.99100	4.85695	2.29296		
00:48:51	2000	3000	3333	9955	429	0.99100	4.85705	2.29517		
00:49:01	2000	3000	3333	9955	429	0.99100	4.85642	2.29541		
00:49:11	2000	3000	3333	9955	429	0.99100	4.85648	2.29642		
00:49:21	2000	3000	3333	9955	429	0.99100	4.85702	2.29533		
00:49:31	2000	3000	3333	9955	429	0.99100	4.85702	2.29533		
00:49:41	2000	3000	3333	9955	427	0.99100	4.85834	2.29438		
00:49:51	2000	3000	3333	9955	427	0.99100	4.85834	2.29438		
00:50:01	2000	3000	3333	9955	426	0.99100	4.85800	2.29508		
00:50:11	2000	3000	3333	9955	425	0.99100	4.85851	2.29688		
00:50:21	2000	3000	3333	9955	425	0.99100	4.85851	2.29688		
00:50:31	2000	3000	3333	9955	424	0.99100	4.85830	2.29680		
00:50:41	2000	3000	3333	9955	423	0.99100	4.85803	2.29662		
00:50:51	2000	3000	3333	9955	422	0.99100	4.85767	2.29519		
00:51:01	2000	3000	3333	9955	422	0.99100	4.85889	2.29399		
00:51:11	2000	3000	3333	9955	422	0.99100	4.85824	2.29655		
00:51:21	2000	3000	3333	9955	422	0.99100	4.85827	2.29368		
00:51:31	2000	3000	3333	9955	422	0.99100	4.85875	2.29588		
00:51:41	2000	3000	3333	9955	422	0.99100	4.85872	2.29419		
00:51:51	2000	3000	3333	9955	423	0.99100	4.85919	2.29323		
00:52:01	2000	3000	3333	9955	423	0.99100	4.86865	2.29819		
00:52:11	2000	3000	3333	9955	424	0.99100	4.86514	2.29811		
00:52:21	2000	3000	3333	9955	424	0.99100	4.86514	2.29811		
00:52:31	2000	3000	3333	9955	426	0.99100	4.86628	2.29504		
00:52:41	2000	3000	3333	9955	426	0.99100	4.86628	2.29504		
00:52:51	2000	3000	3333	9955	429	0.99100	4.86517	2.29592		
00:53:01	2000	3000	3333	9955	431	0.99100	4.86447	2.29704		
00:53:11	2000	3000	3333	9955	433	0.99100	4.86423	2.29321		
00:53:21	2000	3000	3333	9955	435	0.99100	4.86188	2.29381		
00:53:31	2000	3000	3333	9955	437	0.99100	4.85689	2.29102		
00:53:41	2000	3000	3333	9955	439	0.99100	4.85632	2.28969		
00:53:51	2000	3000	3333	9955	441	0.99100	4.85620	2.29018		
00:54:01	2000	3000	3333	9955	443	0.99100	4.85541	2.29018		
00:54:11	2000	3000	3333	9955	446	0.99100	4.85543	2.28914		
00:54:21	2000	3000	3333	9955	448	0.99100	4.85538	2.29083		
00:54:31	2000	3000	3333	9955	450	0.99100	4.85528	2.28918		
00:54:41	2000	3000	3333	9955	453	0.99100	4.85561	2.28691		
00:54:51	2000	3000	3333	9955	456	0.99100	4.85548	2.28848		
00:55:01	2000	3000	3333	9955	459	0.99100	4.85509	2.28627		
00:55:11	2000	3000	3333	9955	462	0.99100	4.85494	2.28722		
00:55:21	2000	3000	3333	9955	464	0.99100	4.85513	2.28720		
00:55:31	2000	3000	3333	9955	467	0.99100	4.85498	2.28921		
00:55:41	2000	3000	3333	9955	470	0.99100	4.85439	2.28738		
00:55:51	2000	3000	3333	9955	472	0.99100	4.85435	2.28497		
00:56:01	2000	3000	3333	9955	474	0.99100	4.85686	2.28659		
00:56:11	2000	3000	3333	9955	476	0.99100	4.85602	2.28643		
00:56:21	2000	3000	3333	9955	479	0.99100	4.85519	2.28519		
00:56:31	2000	3000	3333	9955	479	0.99100	4.85519	2.28519		
00:56:41	2000	3000	3333	9955	484	0.99100	4.85489	2.28403		
00:56:51	2000	3000	3333	9955	484	0.99100	4.85489	2.28403		
00:57:01	2000	3000	3333	9955	489	0.99100	4.85466	2.28414		
00:57:11	2000	3000	3333	9955	492	0.99100	4.85792	2.28416		
00:57:21	2000	3000	3333	9955	495	0.99100	4.85519	2.28226		
00:57:31	2000	3000	3333	9955	497	0.99100	4.85504	2.28292		
00:57:41	2000	3000	3333	9955	500	0.99100	4.85554	2.28306		
00:57:51	2000	3000	3333	9955	502	0.99100	4.85639	2.28310		
00:58:01	2000	3000	3333	9955	504	0.99100	4.85587	2.28361		
00:58:11	2000	3000	3333	9955	507	0.99100	4.86437	2.28541		
00:58:21	2000	3000	3333	9955	509	0.99100	4.85520	2.28253		
00:58:31	2000	3000	3333	9955	512	0.99100	4.85434	2.28189		
00:58:41	2000	3000	3333	9955	514	0.99100	4.85511	2.28254		
00:58:51	2000	3000	3333	9955	515	0.99100	4.85605	2.28197		
00:59:01	2000	3000	3333	9955	517	0.99100	4.85430	2.28170		
00:59:11	2000	3000	3333	9955	519	0.99100	4.85380	2.28076		
00:59:21	2000	3000	3333	9955	521	0.99100	4.85551	2.28324		
00:59:31	2000	3000	3333	9955	522	0.99100	4.85396	2.28028		
00:59:41	2000	3000	3333	9955	522	0.99100	4.85396	2.28028		
00:59:51	2000	3000	3333	9955	522	0.99100	4.85396	2.28028		
01:00:01	2000	3000	3333	9955	526	0.99100	4.85433	2.28123		
01:00:11	2000	3000	3333	9955	527	0.99100	4.85403	2.27927		
01:00:21	2000	3000	3333	9955	529	0.99100	4.85527	2.27912		
01:00:31	2000	3000	3333	9955	530	0.99100	4.85331	2.27727		
01:00:41	2000	3000	3333	9955	531	0.99100	4.85280	2.27738		
01:00:51	2000	3000	3333	9955	531	0.99100	4.85362	2.27901		
01:01:01	2000	3000	3333	9955	533	0.99100	4.85303	2.27894		
01:01:11	2000	3000	3333	9955	535	0.99100	4.85391	2.27794		
01:01:21	2000	3000	3333	9955	535	0.99100	4.85391	2.27794		
01:01:31	2000	3000	3333	9955	540	0.99100	4.85298	2.27572		
01:01:41	2000	3000	3333	9955	541	0.99100	4.85210	2.27551		
01:01:51	2000	3000	3333	9955	543	0.99100	4.85348	2.27553		
01:02:01	2000	3000	3333	9955	545	0.99100	4.85308	2.27540		
01:02:11	2000	3000	3333	9955	547	0.99100	4.85360	2.27642		
01:02:21	2000	3000	3333	9955	548	0.99100	4.85178	2.27707		
01:02:31	2000	3000	3333	9955	550	0.99100	4.85324	2.27477		
01:02:41	2000	3000	3333	9955	552	0.99100	4.85254	2.27357		
01:02:51	2000	3000	3333	9955	553	0.99100	4.85314	2.27578		
01:03:01	2000	3000	3333	9955	553	0.99100	4.85314	2.27578		
01:03:11	2000	3000	3333	9955	556	0.99100	4.85531	2.27367		
01:03:21	2000	3000	3333	9955	556	0.99100	4.85531	2.27367		
01:03:31	2000	3000	3333	9955	559	0.99100	4.85488	2.27410		
01:03:41	2000	3000	3333	9955	561	0.99100	4.85430	2.27205		
01:03:51	2000	3000	3333	9955	562	0.99100	4.85435	2.27480		
01:04:01	2000	3000	3333	9955	564	0.99100	4.85572	2.27123		
01:04:11	2000	3000	3333	9955	566	0.99100	4.85469	2.27196		
01:04:21	2000	3000	3333	9955	567	0.99100	4.85491	2.27303		
01:04:31	2000	3000	3333	9955	569	0.99100	4.85550	2.27353		
01:04:41	2000	3000	3333	9955	570	0.99100	4.86274	2.27501		
01:04:51	2000	3000	3333	9955	570	0.99100	4.86274	2.27501		
01:05:01	2000	3000	3333	9955	573	0.99100	4.85620	2.27454		
01:05:11	2000	3000	3333	9955	574	0.99100	4.85790	2.27278		
01:05:21	2000	3000	3333	9253	575	0.99032	4.85621	2.26938		
01:05:31	2000	3000	3333	9955	576	0.99100	4.85811	2.27435		
01:05:41	2000	3000	3333	9955	577	0.99100	4.85711	2.27454		
01:05:51	2000	3000	3333	9955	579	0.99100	4.85703	2.27476		
01:06:01	2000	3000	3333	9955	580	0.99100	4.85685	2.27425		
01:06:11	2000	3000	3333	9955	581	0.99100	4.85698	2.27451		
01:06:21	2000	3000	3333	9955	582	0.99100	4.85873	2.27361		
01:06:31	2000	3000	3333	9955	584	0.99100	4.85738	2.27581		
01:06:41	2000	3000	3333	9955	586	0.99100	4.85751	2.27618		
01:06:51	2000	3000	3333	9955	587	0.99100	4.85763	2.27383		
01:07:01	2000	3000	3333	9955	587	0.99100	4.85763	2.27383		
01:07:11	2000	3000	3333	9955	591	0.99100	4.85836	2.27609		
01:07:21	2000	3000	3333	9955	594	0.99100	4.85977	2.27606		
01:07:31	2000	3000	3333	9955	596	0.99100	4.85934	2.27656		
01:07:41	2000	3000	3333	9955	598	0.99100	4.85768	2.27522		
01:07:51	2000	3000	3333	9955	600	0.99100	4.85888	2.27578		
01:08:01	2000	3000	3333	9955	602	0.99100	4.85784	2.27370		
01:08:11	2000	3000	3333	9955	605	0.99100	4.85775	2.27679		
01:08:21	2000	3000	3333	9955	605	0.99100	4.85775	2.27679		
01:08:31	2000	3000	3333	9955	609	0.99100	4.85943	2.27357		
01:08:41	2000	3000	3333	9579	612	0.99065	4.85881	2.27142		
01:08:51	2000	3000	3333	9579	612	0.99065	4.85881	2.27142		
01:09:01	2000	3000	3333	9955	617	0.99100	4.85842	2.27621		
01:09:11	2000	3000	3333	9955	617	0.99100	4.85842	2.27621		
01:09:21	2000	3000	3333	9955	623	0.99100	4.85861	2.27658		
01:09:31	2000	3000	3333	9955	627	0.99100	4.85830	2.27584		
01:09:41	2000	3000	3333	9955	630	0.99100	4.85855	2.27475		
01:09:51	2000	3000	3333	9955	633	0.99100	4.85837	2.27418		
01:10:01	2000	3000	3333	9955	635	0.99100	4.85885	2.27514		
01:10:11	2000	3000	3333	9955	638	0.99100	4.85954	2.27668		
01:10:21	2000	3000	3333	9955	638	0.99100	4.85954	2.27668		
01:10:31	2000	3000	3333	9955	643	0.99100	4.85998	2.27329		
01:10:41	2000	3000	3333	9955	643	0.99100	4.85998	2.27329		
01:10:51	2000	3000	3333	9776	648	0.99084	4.85660	2.27086		
01:11:01	2000	3000	3333	9850	651	0.99090	4.85512	2.27034		
01:11:11	2000	3000	3333	9676	653	0.99074	4.85512	2.26993		
01:11:21	2000	3000	3333	9955	655	0.99100	4.85634	2.27177		
01:11:31	2000	3000	3333	8553	657	0.98953	4.85469	2.26669		
01:11:41	2000	3000	3333	9450	657	0.99052	4.85436	2.26902		
01:11:51	2000	3000	3333	8810	659	0.98984	4.85408	2.26717		
01:12:01	2000	3000	3333	8457	661	0.98941	4.85393	2.26604		
01:12:11	2000	3000	3333	8761	663	0.98978	4.85417	2.26707		
01:12:21	2000	3000	3333	8405	666	0.98935	4.85317	2.26552		
01:12:31	2000	3000	3333	9376	669	0.99045	4.85313	2.26826		
01:12:41	2000	3000	3333	9376	669	0.99045	4.85313	2.26826		
01:12:51	2000	3000	3333	9936	676	0.99098	4.85359	2.26982		
01:13:01	2000	3000	3333	9955	681	0.99100	4.85632	2.27170		
01:13:11	2000	3000	3333	9800	684	0.99086	4.85755	2.27136		
01:13:21	2000	3000	3333	9800	684	0.99086	4.85755	2.27136		
01:13:31	2000	3000	3333	9955	689	0.99100	4.85796	2.27309		
01:13:41	2000	3000	3333	9449	692	0.99052	4.85830	2.27086		
01:13:51	2000	3000	3333	9030	695	0.99008	4.85798	2.26961		
01:14:01	2000	3000	3333	8394	695	0.98934	4.85789	2.26769		
01:14:11	2000	3000	3333	8189	697	0.98907	4.85847	2.26729		
01:14:21	2000	3000	3333	7193	695	0.98757	4.85785	2.26322		
01:14:31	2000	3000	3333	7683	703	0.98835	4.85735	2.26497		
01:14:41	2000	3000	3333	6657	707	0.98657	4.85650	2.26009		
01:14:51	2000	3000	3333	6167	711	0.98551	4.85614	2.25726		
01:15:01	2000	3000	3333	6311	712	0.98584	4.86221	2.26091		
01:15:11	2000	3000	3333	5933	716	0.98494	4.86134	2.25825		
01:15:21	2000	3000	3333	6639	721	0.98654	4.86075	2.26198		
01:15:31	2000	3000	3333	6639	721	0.98654	4.86075	2.26198		
01:15:41	2000	3000	3333	6639	721	0.98654	4.86075	2.26198		
01:15:51	2000	3000	3333	6309	733	0.98584	4.86114	2.26040		
01:16:01	2000	3000	3333	6208	739	0.98561	4.86093	2.25973		
01:16:11	2000	3000	3333	7292	745	0.98773	4.86057	2.26491		
01:16:21	2000	3000	3333	7292	745	0.98773	4.86057	2.26491		
01:16:31	2000	3000	3333	7292	745	0.98773	4.86057	2.26491		


			DELHI AIRPORT : 30 m Base line


Time	RVR	 MOR	RVR	MOR	BLM	Trf	 Ref(v)	PD(v)
	(limited)	(limited)	(actual)	(actual)

04:44:36	2000	3000	1659	9955	4179	0.99100	4.83862	2.27472		
04:44:46	2000	3000	3318	9955	4179	0.99100	4.83862	2.27472		
04:45:16	2000	3000	3333	9955	4028	0.99100	4.83986	2.27800		
04:45:26	2000	3000	3333	9955	4028	0.99100	4.83986	2.27800		
04:45:56	2000	3000	3333	9955	3896	0.99100	4.83961	2.27484		
04:46:06	2000	3000	3333	9955	3896	0.99100	4.83961	2.27484		
04:46:16	2000	3000	3333	9955	3839	0.99100	4.84026	2.27669		
04:46:26	2000	3000	3333	9955	3839	0.99100	4.84026	2.27669		
04:46:36	2000	3000	3333	9955	3779	0.99100	4.84039	2.27551		
04:46:46	2000	3000	3333	9955	3779	0.99100	4.84039	2.27551		
04:46:56	2000	3000	3333	9955	3720	0.99100	4.84032	2.27605		
04:47:06	2000	3000	3333	9955	3720	0.99100	4.84032	2.27605		
04:47:46	2000	3000	3333	9955	3587	0.99100	4.84180	2.27670		
04:47:56	2000	3000	3333	9955	3561	0.99100	4.84149	2.27726		
04:48:06	2000	3000	3333	9955	3538	0.99100	4.84111	2.27664		
04:48:16	2000	3000	3333	9955	3538	0.99100	4.84111	2.27664		


			DELHI AIRPORT : 30 m Base line


Time	RVR	 MOR	RVR	MOR	BLM	Trf	 Ref(v)	PD(v)
	(limited)	(limited)	(actual)	(actual)

04:50:10	2000	3000	1659	9955	3388	0.99100	4.84074	2.27760		
04:50:20	2000	3000	3318	9955	3388	0.99100	4.84074	2.27760		
04:50:30	2000	3000	3333	9955	3380	0.99100	4.84022	2.27660		
04:50:40	2000	3000	3333	9955	3380	0.99100	4.84022	2.27660		
04:50:50	2000	3000	3333	9955	3380	0.99100	4.84022	2.27660		
04:51:00	2000	3000	3333	9955	3376	0.99100	4.83986	2.27758		
04:51:10	2000	3000	3333	9955	3381	0.99100	4.84093	2.27755		
04:51:20	2000	3000	3333	9955	3388	0.99100	4.84094	2.27820		
04:51:30	2000	3000	3333	9955	3388	0.99100	4.84094	2.27820		
04:51:40	2000	3000	3333	9955	3388	0.99100	4.84094	2.27820		


			DELHI AIRPORT : 30 m Base line


Time	RVR	 MOR	RVR	MOR	BLM	Trf	 Ref(v)	PD(v)
	(limited)	(limited)	(actual)	(actual)

04:53:41	2000	3000	1659	9955	3600	0.99100	4.83959	2.27428		
04:53:51	2000	3000	3318	9955	3628	0.99100	4.83917	2.27462		
04:54:01	2000	3000	3333	9955	3652	0.99100	4.84113	2.27596		
04:54:11	2000	3000	3333	9955	3682	0.99100	4.83962	2.27505		
04:54:21	2000	3000	3333	9955	3713	0.99100	4.84069	2.27605		
04:54:31	2000	3000	3333	9955	3741	0.99100	4.84059	2.27548		
04:54:41	2000	3000	3333	9955	3741	0.99100	4.84059	2.27548		
04:54:51	2000	3000	3333	9955	3741	0.99100	4.84059	2.27548		
04:55:01	2000	3000	3333	9955	3822	0.99100	4.84037	2.27606		
04:55:11	2000	3000	3333	9955	3850	0.99100	4.83980	2.27439		
04:55:21	2000	3000	3333	9955	3878	0.99100	4.83972	2.27380		
04:55:31	2000	3000	3333	9955	3878	0.99100	4.83972	2.27380		
04:55:41	2000	3000	3333	9955	3878	0.99100	4.83972	2.27380		
04:56:11	2000	3000	3333	9955	4021	0.99100	4.83981	2.27597		
04:56:21	2000	3000	3333	9955	4051	0.99100	4.83992	2.27444		
04:56:31	2000	3000	3333	9955	4082	0.99100	4.84021	2.27726		
04:56:41	2000	3000	3333	9955	4082	0.99100	4.84021	2.27726		
04:56:51	2000	3000	3333	9955	4082	0.99100	4.84021	2.27726		
04:57:11	2000	3000	3333	9955	4217	0.99100	4.83924	2.27589		
04:57:21	2000	3000	3333	9955	4249	0.99100	4.83923	2.27743		
04:57:31	2000	3000	3333	9955	4274	0.99100	4.84036	2.27595		
04:57:41	2000	3000	3333	9955	4274	0.99100	4.84036	2.27595		
04:57:51	2000	3000	3333	9955	4320	0.99100	4.83980	2.27515		
04:58:01	2000	3000	3333	9955	4320	0.99100	4.83980	2.27515		
04:58:11	2000	3000	3333	9955	4320	0.99100	4.83980	2.27515		
04:58:31	2000	3000	3333	9955	4403	0.99100	4.83909	2.27465		
04:58:41	2000	3000	3333	9955	4426	0.99100	4.83907	2.27367		
04:58:51	2000	3000	3333	9955	4426	0.99100	4.83907	2.27367		
04:59:01	2000	3000	3333	9955	4426	0.99100	4.83907	2.27367		
04:59:11	2000	3000	3333	9955	4513	0.99100	4.84039	2.27468		
04:59:21	2000	3000	3333	9955	4538	0.99100	4.83964	2.27236		
04:59:31	2000	3000	3333	9955	4556	0.99100	4.83956	2.27448		
04:59:41	2000	3000	3333	9955	4556	0.99100	4.83956	2.27448		
04:59:51	2000	3000	3333	9955	4556	0.99100	4.83956	2.27448		
05:00:11	2000	3000	3333	9955	4637	0.99100	4.83920	2.27263		
05:00:21	2000	3000	3333	9955	4669	0.99100	4.83861	2.27093		
05:00:31	2000	3000	3333	9955	4702	0.99100	4.83894	2.27135		
05:00:41	2000	3000	3333	9955	4736	0.99100	4.83888	2.27124		
05:00:51	2000	3000	3333	9955	4773	0.99100	4.83870	2.27010		
05:01:01	2000	3000	3333	9955	4773	0.99100	4.83870	2.27010		
05:01:11	2000	3000	3333	9955	4854	0.99100	4.83852	2.26935		
05:01:21	2000	3000	3333	9955	4903	0.99100	4.83885	2.26945		
05:01:31	2000	3000	3333	9955	4903	0.99100	4.83885	2.26945		
05:01:41	2000	3000	3333	9955	5005	0.99100	4.83828	2.26873		
05:01:51	2000	3000	3333	9955	5055	0.99100	4.83864	2.27226		
05:02:01	2000	3000	3333	9955	5111	0.99100	4.83857	2.26945		
05:02:11	2000	3000	3333	9955	5111	0.99100	4.83857	2.26945		
05:02:21	2000	3000	3333	9955	5111	0.99100	4.83857	2.26945		
05:02:31	2000	3000	3333	9955	5288	0.99100	4.83837	2.26970		
05:02:41	2000	3000	3333	9955	5347	0.99100	4.83877	2.26856		
05:02:51	2000	3000	3333	9955	5347	0.99100	4.83877	2.26856		
05:03:01	2000	3000	3333	9955	5472	0.99100	4.83806	2.26783		
05:03:11	2000	3000	3333	9955	5535	0.99100	4.83848	2.26662		
05:03:21	2000	3000	3333	9955	5602	0.99100	4.83862	2.26735		
05:03:31	2000	3000	3333	9955	5667	0.99100	4.83897	2.26726		
05:03:41	2000	3000	3333	9955	5667	0.99100	4.83897	2.26726		
05:03:51	2000	3000	3333	9955	5667	0.99100	4.83897	2.26726		
05:04:01	2000	3000	3333	9955	5858	0.99100	4.83938	2.26825		
05:04:11	2000	3000	3333	9955	5913	0.99100	4.83887	2.26792		
05:04:21	2000	3000	3333	9955	5913	0.99100	4.83887	2.26792		
05:04:31	2000	3000	3333	9955	5913	0.99100	4.83887	2.26792		


			DELHI AIRPORT : 30 m Base line


Time	RVR	 MOR	RVR	MOR	BLM	Trf	 Ref(v)	PD(v)
	(limited)	(limited)	(actual)	(actual)

05:20:33	2000	3000	1659	9955	9989	0.99100	4.85051	2.27935		
05:20:43	2000	3000	3318	9955	9989	0.99100	4.85083	2.28049		
05:20:53	2000	3000	3333	9955	9989	0.99100	4.85493	2.28267		
05:21:03	2000	3000	3333	9955	9989	0.99100	4.85186	2.28178		
05:21:13	2000	3000	3333	9955	9989	0.99100	4.85186	2.28178		
05:21:23	2000	3000	3333	9955	9989	0.99100	4.85043	2.28116		
05:21:33	2000	3000	3333	9955	9989	0.99100	4.84992	2.27790		
05:21:43	2000	3000	3333	9955	9989	0.99100	4.85004	2.28150		
05:21:53	2000	3000	3333	9955	9989	0.99100	4.85004	2.28150		
05:22:03	2000	3000	3333	9955	9989	0.99100	4.85043	2.27846		
05:22:13	2000	3000	3333	9955	9989	0.99100	4.85069	2.28005		
05:22:23	2000	3000	3333	9955	9989	0.99100	4.85069	2.28005		
05:22:33	2000	3000	3333	9955	9989	0.99100	4.85069	2.28005		
05:23:13	2000	3000	3333	9955	9989	0.99100	4.84942	2.28068		
05:23:23	2000	3000	3333	9955	9989	0.99100	4.84942	2.28068		
05:23:33	2000	3000	3333	9955	9989	0.99100	4.84942	2.28068		


			DELHI AIRPORT : 30 m Base line


Time	RVR	 MOR	RVR	MOR	BLM	Trf	 Ref(v)	PD(v)
	(limited)	(limited)	(actual)	(actual)

