

			DELHI AIRPORT : 30 m Base line


Time	RVR	 MOR	RVR	MOR	BLM	Trf	 Ref(v)	PD(v)
	(limited)	(limited)	(actual)	(actual)



			DELHI AIRPORT : 30 m Base line


Time	RVR	 MOR	RVR	MOR	BLM	Trf	 Ref(v)	PD(v)
	(limited)	(limited)	(actual)	(actual)



			DELHI AIRPORT : 30 m Base line


Time	RVR	 MOR	RVR	MOR	BLM	Trf	 Ref(v)	PD(v)
	(limited)	(limited)	(actual)	(actual)



			DELHI AIRPORT : 30 m Base line


Time	RVR	 MOR	RVR	MOR	BLM	Trf	 Ref(v)	PD(v)
	(limited)	(limited)	(actual)	(actual)



			DELHI AIRPORT : 30 m Base line


Time	RVR	 MOR	RVR	MOR	BLM	Trf	 Ref(v)	PD(v)
	(limited)	(limited)	(actual)	(actual)



			DELHI AIRPORT : 30 m Base line


Time	RVR	 MOR	RVR	MOR	BLM	Trf	 Ref(v)	PD(v)
	(limited)	(limited)	(actual)	(actual)



			DELHI AIRPORT : 30 m Base line


Time	RVR	 MOR	RVR	MOR	BLM	Trf	 Ref(v)	PD(v)
	(limited)	(limited)	(actual)	(actual)

11:28:02	325	175	57	180	3715	0.60651	5.18548	2.90508		
11:28:12	325	175	115	180	3715	0.60651	5.18548	2.90508		
11:28:22	325	175	173	180	3715	0.60651	5.18548	2.90508		
11:28:32	325	175	230	180	3715	0.60651	5.18548	2.90508		
11:28:42	325	175	288	180	3715	0.60651	5.18548	2.90508		
11:28:52	325	175	346	180	3715	0.60651	5.18548	2.90508		
11:29:12	325	175	346	180	3715	0.60653	5.18548	2.90518		
11:29:22	325	175	346	180	3715	0.60653	5.18548	2.90518		
11:29:32	325	175	346	180	3715	0.60653	5.18548	2.90518		
11:29:42	325	175	346	180	3715	0.60653	5.18548	2.90518		
11:29:52	375	200	386	372	3715	0.78519	5.18548	3.90518		
11:30:02	425	225	426	372	3715	0.78519	5.18548	3.90518		
11:30:12	450	275	466	372	3715	0.78519	5.18548	3.90518		
11:30:22	500	300	506	372	3715	0.78519	5.18548	3.90518		
11:30:32	850	675	855	2444	3715	0.96385	5.18548	4.90518		
11:30:42	1200	1050	1205	2444	3715	0.96385	5.18548	4.90518		
11:30:52	2000	2600	2766	9955	3715	0.99100	5.18548	5.90518		
11:31:02	2000	3000	3333	9955	3715	0.99100	5.18548	5.90518		
11:31:12	2000	3000	3333	9955	3715	0.99100	5.18548	5.90518		
11:31:22	2000	3000	3333	9955	3715	0.99100	5.18548	7.90518		
11:31:32	2000	3000	3333	9955	3715	0.99100	5.18548	7.90518		
11:31:42	2000	3000	3333	9955	3715	0.99100	5.18548	9.90518		
11:31:52	2000	3000	3333	9955	3715	0.99100	5.18548	9.90518		
11:32:02	2000	3000	3333	9955	3715	0.99100	5.18548	9.90518		
11:32:12	2000	3000	3333	9955	3715	0.99100	5.18548	9.90518		
11:32:22	2000	3000	3333	9955	3715	0.99100	5.18548	9.90518		
11:32:32	2000	3000	3333	9955	3715	0.99100	5.18548	9.90518		
11:32:52	2000	3000	3333	9955	3715	0.99100	5.18548	9.70518		
11:33:02	2000	3000	3333	9955	3715	0.99100	5.18548	9.70518		
11:33:12	2000	3000	3333	9955	3715	0.99100	5.18548	9.70518		
11:33:22	2000	3000	3333	9955	3715	0.99100	5.18548	9.70518		
11:34:22	2000	3000	3333	9955	3715	0.99100	5.18548	9.70518		
11:34:32	2000	3000	3333	9955	3715	0.99100	5.18548	9.70518		
11:34:42	2000	3000	3333	9955	3715	0.99100	5.18548	9.70518		
11:34:52	2000	3000	3333	9955	3715	0.99100	5.18548	9.70518		
11:35:02	2000	3000	3333	9955	3715	0.99100	5.18548	9.70518		
11:35:12	2000	3000	3333	9955	3715	0.99100	5.18548	9.70518		
11:35:22	2000	3000	3333	9955	3715	0.99100	5.18548	8.70518		
11:35:32	2000	3000	3333	9955	3715	0.99100	5.18548	8.70518		
11:35:42	2000	3000	3333	9955	3715	0.99100	5.18548	8.70518		
11:35:52	2000	3000	3333	9955	3715	0.99100	5.18548	8.70518		
11:36:02	2000	3000	3333	9955	3715	0.99100	5.18548	8.70518		
11:36:12	2000	3000	3333	9955	3715	0.99100	5.18548	8.70518		
11:36:22	2000	3000	3333	9955	3715	0.99100	5.18548	8.70518		
11:36:32	2000	3000	3333	9955	3715	0.99100	5.18548	8.70518		
11:36:42	2000	3000	3333	9955	3715	0.99100	5.18548	8.70518		
11:36:52	2000	3000	3333	9955	3715	0.99100	5.18548	8.70518		
11:37:02	2000	3000	3333	9955	3715	0.99100	5.18548	8.70518		
11:37:12	2000	3000	3333	9955	3715	0.99100	5.18548	8.70518		
11:37:22	2000	3000	3333	9955	3715	0.99100	5.18548	8.70518		
11:37:32	2000	3000	3333	9955	3715	0.99100	5.18548	8.70518		
11:37:42	2000	3000	3333	9955	3715	0.99100	5.18548	8.70518		
11:37:52	2000	3000	3333	9955	3715	0.99100	5.18548	8.70518		
11:38:02	2000	3000	3333	9955	3715	0.99100	5.18548	8.70518		
11:38:12	2000	3000	3333	9955	3715	0.99100	5.18548	8.70518		
11:38:22	2000	3000	3333	9955	3715	0.99100	5.18548	8.70518		
11:38:32	2000	3000	3333	9955	3715	0.99100	5.18548	8.70518		
11:38:42	2000	3000	3333	9955	3715	0.99100	5.18548	8.70518		
11:38:52	2000	3000	3333	9955	3715	0.99100	5.18548	8.70518		
11:39:02	2000	3000	3333	9955	3715	0.99100	5.18548	8.70518		
11:39:12	2000	3000	3333	9955	3715	0.99100	5.18548	8.70518		
11:39:22	2000	3000	3333	9955	3715	0.99100	5.18548	8.70518		
11:39:32	2000	3000	3333	9955	3715	0.99100	5.18548	8.70518		
11:39:42	2000	3000	3333	9955	3715	0.99100	5.18548	8.70518		
11:39:52	2000	3000	3333	9955	3715	0.99100	5.18548	8.70518		
11:40:02	2000	3000	3333	9955	3715	0.99100	5.18548	8.70518		
11:40:12	2000	3000	3333	9955	3715	0.99100	5.18548	8.70518		
11:40:22	2000	3000	3333	9955	3715	0.99100	5.18548	8.70518		
11:40:32	2000	3000	3333	9955	3715	0.99100	5.18548	8.70518		
11:40:42	2000	3000	3333	9955	3715	0.99100	5.18548	8.70518		
11:40:52	2000	3000	3333	9955	3715	0.99100	5.18548	8.70518		
11:41:02	2000	3000	3333	9955	3715	0.99100	5.18548	8.70518		
11:41:12	2000	3000	3333	9955	3715	0.99100	5.18548	8.70518		
11:41:32	2000	3000	3333	9955	3715	0.99100	5.18548	8.70518		
11:41:42	2000	3000	3333	9955	3715	0.99100	5.18548	8.70518		
11:41:52	2000	3000	3333	9955	3715	0.99100	5.18548	8.70518		
11:42:02	2000	3000	3333	9955	3715	0.99100	5.18548	8.70518		
11:42:12	2000	3000	3333	9955	3715	0.99100	5.18548	8.70518		
11:42:22	2000	3000	3333	9955	3715	0.99100	5.18548	8.70518		
11:42:32	2000	3000	3333	9955	3715	0.99100	5.18548	8.70518		
11:42:52	2000	3000	3333	9955	3715	0.99100	5.18548	8.70518		
11:43:02	2000	3000	3333	9955	3715	0.99100	5.18548	6.60518		
11:43:12	2000	3000	3333	9955	3715	0.99100	5.18548	6.60518		
11:43:22	2000	3000	3333	9955	3715	0.99100	5.18548	6.60518		
11:43:32	2000	3000	3333	9955	3715	0.99100	5.18548	6.60518		
11:43:42	2000	3000	3333	9955	3715	0.99100	5.18548	6.60518		
11:43:52	2000	3000	3333	9955	3715	0.99100	5.18548	6.90518		
11:44:02	2000	3000	3333	9955	3715	0.99100	5.18548	6.90518		
11:44:12	2000	3000	3333	9955	3715	0.99100	5.18548	6.90518		
11:44:22	2000	3000	3333	9955	3715	0.99100	5.18548	6.90518		
11:44:42	2000	3000	3333	9955	3715	0.99100	5.18548	9.90518		
11:44:52	2000	3000	3333	9955	3715	0.99100	5.18548	9.90518		
11:45:02	2000	3000	3333	9955	3715	0.99100	5.18548	9.90518		
11:45:12	2000	3000	3333	9955	3715	0.99100	5.18548	9.90518		
11:45:22	2000	3000	3333	9955	3715	0.99100	5.18548	9.90518		
11:45:32	2000	3000	3333	9955	3715	0.99100	5.18548	9.90518		
11:45:42	2000	3000	3333	9955	3715	0.99100	5.18548	9.90518		
11:45:52	2000	3000	3333	9955	3715	0.99100	5.18548	5.50518		
11:46:02	2000	3000	3333	9955	3715	0.99100	5.18548	5.50518		
11:46:12	2000	3000	3333	9955	3715	0.99100	5.18548	5.50518		
11:46:22	2000	3000	3333	9955	3715	0.99100	5.18548	5.50518		
11:46:32	2000	3000	3333	9955	3715	0.99100	5.18548	5.50518		
11:46:42	2000	3000	3333	9955	3715	0.99100	5.18548	5.50518		
11:46:52	2000	3000	3333	9955	3715	0.99100	5.18548	5.80518		
