

			DELHI AIRPORT : 30 m Base line


Time	RVR	 MOR	RVR	MOR	BLM	Trf	 Ref(v)	PD(v)
	(limited)	(limited)	(actual)	(actual)



			DELHI AIRPORT : 30 m Base line


Time	RVR	 MOR	RVR	MOR	BLM	Trf	 Ref(v)	PD(v)
	(limited)	(limited)	(actual)	(actual)

20:32:16	900	250	154	264	2	0.71130	5.07308	3.41593		
20:32:26	900	250	308	264	2	0.71130	5.07308	3.41593		
20:32:36	900	250	461	263	2	0.71019	5.07278	3.40961		
20:32:46	900	250	614	263	2	0.71019	5.07278	3.40961		
20:33:06	900	250	768	263	2	0.71000	5.06936	3.40630		
20:33:16	900	250	921	263	2	0.70986	5.06983	3.40584		
20:33:26	900	250	920	263	2	0.70986	5.06983	3.40584		
20:33:36	900	250	919	262	2	0.70947	5.06821	3.40264		
20:33:46	900	250	919	263	2	0.71012	5.06633	3.40494		
20:33:56	900	250	919	262	2	0.70940	5.06640	3.40105		
20:34:06	900	250	918	262	2	0.70967	5.06580	3.40211		
20:34:16	900	250	918	262	2	0.70957	5.06779	3.40289		
20:34:26	900	250	919	264	2	0.71075	5.06541	3.40775		
20:34:36	900	250	920	264	2	0.71116	5.07202	3.41444		
20:34:46	900	250	920	263	2	0.71057	5.07293	3.41184		
20:34:56	900	250	920	262	2	0.70971	5.07334	3.40739		
20:35:06	900	250	921	264	2	0.71116	5.07240	3.41468		
20:35:16	900	250	922	265	2	0.71177	5.07128	3.41729		
20:35:26	900	250	923	265	2	0.71177	5.07128	3.41729		
20:35:36	900	250	922	263	2	0.70995	5.06957	3.40616		
20:35:46	900	250	921	262	2	0.70941	5.07127	3.40434		
20:35:56	900	250	921	262	2	0.70941	5.07127	3.40434		
20:36:06	900	250	920	262	2	0.70956	5.07590	3.40826		
20:36:16	900	250	919	262	2	0.70908	5.07444	3.40469		
20:36:26	900	250	918	262	2	0.70908	5.07444	3.40469		
20:36:36	900	250	917	261	2	0.70837	5.07437	3.40074		
20:36:46	900	250	916	261	2	0.70837	5.07437	3.40074		
20:37:06	900	250	916	261	2	0.70821	5.07514	3.40039		
20:37:16	900	250	915	261	2	0.70821	5.07514	3.40039		
20:37:26	900	250	915	261	2	0.70871	5.07475	3.40287		
20:37:36	900	250	915	262	2	0.70942	5.07550	3.40722		
20:37:46	900	250	915	261	2	0.70853	5.07602	3.40273		
20:37:56	900	250	916	262	2	0.70965	5.07608	3.40891		
20:38:06	900	250	916	262	2	0.70949	5.07616	3.40808		
20:38:16	900	250	917	262	2	0.70949	5.07616	3.40808		
20:38:26	900	250	918	263	2	0.70995	5.07539	3.41007		
20:38:36	900	250	917	261	2	0.70868	5.07586	3.40346		
20:38:46	900	250	918	262	2	0.70922	5.07590	3.40644		
20:38:56	900	250	917	262	2	0.70922	5.07590	3.40644		
20:39:06	900	250	918	263	2	0.70998	5.07612	3.41074		
20:39:16	900	250	918	262	2	0.70950	5.07649	3.40833		
20:39:26	900	250	918	263	2	0.71012	5.07630	3.41163		
20:39:36	900	250	918	262	2	0.70901	5.07666	3.40576		
20:39:46	900	250	918	262	2	0.70901	5.07666	3.40576		
20:39:56	900	250	918	262	2	0.70892	5.07701	3.40554		
20:40:12	900	250	917	262	2	0.70897	5.07685	3.40567		
20:40:22	900	250	917	262	2	0.70881	5.07637	3.40451		
20:40:32	900	250	916	262	2	0.70892	5.07580	3.40473		
20:40:42	900	250	916	262	2	0.70946	5.07638	3.40808		
20:40:52	900	250	916	262	2	0.70938	5.07692	3.40800		
20:41:02	900	250	917	262	2	0.70947	5.07721	3.40866		
20:41:12	900	250	917	262	2	0.70946	5.07711	3.40854		
20:41:22	900	250	917	262	2	0.70892	5.07746	3.40582		
20:41:32	900	250	917	261	2	0.70860	5.07742	3.40402		
20:41:42	900	250	917	262	2	0.70932	5.07710	3.40779		
20:42:02	1600	575	1611	2154	2	0.95909	5.07645	3.41168		
20:42:12	2000	850	2307	2159	2	0.95917	5.07680	3.41223		
20:42:22	2000	1200	3002	2157	2	0.95914	5.07650	3.41192		
20:42:32	2000	1500	3333	2190	2	0.95974	5.07665	3.41437		
20:42:42	2000	1800	3333	2139	2	0.95880	5.07691	3.41088		
20:42:52	2000	2100	3333	2131	2	0.95864	5.07721	3.41044		
20:43:02	2000	2100	3333	2131	2	0.95864	5.07721	3.41044		
20:43:12	2000	2100	3333	2167	2	0.95932	5.07741	3.41325		
20:43:22	2000	2100	3333	2056	2	0.95717	5.07805	3.40525		
20:43:32	2000	2100	3333	2151	2	0.95902	5.07859	3.41288		
20:43:42	2000	2100	3333	2050	2	0.95704	5.07877	3.40522		
20:43:52	2000	2100	3333	2180	2	0.95955	5.07844	3.41485		
20:44:02	2000	2100	3333	2173	2	0.95944	5.07869	3.41456		
20:44:12	2000	2100	3333	2173	2	0.95944	5.07869	3.41456		
20:44:22	2000	2100	3333	2242	2	0.96065	5.07872	3.41935		
20:44:32	2000	2100	3333	2218	2	0.96023	5.07896	3.41786		
20:44:42	2000	2100	3333	2166	2	0.95930	5.07862	3.41399		
20:44:52	2000	2100	3333	2166	2	0.95930	5.07862	3.41399		
20:45:02	2000	2100	3333	2116	2	0.95836	5.07844	3.41016		
20:45:12	2000	2100	3333	2116	2	0.95836	5.07844	3.41016		
20:45:32	2000	2100	3333	2142	2	0.95885	5.07919	3.41259		
20:45:42	2000	2100	3333	2185	2	0.95966	5.07917	3.41574		
20:45:52	2000	2100	3333	2185	2	0.95966	5.07917	3.41574		
20:46:02	2000	2100	3333	2219	2	0.96025	5.07920	3.41808		
20:46:12	2000	2100	3333	2178	2	0.95951	5.07951	3.41541		
20:46:22	2000	2100	3333	2105	2	0.95815	5.07993	3.41034		
20:46:32	2000	2100	3333	2172	2	0.95941	5.07960	3.41508		
20:46:42	2000	2100	3333	2172	2	0.95941	5.07960	3.41508		
20:47:02	2000	2100	3333	2240	2	0.96061	5.07966	3.41982		
20:47:12	2000	2100	3333	2173	2	0.95942	5.08049	3.41571		
20:47:22	2000	2100	3333	2194	2	0.95980	5.08008	3.41693		
20:47:32	2000	2100	3333	2194	2	0.95980	5.08008	3.41693		
20:47:42	2000	2100	3333	2149	2	0.95898	5.08003	3.41369		
20:47:52	2000	2100	3333	2104	2	0.95813	5.08036	3.41058		
20:48:02	2000	2100	3333	2074	2	0.95754	5.08031	3.40822		
20:48:12	2000	2100	3333	2151	2	0.95903	5.08030	3.41405		
20:48:22	2000	2100	3333	2132	2	0.95866	5.08019	3.41252		
20:48:32	2000	2100	3333	2233	2	0.96050	5.08024	3.41977		
20:48:42	2000	2100	3333	2233	2	0.96050	5.08024	3.41977		
20:48:52	2000	2100	3333	2303	2	0.96168	5.08002	3.42423		
20:49:02	2000	2200	3333	2320	2	0.96195	5.08010	3.42535		
20:49:12	2000	2200	3333	2367	2	0.96269	5.08014	3.42829		
20:49:22	2000	2300	3333	2367	2	0.96269	5.08014	3.42829		
20:49:32	2000	2300	3333	2488	2	0.96447	5.07903	3.43449		
20:49:42	2000	2300	3333	2488	2	0.96447	5.07903	3.43449		
20:49:52	2000	2400	3333	2453	2	0.96397	5.07897	3.43250		
20:50:02	2000	2400	3333	2453	2	0.96397	5.07897	3.43250		
20:50:22	2000	2400	3333	2654	2	0.96666	5.07842	3.44266		
20:50:32	2000	2500	3333	2609	2	0.96609	5.07711	3.43956		
20:50:42	2000	2500	3333	2601	2	0.96599	5.07745	3.43939		
20:50:52	2000	2500	3333	2547	2	0.96528	5.07822	3.43712		
20:51:02	2000	2500	3333	2686	2	0.96704	5.07799	3.44387		
20:51:12	2000	2600	3333	2664	2	0.96678	5.07743	3.44246		
20:51:22	2000	2600	3333	2607	2	0.96606	5.07716	3.43947		
20:51:32	2000	2600	3333	2561	2	0.96547	5.07725	3.43723		
20:51:42	2000	2600	3333	2561	2	0.96547	5.07725	3.43723		
20:51:52	2000	2600	3333	2597	2	0.96593	5.07742	3.43914		
20:52:02	2000	2500	3333	2566	2	0.96553	5.07734	3.43752		
20:52:12	2000	2500	3333	2591	2	0.96586	5.07814	3.43933		
20:52:22	2000	2500	3333	2643	2	0.96653	5.07836	3.44210		
20:52:32	2000	2500	3333	2515	2	0.96485	5.07876	3.43580		
20:52:42	2000	2500	3333	2507	2	0.96474	5.07889	3.43547		
20:52:52	2000	2500	3333	2502	2	0.96467	5.07876	3.43511		
20:53:02	2000	2500	3333	2464	2	0.96413	5.07944	3.43345		
20:53:12	2000	2500	3333	2456	2	0.96402	5.07931	3.43292		
20:53:22	2000	2400	3333	2450	2	0.96393	5.07931	3.43257		
20:53:32	2000	2400	3333	2420	2	0.96349	5.07917	3.43077		
20:53:42	2000	2400	3333	2471	2	0.96423	5.07911	3.43362		
20:53:52	2000	2400	3333	2535	2	0.96512	5.07964	3.43747		
20:54:02	2000	2400	3333	2539	2	0.96518	5.07915	3.43735		
20:54:12	2000	2400	3333	2539	2	0.96518	5.07915	3.43735		
20:54:22	2000	2500	3333	2605	2	0.96604	5.07948	3.44096		
20:54:32	2000	2500	3333	2550	2	0.96533	5.07947	3.43816		
20:54:42	2000	2500	3333	2568	2	0.96557	5.07934	3.43900		
20:54:52	2000	2500	3333	2466	2	0.96416	5.07966	3.43372		
20:55:02	2000	2500	3333	2487	2	0.96446	5.07923	3.43458		
20:55:12	2000	2500	3333	2487	2	0.96446	5.07923	3.43458		
20:55:22	2000	2500	3333	2485	2	0.96443	5.07936	3.43457		
20:55:32	2000	2400	3333	2372	2	0.96277	5.07985	3.42838		
20:55:42	2000	2400	3333	2522	2	0.96495	5.08001	3.43704		
20:55:52	2000	2400	3333	2473	2	0.96426	5.07999	3.43434		
20:56:02	2000	2400	3333	2343	2	0.96232	5.08013	3.42683		
20:56:12	2000	2400	3333	2487	2	0.96446	5.07990	3.43507		
20:56:22	2000	2400	3333	2501	2	0.96465	5.08033	3.43610		
20:56:32	2000	2400	3333	2467	2	0.96418	5.08027	3.43421		
20:56:42	2000	2400	3333	2502	2	0.96467	5.08026	3.43612		
20:56:52	2000	2400	3333	2491	2	0.96451	5.08073	3.43582		
20:57:02	2000	2400	3333	2374	2	0.96280	5.08096	3.42925		
20:57:12	2000	2400	3333	2344	2	0.96233	5.08064	3.42721		
20:57:22	2000	2400	3333	2382	2	0.96292	5.08069	3.42954		
20:57:32	2000	2400	3333	2462	2	0.96410	5.08049	3.43405		
20:57:42	2000	2400	3333	2390	2	0.96304	5.08095	3.43020		
20:57:52	2000	2400	3333	2461	2	0.96409	5.08108	3.43441		
20:58:02	2000	2400	3333	2478	2	0.96433	5.08099	3.43528		
20:58:12	2000	2400	3333	2376	2	0.96282	5.08128	3.42957		
20:58:22	2000	2400	3333	2375	2	0.96282	5.08138	3.42963		
20:58:32	2000	2400	3333	2463	2	0.96412	5.08143	3.43474		
20:58:42	2000	2400	3333	2426	2	0.96358	5.08168	3.43280		
20:58:52	2000	2400	3333	2327	2	0.96207	5.08162	3.42683		
20:59:02	2000	2300	3333	2367	2	0.96269	5.08119	3.42897		
20:59:12	2000	2300	3333	2367	2	0.96269	5.08119	3.42897		
20:59:22	2000	2300	3333	2410	2	0.96334	5.08108	3.43148		
20:59:32	2000	2300	3333	2357	2	0.96253	5.08076	3.42808		
20:59:42	2000	2300	3333	2357	2	0.96253	5.08076	3.42808		
20:59:52	2000	2300	3333	2339	2	0.96225	5.08094	3.42709		
21:00:02	2000	2300	3333	2275	2	0.96121	5.08086	3.42296		
21:00:12	2000	2300	3333	2307	2	0.96174	5.08094	3.42508		
21:00:22	2000	2300	3333	2415	2	0.96343	5.08125	3.43191		
21:00:32	2000	2300	3333	2343	2	0.96232	5.08117	3.42752		
21:00:42	2000	2300	3333	2308	2	0.96176	5.08131	3.42544		
21:00:52	2000	2300	3333	2348	2	0.96239	5.08130	3.42790		
21:01:02	2000	2300	3333	2297	2	0.96158	5.08130	3.42473		
21:01:12	2000	2300	3333	2303	2	0.96168	5.08129	3.42508		
21:01:22	2000	2300	3333	2296	2	0.96155	5.08153	3.42476		
21:01:32	2000	2300	3333	2316	2	0.96188	5.08169	3.42617		
21:01:42	2000	2300	3333	2316	2	0.96188	5.08169	3.42617		
21:01:52	2000	2300	3333	2325	2	0.96203	5.08136	3.42651		
21:02:02	2000	2200	3333	2249	2	0.96078	5.08115	3.42146		
21:02:12	2000	2300	3333	2414	2	0.96340	5.08161	3.43207		
21:02:22	2000	2300	3333	2284	2	0.96137	5.08212	3.42443		
21:02:32	2000	2300	3333	2514	2	0.96483	5.08224	3.43809		
21:02:42	2000	2300	3333	2319	2	0.96193	5.08233	3.42678		
21:02:52	2000	2300	3333	2312	2	0.96182	5.08267	3.42658		
21:03:02	2000	2300	3333	2312	2	0.96182	5.08267	3.42658		
21:03:12	2000	2300	3333	2235	2	0.96054	5.08263	3.42152		
21:03:22	2000	2300	3333	2235	2	0.96054	5.08263	3.42152		
21:03:32	2000	2200	3333	2272	2	0.96115	5.08293	3.42414		
21:03:42	2000	2200	3333	2229	2	0.96042	5.08337	3.42158		
21:03:52	2000	2200	3333	2267	2	0.96107	5.08304	3.42390		
21:04:02	2000	2200	3333	2267	2	0.96107	5.08312	3.42395		
21:04:12	2000	2200	3333	2226	2	0.96037	5.08295	3.42110		
21:04:22	2000	2200	3333	2305	2	0.96171	5.08351	3.42672		
21:04:32	2000	2200	3333	2291	2	0.96148	5.08367	3.42591		
21:04:42	2000	2200	3333	2234	2	0.96051	5.08349	3.42200		
21:04:52	2000	2200	3333	2234	2	0.96051	5.08349	3.42200		
21:05:02	2000	2200	3333	2205	2	0.96001	5.08353	3.42007		
21:05:12	2000	2200	3333	2205	2	0.96001	5.08353	3.42007		
21:05:22	2000	2200	3333	2294	2	0.96153	5.08389	3.42627		
21:05:32	2000	2200	3333	2240	2	0.96062	5.08411	3.42286		
21:05:42	2000	2200	3333	2184	2	0.95963	5.08407	3.41894		
21:05:52	2000	2200	3333	2184	2	0.95963	5.08407	3.41894		
21:06:02	2000	2200	3333	2166	2	0.95931	5.08384	3.41751		
21:06:12	2000	2200	3333	2166	2	0.95931	5.08384	3.41751		
21:06:22	2000	2100	3333	2192	2	0.95977	5.08372	3.41925		
21:06:32	2000	2100	3333	2127	2	0.95857	5.08392	3.41469		
21:06:42	2000	2100	3333	2215	2	0.96019	5.08399	3.42106		
21:06:52	2000	2100	3333	2177	2	0.95950	5.08377	3.41823		
21:07:02	2000	2100	3333	2193	2	0.95979	5.08444	3.41980		
21:07:12	2000	2100	3333	2193	2	0.95979	5.08444	3.41980		
21:07:22	2000	2100	3333	2256	2	0.96089	5.08450	3.42415		
21:07:32	2000	2200	3333	2192	2	0.95977	5.08441	3.41971		
21:07:42	2000	2200	3333	2244	2	0.96068	5.08436	3.42325		
21:07:52	2000	2200	3333	2244	2	0.96069	5.08453	3.42340		
21:08:02	2000	2200	3333	2172	2	0.95942	5.08477	3.41858		
21:08:12	2000	2200	3333	2172	2	0.95942	5.08477	3.41858		
21:08:22	2000	2200	3333	2197	2	0.95986	5.08477	3.42032		
21:08:32	2000	2200	3333	2223	2	0.96032	5.08465	3.42202		
21:08:42	2000	2200	3333	2223	2	0.96032	5.08465	3.42202		
21:08:52	2000	2100	3333	2214	2	0.96016	5.08480	3.42151		
21:09:02	2000	2100	3333	2170	2	0.95937	5.08475	3.41836		
21:09:12	2000	2200	3333	2181	2	0.95958	5.08461	3.41911		
21:09:22	2000	2200	3333	2234	2	0.96051	5.08453	3.42270		
21:09:32	2000	2100	3333	2148	2	0.95896	5.08496	3.41692		
21:09:42	2000	2100	3333	2202	2	0.95996	5.08466	3.42061		
21:09:52	2000	2100	3333	2189	2	0.95971	5.08449	3.41954		
21:10:02	2000	2200	3333	2279	2	0.96128	5.08498	3.42603		
21:10:12	2000	2200	3333	2323	2	0.96200	5.08475	3.42869		
21:10:22	2000	2200	3333	2303	2	0.96168	5.08473	3.42741		
21:10:32	2000	2200	3333	2203	2	0.95996	5.08484	3.42076		
21:10:42	2000	2200	3333	2166	2	0.95930	5.08469	3.41806		
21:10:52	2000	2200	3333	2125	2	0.95853	5.08508	3.41532		
21:11:02	2000	2200	3333	2199	2	0.95990	5.08464	3.42039		
21:11:12	2000	2100	3333	2161	2	0.95920	5.08492	3.41782		
21:11:22	2000	2100	3333	2181	2	0.95957	5.08439	3.41893		
21:11:32	2000	2100	3333	2177	2	0.95949	5.08468	3.41881		
21:11:42	2000	2100	3333	2178	2	0.95951	5.08481	3.41898		
21:11:52	2000	2100	3333	2266	2	0.96105	5.08470	3.42494		
21:12:02	2000	2200	3333	2266	2	0.96105	5.08470	3.42494		
21:12:12	2000	2200	3333	2265	2	0.96105	5.08471	3.42493		
21:12:22	2000	2200	3333	2258	2	0.96092	5.08469	3.42441		
21:12:32	2000	2200	3333	2253	2	0.96084	5.08504	3.42432		
21:12:42	2000	2200	3333	2253	2	0.96084	5.08504	3.42432		
21:12:52	2000	2200	3333	2248	2	0.96075	5.08451	3.42364		
21:13:02	2000	2200	3333	2296	2	0.96156	5.08418	3.42659		
21:13:12	2000	2200	3333	2249	2	0.96077	5.08452	3.42371		
21:13:22	2000	2200	3333	2318	2	0.96193	5.08457	3.42827		
21:13:32	2000	2200	3333	2353	2	0.96247	5.08435	3.43026		
21:13:42	2000	2300	3333	2422	2	0.96353	5.08447	3.43448		
21:13:52	2000	2300	3333	2359	2	0.96256	5.08486	3.43097		
21:14:02	2000	2300	3333	2362	2	0.96261	5.08476	3.43108		
21:14:12	2000	2300	3333	2347	2	0.96237	5.08430	3.42984		
21:14:22	2000	2300	3333	2347	2	0.96237	5.08430	3.42984		
21:14:42	2000	2300	3333	2420	2	0.96349	5.08446	3.43432		
21:14:52	2000	2300	3333	2377	2	0.96284	5.08474	3.43198		
21:15:02	2000	2300	3333	2350	2	0.96242	5.08484	3.43040		
21:15:12	2000	2300	3333	2434	2	0.96370	5.08452	3.43521		
21:15:22	2000	2300	3333	2393	2	0.96309	5.08455	3.43282		
21:15:32	2000	2300	3333	2377	2	0.96284	5.08479	3.43200		
21:15:42	2000	2300	3333	2433	2	0.96369	5.08470	3.43528		
21:15:52	2000	2300	3333	2405	2	0.96327	5.08493	3.43379		
21:16:02	2000	2400	3333	2485	2	0.96443	5.08457	3.43809		
21:16:12	2000	2400	3333	2465	2	0.96415	5.08433	3.43682		
21:16:22	2000	2400	3333	2411	2	0.96335	5.08505	3.43420		
21:16:32	2000	2400	3333	2502	2	0.96467	5.08468	3.43912		
21:16:42	2000	2400	3333	2545	2	0.96525	5.08451	3.44128		
21:16:52	2000	2400	3333	2367	2	0.96269	5.08444	3.43119		
21:17:02	2000	2400	3333	2434	2	0.96370	5.08449	3.43518		
21:17:12	2000	2400	3333	2462	2	0.96411	5.08444	3.43675		
21:17:22	2000	2400	3333	2416	2	0.96343	5.08416	3.43390		
21:17:32	2000	2400	3333	2599	2	0.96596	5.08414	3.44380		
21:17:42	2000	2400	3333	2377	2	0.96284	5.08464	3.43191		
21:17:52	2000	2400	3333	2469	2	0.96421	5.08428	3.43703		
21:18:02	2000	2400	3333	2368	2	0.96271	5.08473	3.43144		
21:18:12	2000	2400	3333	2372	2	0.96277	5.08386	3.43109		
21:18:22	2000	2400	3333	2372	2	0.96277	5.08386	3.43109		
21:18:32	2000	2300	3333	2371	2	0.96275	5.08361	3.43085		
21:18:42	2000	2300	3333	2354	2	0.96248	5.08355	3.42977		
21:18:52	2000	2300	3333	2354	2	0.96248	5.08355	3.42977		
21:19:02	2000	2300	3333	2431	2	0.96366	5.08334	3.43423		
21:19:12	2000	2300	3333	2458	2	0.96404	5.08312	3.43560		
21:19:22	2000	2400	3333	2462	2	0.96411	5.08253	3.43545		
21:19:32	2000	2400	3333	2439	2	0.96377	5.08286	3.43435		
21:19:42	2000	2400	3333	2458	2	0.96405	5.08231	3.43506		
21:19:52	2000	2400	3333	2491	2	0.96452	5.08337	3.43762		
21:20:02	2000	2400	3333	2439	2	0.96377	5.08336	3.43470		
21:20:12	2000	2400	3333	2407	2	0.96330	5.08329	3.43278		
21:20:22	2000	2400	3333	2406	2	0.96328	5.08361	3.43293		
21:20:32	2000	2400	3333	2406	2	0.96328	5.08361	3.43293		
21:20:42	2000	2400	3333	2510	2	0.96479	5.08307	3.43847		
21:20:52	2000	2400	3333	2510	2	0.96479	5.08307	3.43847		
21:21:02	2000	2400	3333	2516	2	0.96486	5.08266	3.43849		
21:21:12	2000	2400	3333	2459	2	0.96407	5.08238	3.43518		
21:21:22	2000	2400	3333	2374	2	0.96280	5.08241	3.43023		
21:21:32	2000	2400	3333	2374	2	0.96280	5.08241	3.43023		
21:21:42	2000	2400	3333	2543	2	0.96523	5.08225	3.43967		
21:21:52	2000	2400	3333	2419	2	0.96348	5.08210	3.43271		
21:22:02	2000	2400	3333	2540	2	0.96519	5.08187	3.43924		
21:22:12	2000	2400	3333	2492	2	0.96453	5.08193	3.43668		
21:22:22	2000	2400	3333	2552	2	0.96535	5.07799	3.43726		
21:22:32	2000	2500	3333	2476	2	0.96430	5.07789	3.43307		
21:22:42	2000	2400	3333	2400	2	0.96319	5.07731	3.42833		
21:22:52	2000	2400	3333	2518	2	0.96488	5.07640	3.43434		
21:23:02	2000	2400	3333	2518	2	0.96488	5.07640	3.43434		
21:23:12	2000	2500	3333	2552	2	0.96535	5.08056	3.43898		
21:23:22	2000	2400	3333	2484	2	0.96442	5.08107	3.43569		
21:23:32	2000	2400	3333	2501	2	0.96465	5.08034	3.43609		
21:23:42	2000	2500	3333	2587	2	0.96581	5.08096	3.44105		
21:23:52	2000	2500	3333	2488	2	0.96448	5.08157	3.43624		
21:24:02	2000	2500	3333	2453	2	0.96397	5.08294	3.43520		
21:24:12	2000	2400	3333	2449	2	0.96392	5.08178	3.43419		
21:24:22	2000	2400	3333	2509	2	0.96477	5.08160	3.43742		
21:24:32	2000	2400	3333	2428	2	0.96361	5.08178	3.43300		
21:24:42	2000	2400	3333	2459	2	0.96407	5.08226	3.43511		
21:24:52	2000	2400	3333	2572	2	0.96561	5.08141	3.44059		
21:25:02	2000	2400	3333	2537	2	0.96515	5.08181	3.43905		
21:25:12	2000	2500	3333	2517	2	0.96487	5.08111	3.43748		
21:25:22	2000	2500	3333	2631	2	0.96638	5.08131	3.44351		
21:25:32	2000	2500	3333	2609	2	0.96609	5.07808	3.44019		
21:25:42	2000	2500	3333	2451	2	0.96395	5.08200	3.43448		
21:25:52	2000	2500	3333	2505	2	0.96471	5.08235	3.43770		
21:26:02	2000	2500	3333	2521	2	0.96493	5.08192	3.43827		
21:26:12	2000	2500	3333	2496	2	0.96459	5.08270	3.43744		
21:26:22	2000	2400	3333	2401	2	0.96321	5.08248	3.43191		
21:26:32	2000	2400	3333	2505	2	0.96471	5.08284	3.43802		
21:26:42	2000	2400	3333	2505	2	0.96471	5.08284	3.43802		
21:26:52	2000	2500	3333	2626	2	0.96630	5.08327	3.44456		
21:27:02	2000	2500	3333	2483	2	0.96441	5.08205	3.43629		
21:27:12	2000	2500	3333	2644	2	0.96653	5.08363	3.44569		
21:27:22	2000	2500	3333	2413	2	0.96339	5.08423	3.43377		
21:27:32	2000	2500	3333	2421	2	0.96351	5.08427	3.43430		
21:27:42	2000	2400	3333	2416	2	0.96343	5.08407	3.43385		
21:27:52	2000	2400	3333	2416	2	0.96343	5.08407	3.43385		
21:28:12	2000	2400	3333	2394	2	0.96310	5.08400	3.43248		
21:28:22	2000	2400	3333	2381	2	0.96291	5.08407	3.43178		
21:28:32	2000	2300	3333	2347	2	0.96237	5.08413	3.42973		
21:28:42	2000	2300	3333	2417	2	0.96345	5.08458	3.43424		
21:28:52	2000	2400	3333	2498	2	0.96462	5.08461	3.43885		
21:29:02	2000	2400	3333	2433	2	0.96369	5.08451	3.43514		
21:29:12	2000	2400	3333	2457	2	0.96404	5.08470	3.43664		
21:29:22	2000	2400	3333	2457	2	0.96404	5.08470	3.43664		
21:29:32	2000	2400	3333	2505	2	0.96471	5.08408	3.43886		
21:29:42	2000	2400	3333	2608	2	0.96608	5.08439	3.44443		
21:29:52	2000	2400	3333	2450	2	0.96393	5.08411	3.43582		
21:30:02	2000	2400	3333	2442	2	0.96382	5.08396	3.43528		
21:30:12	2000	2400	3333	2455	2	0.96400	5.08425	3.43619		
21:30:22	2000	2400	3333	2407	2	0.96330	5.08324	3.43277		
21:30:32	2000	2400	3333	2427	2	0.96360	5.08226	3.43328		
21:30:42	2000	2400	3333	2341	2	0.96229	5.08184	3.42785		
21:30:52	2000	2400	3333	2381	2	0.96291	5.08277	3.43091		
21:31:02	2000	2400	3333	2403	2	0.96324	5.08304	3.43238		
21:31:12	2000	2300	3333	2413	2	0.96339	5.08306	3.43301		
21:31:22	2000	2300	3333	2345	2	0.96235	5.08233	3.42842		
21:31:32	2000	2300	3333	2376	2	0.96283	5.08346	3.43107		
21:31:42	2000	2300	3333	2376	2	0.96283	5.08346	3.43107		
21:31:52	2000	2300	3333	2358	2	0.96255	5.08300	3.42968		
21:32:02	2000	2400	3333	2552	2	0.96534	5.08044	3.43887		
21:32:12	2000	2400	3333	2522	2	0.96495	5.08101	3.43771		
21:32:22	2000	2400	3333	2538	2	0.96517	5.08099	3.43855		
21:32:32	2000	2400	3333	2563	2	0.96549	5.08185	3.44041		
21:32:42	2000	2500	3333	2563	2	0.96549	5.08185	3.44041		
21:32:52	2000	2500	3333	2422	2	0.96353	5.08110	3.43221		
21:33:02	2000	2500	3333	2444	2	0.96384	5.08150	3.43370		
21:33:12	2000	2400	3333	2444	2	0.96384	5.08150	3.43370		
21:33:22	2000	2400	3333	2456	2	0.96402	5.08216	3.43485		
21:33:32	2000	2400	3333	2526	2	0.96499	5.08190	3.43849		
21:33:42	2000	2400	3333	2526	2	0.96499	5.08190	3.43849		
21:33:52	2000	2400	3333	2496	2	0.96459	5.08148	3.43661		
21:34:02	2000	2400	3333	2496	2	0.96459	5.08148	3.43661		
21:34:22	2000	2500	3333	2514	2	0.96484	5.08061	3.43702		
21:34:32	2000	2500	3333	2508	2	0.96475	5.07930	3.43578		
21:34:42	2000	2400	3333	2421	2	0.96351	5.08130	3.43229		
21:34:52	2000	2400	3333	2531	2	0.96506	5.08232	3.43904		
21:35:02	2000	2400	3333	2439	2	0.96378	5.08243	3.43408		
21:35:12	2000	2400	3333	2396	2	0.96313	5.08241	3.43153		
21:35:22	2000	2400	3333	2396	2	0.96313	5.08241	3.43153		
21:35:32	2000	2400	3333	2477	2	0.96432	5.08199	3.43591		
21:35:42	2000	2400	3333	2441	2	0.96380	5.08184	3.43378		
21:35:52	2000	2400	3333	2396	2	0.96313	5.08151	3.43093		
21:36:02	2000	2400	3333	2487	2	0.96446	5.08142	3.43607		
21:36:12	2000	2400	3333	2507	2	0.96474	5.08094	3.43686		
21:36:22	2000	2400	3333	2507	2	0.96474	5.08094	3.43686		
21:36:32	2000	2400	3333	2576	2	0.96566	5.08077	3.44035		
21:36:42	2000	2500	3333	2547	2	0.96528	5.08010	3.43841		
21:36:52	2000	2500	3333	2547	2	0.96528	5.08010	3.43841		
21:37:02	2000	2500	3333	2480	2	0.96435	5.07976	3.43454		
21:37:12	2000	2500	3333	2463	2	0.96412	5.07936	3.43335		
21:37:22	2000	2500	3333	2497	2	0.96460	5.07868	3.43477		
21:37:32	2000	2500	3333	2524	2	0.96497	5.07897	3.43641		
21:37:42	2000	2500	3333	2525	2	0.96499	5.07894	3.43647		
21:37:52	2000	2500	3333	2689	2	0.96708	5.07823	3.44419		
21:38:02	2000	2500	3333	2709	2	0.96732	5.07871	3.44546		
21:38:12	2000	2600	3333	2677	2	0.96694	5.07867	3.44393		
21:38:22	2000	2600	3333	2835	2	0.96876	5.07920	3.45140		
21:38:32	2000	2600	3333	2715	2	0.96740	5.07900	3.44594		
21:38:42	2000	2600	3333	2497	2	0.96460	5.07854	3.43468		
21:38:52	2000	2600	3333	2683	2	0.96701	5.07779	3.44361		
21:39:02	2000	2600	3333	2580	2	0.96571	5.07777	3.43852		
21:39:12	2000	2600	3333	2662	2	0.96675	5.07634	3.44162		
21:39:22	2000	2600	3333	2662	2	0.96675	5.07634	3.44162		
21:39:42	2000	2600	3333	2740	2	0.96769	5.07651	3.44540		
21:39:52	2000	2600	3333	2623	2	0.96627	5.07613	3.43957		
21:40:02	2000	2600	3333	2603	2	0.96602	5.07584	3.43840		
21:40:12	2000	2600	3333	2682	2	0.96700	5.07544	3.44196		
21:40:22	2000	2600	3333	2881	2	0.96925	5.07570	3.45095		
21:40:32	2000	2700	3333	2698	2	0.96719	5.07525	3.44258		
21:40:42	2000	2700	3333	2766	2	0.96799	5.07468	3.44532		
21:40:52	2000	2700	3333	2847	2	0.96888	5.07401	3.44838		
21:41:02	2000	2700	3333	2863	2	0.96905	5.07392	3.44896		
21:41:12	2000	2800	3333	2791	2	0.96826	5.07355	3.44564		
21:41:22	2000	2700	3333	2759	2	0.96790	5.07520	3.44535		
21:41:32	2000	2800	3333	2849	2	0.96891	5.07525	3.44931		
21:41:42	2000	2800	3333	2759	2	0.96791	5.07539	3.44549		
21:41:52	2000	2800	3333	2839	2	0.96880	5.07509	3.44878		
21:42:02	2000	2700	3333	2764	2	0.96796	5.07478	3.44528		
21:42:12	2000	2800	3333	2915	2	0.96960	5.07392	3.45112		
21:42:22	2000	2800	3333	2893	2	0.96937	5.07432	3.45049		
21:42:32	2000	2800	3333	2820	2	0.96859	5.07395	3.44718		
21:42:42	2000	2800	3333	3085	2	0.97125	5.07404	3.45766		
21:42:52	2000	2800	3333	2791	2	0.96827	5.07364	3.44571		
21:43:02	2000	2800	3333	2733	2	0.96760	5.07493	3.44398		
21:43:12	2000	2800	3333	2861	2	0.96903	5.07651	3.45065		
21:43:22	2000	2800	3333	2847	2	0.96888	5.07608	3.44977		
21:43:32	2000	2800	3333	2719	2	0.96744	5.07588	3.44399		
21:43:42	2000	2700	3333	2719	2	0.96744	5.07588	3.44399		
21:43:52	2000	2700	3333	2865	2	0.96907	5.07585	3.45036		
21:44:02	2000	2800	3333	2938	2	0.96983	5.07634	3.45366		
21:44:12	2000	2800	3333	2893	2	0.96937	5.07583	3.45150		
21:44:22	2000	2800	3333	2851	2	0.96893	5.07541	3.44950		
21:44:32	2000	2800	3333	2829	2	0.96869	5.07625	3.44915		
21:44:42	2000	2800	3333	2784	2	0.96819	5.07622	3.44716		
21:44:52	2000	2800	3333	2784	2	0.96819	5.07622	3.44716		
21:45:02	2000	2700	3333	2621	2	0.96625	5.07600	3.43942		
21:45:12	2000	2700	3333	2705	2	0.96728	5.07644	3.44375		
21:45:22	2000	2700	3333	2766	2	0.96799	5.07647	3.44654		
21:45:32	2000	2700	3333	2717	2	0.96742	5.07637	3.44424		
21:45:42	2000	2700	3333	2747	2	0.96777	5.07636	3.44562		
21:45:52	2000	2700	3333	2780	2	0.96815	5.07681	3.44739		
21:46:02	2000	2700	3333	2780	2	0.96815	5.07681	3.44739		
21:46:12	2000	2700	3333	2749	2	0.96779	5.07634	3.44569		
21:46:22	2000	2700	3333	2645	2	0.96655	5.07699	3.44125		
21:46:32	2000	2700	3333	2696	2	0.96717	5.07680	3.44357		
21:46:42	2000	2700	3333	2666	2	0.96680	5.07658	3.44198		
21:46:52	2000	2700	3333	2709	2	0.96732	5.07703	3.44432		
21:47:02	2000	2600	3333	2636	2	0.96644	5.07674	3.44065		
21:47:12	2000	2600	3333	2747	2	0.96777	5.07708	3.44610		
21:47:22	2000	2600	3333	2682	2	0.96699	5.07732	3.44323		
21:47:32	2000	2600	3333	2629	2	0.96635	5.07755	3.44086		
21:47:42	2000	2600	3333	2712	2	0.96736	5.07747	3.44477		
21:47:52	2000	2600	3333	2562	2	0.96548	5.07708	3.43713		
21:48:02	2000	2600	3333	2523	2	0.96495	5.07709	3.43508		
21:48:12	2000	2600	3333	2596	2	0.96592	5.07746	3.43913		
21:48:22	2000	2600	3333	2597	2	0.96594	5.07756	3.43928		
21:48:32	2000	2500	3333	2597	2	0.96594	5.07756	3.43928		
21:48:42	2000	2500	3333	2561	2	0.96546	5.07822	3.43784		
21:48:52	2000	2500	3333	2590	2	0.96585	5.07778	3.43904		
21:49:02	2000	2500	3333	2575	2	0.96565	5.07807	3.43847		
21:49:12	2000	2500	3333	2674	2	0.96691	5.07771	3.44315		
21:49:22	2000	2500	3333	2533	2	0.96509	5.07797	3.43623		
21:49:32	2000	2500	3333	2553	2	0.96537	5.07797	3.43730		
21:49:42	2000	2500	3333	2557	2	0.96541	5.07818	3.43761		
21:49:52	2000	2500	3333	2618	2	0.96620	5.07828	3.44078		
21:50:02	2000	2500	3333	2618	2	0.96620	5.07828	3.44078		
21:50:12	2000	2500	3333	2496	2	0.96458	5.07820	3.43438		
21:50:22	2000	2500	3333	2540	2	0.96519	5.07823	3.43679		
21:50:32	2000	2500	3333	2530	2	0.96505	5.07838	3.43635		
21:50:42	2000	2500	3333	2530	2	0.96505	5.07838	3.43635		
21:50:52	2000	2500	3333	2458	2	0.96405	5.07831	3.43237		
21:51:02	2000	2500	3333	2458	2	0.96405	5.07797	3.43213		
21:51:12	2000	2400	3333	2458	2	0.96405	5.07797	3.43213		
21:51:22	2000	2400	3333	2388	2	0.96301	5.07764	3.42783		
21:51:32	2000	2400	3333	2350	2	0.96243	5.07773	3.42562		
21:51:42	2000	2400	3333	2446	2	0.96387	5.07724	3.43093		
21:51:52	2000	2400	3333	2328	2	0.96208	5.07779	3.42429		
21:52:02	2000	2300	3333	2367	2	0.96269	5.07788	3.42675		
21:52:12	2000	2300	3333	2380	2	0.96288	5.07845	3.42790		
21:52:22	2000	2300	3333	2377	2	0.96285	5.07835	3.42769		
21:52:32	2000	2300	3333	2445	2	0.96386	5.07863	3.43184		
21:52:42	2000	2300	3333	2445	2	0.96386	5.07863	3.43184		
21:52:52	2000	2300	3333	2285	2	0.96137	5.07920	3.42249		
21:53:02	2000	2300	3333	2348	2	0.96239	5.07907	3.42638		
21:53:12	2000	2300	3333	2284	2	0.96137	5.07917	3.42244		
21:53:22	2000	2300	3333	2239	2	0.96059	5.07892	3.41925		
21:53:32	2000	2300	3333	2294	2	0.96153	5.07907	3.42303		
21:53:42	2000	2200	3333	2232	2	0.96048	5.07925	3.41902		
21:53:52	2000	2200	3333	2296	2	0.96156	5.07951	3.42342		
21:54:02	2000	2200	3333	2398	2	0.96316	5.07995	3.42999		
21:54:12	2000	2200	3333	2281	2	0.96131	5.07961	3.42253		
21:54:22	2000	2200	3333	2283	2	0.96135	5.07998	3.42292		
21:54:32	2000	2200	3333	2302	2	0.96166	5.08053	3.42450		
21:54:42	2000	2200	3333	2167	2	0.95932	5.07998	3.41499		
21:54:52	2000	2200	3333	2252	2	0.96083	5.08029	3.42109		
21:55:02	2000	2200	3333	2140	2	0.95881	5.08050	3.41333		
21:55:12	2000	2200	3333	2140	2	0.95881	5.08050	3.41333		
21:55:22	2000	2100	3333	2194	2	0.95982	5.08094	3.41756		
21:55:32	2000	2100	3333	2210	2	0.96009	5.08095	3.41865		
21:55:42	2000	2100	3333	2206	2	0.96003	5.08112	3.41852		
21:55:52	2000	2100	3333	2213	2	0.96014	5.08129	3.41906		
21:56:02	2000	2100	3333	2232	2	0.96047	5.08109	3.42024		
21:56:12	2000	2200	3333	2212	2	0.96013	5.08136	3.41909		
21:56:22	2000	2200	3333	2160	2	0.95920	5.08124	3.41534		
21:56:32	2000	2100	3333	2137	2	0.95877	5.08118	3.41361		
21:56:42	2000	2200	3333	2267	2	0.96108	5.08131	3.42276		
21:56:52	2000	2100	3333	2121	2	0.95845	5.08141	3.41251		
21:57:02	2000	2100	3333	2121	2	0.95845	5.08141	3.41251		
21:57:12	2000	2100	3333	2249	2	0.96077	5.08141	3.42160		
21:57:22	2000	2100	3333	2150	2	0.95901	5.08124	3.41461		
21:57:32	2000	2100	3333	2249	2	0.96077	5.08161	3.42173		
21:57:42	2000	2100	3333	2214	2	0.96016	5.08130	3.41914		
21:57:52	2000	2200	3333	2233	2	0.96049	5.08118	3.42037		
21:58:02	2000	2200	3333	2241	2	0.96063	5.08136	3.42105		
21:58:12	2000	2200	3333	2207	2	0.96005	5.08153	3.41886		
21:58:22	2000	2200	3333	2213	2	0.96015	5.08185	3.41950		
21:58:32	2000	2200	3333	2158	2	0.95915	5.08215	3.41578		
21:58:42	2000	2200	3333	2158	2	0.95915	5.08215	3.41578		
21:58:52	2000	2200	3333	2300	2	0.96162	5.08195	3.42532		
21:59:02	2000	2200	3333	2323	2	0.96200	5.08217	3.42693		
21:59:12	2000	2200	3333	2193	2	0.95979	5.08199	3.41818		
21:59:22	2000	2200	3333	2228	2	0.96041	5.08234	3.42081		
21:59:32	2000	2200	3333	2322	2	0.96199	5.08215	3.42689		
21:59:42	2000	2200	3333	2222	2	0.96030	5.08212	3.42024		
21:59:52	2000	2200	3333	2169	2	0.95935	5.08234	3.41669		
22:00:02	2000	2200	3333	2115	2	0.95834	5.08213	3.41258		
22:00:12	2000	2200	3333	2158	2	0.95915	5.08208	3.41570		
22:00:22	2000	2100	3333	2111	2	0.95827	5.08233	3.41242		
22:00:32	2000	2100	3333	2088	2	0.95781	5.08242	3.41069		
22:00:42	2000	2100	3333	2099	2	0.95803	5.08220	3.41141		
22:00:52	2000	2100	3333	2187	2	0.95968	5.08248	3.41807		
22:01:02	2000	2100	3333	2114	2	0.95831	5.08256	3.41276		
22:01:12	2000	2100	3333	2069	2	0.95744	5.08235	3.40918		
22:01:22	2000	2100	3333	2114	2	0.95832	5.08258	3.41279		
22:01:32	2000	2100	3333	2104	2	0.95812	5.08276	3.41213		
22:01:42	2000	2100	3333	2084	2	0.95772	5.08266	3.41052		
22:01:52	2000	2000	3333	2070	2	0.95745	5.08269	3.40946		
22:02:02	2000	2100	3333	2217	2	0.96022	5.08301	3.42054		
22:02:12	2000	2100	3333	2084	2	0.95774	5.08262	3.41056		
22:02:22	2000	2100	3333	2084	2	0.95774	5.08262	3.41056		
22:02:32	2000	2100	3333	2094	2	0.95793	5.08261	3.41128		
22:02:42	2000	2000	3333	2031	2	0.95666	5.08280	3.40643		
22:02:52	2000	2000	3333	2031	2	0.95666	5.08280	3.40643		
22:03:12	2000	2000	3333	2024	2	0.95651	5.08330	3.40619		
22:03:22	2000	2000	3333	2024	2	0.95651	5.08330	3.40619		
22:03:32	2000	2000	3333	2036	2	0.95676	5.08302	3.40700		
22:03:42	2000	2000	3333	2051	2	0.95706	5.08337	3.40840		
22:03:52	2000	2000	3333	2049	2	0.95703	5.08346	3.40833		
22:04:02	2000	2000	3333	2049	2	0.95703	5.08346	3.40833		
22:04:12	2000	2000	3333	2026	2	0.95655	5.08302	3.40615		
22:04:22	2000	2000	3333	2103	2	0.95810	5.08284	3.41212		
22:04:32	2000	2000	3333	2068	2	0.95741	5.08353	3.40987		
22:04:42	2000	2000	3333	2098	2	0.95802	5.08354	3.41225		
22:04:52	2000	2000	3333	2111	2	0.95826	5.08323	3.41301		
22:05:02	2000	2000	3333	2082	2	0.95769	5.08345	3.41092		
22:05:12	2000	2000	3333	2035	2	0.95674	5.08384	3.40746		
22:05:22	2000	2000	3333	2070	2	0.95746	5.08350	3.41003		
22:05:32	2000	2000	3333	2069	2	0.95743	5.08370	3.41006		
22:05:42	2000	2000	3333	2032	2	0.95667	5.08385	3.40720		
22:05:52	2000	2000	3333	2082	2	0.95770	5.08419	3.41145		
22:06:02	2000	2000	3333	2016	2	0.95633	5.08399	3.40594		
22:06:12	2000	2000	3333	2043	2	0.95689	5.08352	3.40784		
22:06:22	2000	2000	3333	2046	2	0.95696	5.08377	3.40827		
22:06:32	2000	2000	3333	2051	2	0.95707	5.08423	3.40902		
22:06:42	2000	2000	3333	2101	2	0.95807	5.08467	3.41324		
22:06:52	2000	2000	3333	2118	2	0.95839	5.08425	3.41419		
22:07:02	2000	2000	3333	1996	2	0.95591	5.08410	3.40438		
22:07:12	2000	2000	3333	2110	2	0.95824	5.08417	3.41355		
22:07:22	2000	2000	3333	2081	2	0.95767	5.08404	3.41122		
22:07:32	2000	2000	3333	2015	2	0.95633	5.08426	3.40611		
22:07:42	2000	2000	3333	1972	2	0.95539	5.08461	3.40266		
22:07:52	2000	2000	3333	2027	2	0.95657	5.08468	3.40734		
22:08:02	2000	2000	3333	1937	2	0.95459	5.08472	3.39963		
22:08:12	2000	2000	3333	2029	2	0.95662	5.08459	3.40747		
22:08:22	2000	1900	3333	2013	2	0.95628	5.08479	3.40630		
22:08:32	2000	1900	3333	1965	2	0.95524	5.08460	3.40208		
22:08:42	2000	1900	3333	1943	2	0.95475	5.08490	3.40035		
22:08:52	2000	1900	3333	1970	2	0.95535	5.08503	3.40280		
22:09:02	2000	1900	3333	1945	2	0.95479	5.08504	3.40062		
22:09:12	2000	1900	3333	1918	2	0.95417	5.08476	3.39799		
22:09:22	2000	1900	3333	1970	2	0.95535	5.08480	3.40263		
22:09:32	2000	1900	3333	1932	2	0.95448	5.08477	3.39923		
22:09:42	2000	1900	3333	1947	2	0.95482	5.08496	3.40066		
22:09:52	2000	1900	3333	1987	2	0.95572	5.08462	3.40399		
22:10:02	2000	1900	3333	2004	2	0.95608	5.08484	3.40554		
22:10:12	2000	1900	3333	1966	2	0.95526	5.08467	3.40219		
22:10:22	2000	1900	3333	2022	2	0.95647	5.08478	3.40703		
22:10:32	2000	1900	3333	1963	2	0.95518	5.08503	3.40215		
22:10:42	2000	1900	3333	1971	2	0.95537	5.08477	3.40270		
22:10:52	2000	1900	3333	1920	2	0.95422	5.08491	3.39827		
22:11:02	2000	1900	3333	1920	2	0.95422	5.08491	3.39827		
22:11:22	2000	1900	3333	1924	2	0.95429	5.08532	3.39885		
22:11:32	2000	1900	3333	1929	2	0.95442	5.08519	3.39925		
22:11:42	2000	1900	3333	1913	2	0.95405	5.08505	3.39770		
22:11:52	2000	1900	3333	1927	2	0.95437	5.08536	3.39916		
22:12:02	2000	1900	3333	1976	2	0.95548	5.08552	3.40362		
22:12:12	2000	1900	3333	1948	2	0.95484	5.08581	3.40132		
22:12:22	2000	1900	3333	1908	2	0.95393	5.08493	3.39718		
22:12:32	2000	1900	3333	1913	2	0.95405	5.08504	3.39772		
22:12:42	2000	1900	3333	1878	2	0.95321	5.08554	3.39473		
22:12:52	2000	1900	3333	1870	2	0.95302	5.08575	3.39415		
22:13:02	2000	1900	3333	1927	2	0.95436	5.08551	3.39924		
22:13:12	2000	1800	3333	1837	2	0.95219	5.08585	3.39097		
22:13:22	2000	1800	3333	1900	2	0.95373	5.08518	3.39655		
22:13:32	2000	1800	3333	1912	2	0.95401	5.08525	3.39771		
22:13:42	2000	1800	3333	1878	2	0.95321	5.08540	3.39465		
22:13:52	2000	1800	3333	1878	2	0.95322	5.08539	3.39467		
22:14:02	2000	1800	3333	1849	2	0.95250	5.08544	3.39191		
22:14:12	2000	1800	3333	1898	2	0.95369	5.08525	3.39643		
22:14:22	2000	1800	3333	1848	2	0.95246	5.08563	3.39187		
22:14:32	2000	1800	3333	1903	2	0.95381	5.08630	3.39761		
22:14:42	2000	1800	3333	1903	2	0.95381	5.08630	3.39761		
22:14:52	2000	1800	3333	1816	2	0.95166	5.08598	3.38896		
22:15:02	2000	1800	3333	1835	2	0.95214	5.08605	3.39090		
22:15:12	2000	1800	3333	1878	2	0.95320	5.08570	3.39482		
22:15:22	2000	1800	3333	1886	2	0.95341	5.08599	3.39584		
22:15:32	2000	1800	3333	1876	2	0.95316	5.08585	3.39475		
22:15:42	2000	1800	3333	1806	2	0.95140	5.08609	3.38802		
22:15:52	2000	1800	3333	1870	2	0.95300	5.08606	3.39428		
22:16:02	2000	1800	3333	1872	2	0.95305	5.08603	3.39446		
22:16:12	2000	1800	3333	1846	2	0.95241	5.08652	3.39227		
22:16:22	2000	1800	3333	1859	2	0.95273	5.08658	3.39358		
22:16:32	2000	1800	3333	1861	2	0.95278	5.08682	3.39391		
22:16:42	2000	1800	3333	1831	2	0.95204	5.08677	3.39098		
22:16:52	2000	1800	3333	1786	2	0.95086	5.08715	3.38662		
22:17:02	2000	1800	3333	1786	2	0.95086	5.08715	3.38662		
22:17:12	2000	1800	3333	1765	2	0.95028	5.08692	3.38418		
22:17:22	2000	1700	3333	1765	2	0.95028	5.08692	3.38418		
22:17:42	2000	1700	3333	1734	2	0.94942	5.08714	3.38096		
22:17:52	2000	1700	3333	1766	2	0.95030	5.08707	3.38437		
22:18:02	2000	1700	3333	1733	2	0.94938	5.08706	3.38076		
22:18:12	2000	1700	3333	1764	2	0.95026	5.08710	3.38420		
22:18:22	2000	1700	3333	1740	2	0.94958	5.08762	3.38191		
22:18:32	2000	1700	3333	1741	2	0.94961	5.08688	3.38153		
22:18:42	2000	1700	3333	1726	2	0.94918	5.08687	3.37983		
22:18:52	2000	1700	3333	1726	2	0.94918	5.08687	3.37983		
22:19:12	2000	1700	3333	1707	2	0.94863	5.08729	3.37796		
22:19:22	2000	1700	3333	1663	2	0.94732	5.08716	3.37274		
22:19:32	2000	1700	3333	1666	2	0.94741	5.08805	3.37367		
22:19:42	2000	1600	3333	1689	2	0.94810	5.08731	3.37587		
22:19:52	2000	1600	3333	1639	2	0.94657	5.08764	3.37012		
22:20:02	2000	1600	3333	1639	2	0.94657	5.08764	3.37012		
22:20:12	2000	1600	3333	1605	2	0.94548	5.08784	3.36595		
22:20:22	2000	1600	3333	1659	2	0.94719	5.08744	3.37242		
22:20:32	2000	1600	3333	1629	2	0.94624	5.08751	3.36872		
22:20:42	2000	1600	3333	1650	2	0.94691	5.08804	3.37169		
22:20:52	2000	1600	3333	1684	2	0.94797	5.08773	3.37565		
22:21:02	2000	1600	3333	1628	2	0.94622	5.08751	3.36864		
22:21:12	2000	1600	3333	1642	2	0.94668	5.08769	3.37055		
22:21:22	2000	1600	3333	1626	2	0.94615	5.08799	3.36869		
22:21:32	2000	1600	3333	1566	2	0.94414	5.08833	3.36103		
22:21:42	2000	1600	3333	1573	2	0.94438	5.08796	3.36173		
22:21:52	2000	1600	3333	1599	2	0.94528	5.08822	3.36543		
22:22:02	2000	1500	3333	1594	2	0.94511	5.08845	3.36490		
22:22:12	2000	1500	3333	1594	2	0.94511	5.08845	3.36490		
22:22:22	2000	1500	3333	1542	2	0.94329	5.08821	3.35760		
22:22:32	2000	1500	3333	1563	2	0.94403	5.08839	3.36065		
22:22:42	2000	1500	3333	1563	2	0.94403	5.08839	3.36065		
22:22:52	2000	1500	3333	1588	2	0.94491	5.08868	3.36429		
22:23:02	2000	1500	3333	1580	2	0.94464	5.08876	3.36328		
22:23:12	2000	1500	3333	1580	2	0.94464	5.08876	3.36328		
22:23:22	2000	1500	3333	1564	2	0.94407	5.08893	3.36113		
22:23:32	2000	1500	3333	1582	2	0.94468	5.08870	3.36340		
22:23:42	2000	1500	3333	1566	2	0.94414	5.08879	3.36132		
22:23:52	2000	1500	3333	1586	2	0.94485	5.08886	3.36415		
22:24:02	2000	1500	3333	1619	2	0.94594	5.08893	3.36847		
22:24:12	2000	1500	3333	1573	2	0.94439	5.08860	3.36217		
22:24:22	2000	1500	3333	1552	2	0.94365	5.08873	3.35938		
22:24:32	2000	1500	3333	1552	2	0.94365	5.08873	3.35938		
22:24:52	2000	1500	3333	1578	2	0.94455	5.08888	3.36300		
22:25:02	2000	1500	3333	1578	2	0.94455	5.08888	3.36300		
22:25:12	2000	1500	3333	1565	2	0.94412	5.08901	3.36140		
22:25:22	2000	1500	3333	1560	2	0.94394	5.08894	3.36065		
22:25:32	2000	1500	3333	1560	2	0.94394	5.08894	3.36065		
22:25:42	2000	1500	3333	1542	2	0.94331	5.08880	3.35809		
22:25:52	2000	1500	3333	1511	2	0.94218	5.08891	3.35373		
22:26:02	2000	1500	3333	1511	2	0.94218	5.08891	3.35373		
22:26:12	2000	1500	3333	1517	2	0.94239	5.08903	3.35461		
22:26:22	2000	1500	3333	1544	2	0.94339	5.08886	3.35844		
22:26:32	2000	1500	3333	1503	2	0.94187	5.08900	3.35255		
22:26:42	2000	1500	3333	1494	2	0.94154	5.08901	3.35127		
22:26:52	2000	1500	3333	1549	2	0.94354	5.08924	3.35927		
22:27:02	2000	1500	3333	1513	2	0.94224	5.08950	3.35433		
22:27:12	2000	1500	3333	1504	2	0.94191	5.08910	3.35278		
22:27:22	2000	1500	3333	1505	2	0.94197	5.08967	3.35339		
22:27:32	2000	1500	3333	1503	2	0.94189	5.08936	3.35286		
22:27:42	2000	1500	3333	1524	2	0.94266	5.08943	3.35593		
22:27:52	2000	1500	3333	1502	2	0.94185	5.08948	3.35281		
22:28:02	2000	1500	3333	1504	2	0.94193	5.08939	3.35306		
22:28:12	2000	1500	3333	1494	2	0.94154	5.09002	3.35194		
22:28:22	2000	1500	3333	1517	2	0.94239	5.08947	3.35493		
22:28:32	2000	1500	3333	1499	2	0.94172	5.09010	3.35270		
22:28:42	2000	1500	3333	1492	2	0.94147	5.08981	3.35152		
22:28:52	2000	1400	3333	1487	2	0.94128	5.08965	3.35066		
22:29:02	2000	1400	3333	1486	2	0.94123	5.08996	3.35067		
22:29:12	2000	1400	3333	1451	2	0.93986	5.08988	3.34526		
22:29:22	2000	1400	3333	1478	2	0.94094	5.09007	3.34962		
22:29:32	2000	1400	3333	1487	2	0.94129	5.08985	3.35083		
22:29:42	2000	1400	3333	1459	2	0.94018	5.09013	3.34667		
22:29:52	2000	1400	3333	1458	2	0.94012	5.09025	3.34652		
22:30:02	2000	1400	3333	1436	2	0.93925	5.09033	3.34314		
22:30:12	2000	1400	3333	1449	2	0.93979	5.08998	3.34505		
22:30:22	2000	1400	3333	1430	2	0.93900	5.08981	3.34185		
22:30:32	2000	1400	3333	1442	2	0.93950	5.08977	3.34378		
22:30:42	2000	1400	3333	1476	2	0.94085	5.08887	3.34846		
22:30:52	2000	1400	3333	1441	2	0.93945	5.08818	3.34251		
22:31:02	2000	1400	3333	1478	2	0.94092	5.08807	3.34824		
22:31:12	2000	1400	3333	1478	2	0.94092	5.08807	3.34824		
22:31:22	2000	1400	3333	1457	2	0.94011	5.08795	3.34496		
22:31:32	2000	1400	3333	1462	2	0.94031	5.08803	3.34580		
22:31:42	2000	1400	3333	1514	2	0.94230	5.08757	3.35330		
22:31:52	2000	1400	3333	1423	2	0.93870	5.08823	3.33962		
22:32:02	2000	1400	3333	1450	2	0.93981	5.08754	3.34350		
22:32:12	2000	1400	3333	1470	2	0.94059	5.08796	3.34687		
22:32:22	2000	1400	3333	1450	2	0.93984	5.08806	3.34397		
22:32:32	2000	1400	3333	1464	2	0.94037	5.08750	3.34569		
22:32:42	2000	1400	3333	1442	2	0.93949	5.08795	3.34253		
22:32:52	2000	1400	3333	1413	2	0.93831	5.08756	3.33763		
22:33:02	2000	1400	3333	1417	2	0.93844	5.08771	3.33826		
22:33:12	2000	1400	3333	1438	2	0.93933	5.08727	3.34144		
22:33:22	2000	1400	3333	1420	2	0.93858	5.08744	3.33863		
22:33:32	2000	1400	3333	1422	2	0.93866	5.08742	3.33891		
22:33:42	2000	1400	3333	1443	2	0.93954	5.08743	3.34240		
22:33:52	2000	1400	3333	1443	2	0.93954	5.08743	3.34240		
22:34:12	2000	1400	3333	1407	2	0.93802	5.08675	3.33597		
22:34:22	2000	1400	3333	1402	2	0.93782	5.08674	3.33517		
22:34:32	2000	1400	3333	1402	2	0.93782	5.08674	3.33517		
22:34:42	2000	1400	3333	1396	2	0.93755	5.08665	3.33405		
22:34:52	2000	1400	3333	1396	2	0.93755	5.08665	3.33405		
22:35:02	2000	1300	3333	1348	2	0.93544	5.08652	3.32569		
22:35:12	2000	1300	3333	1365	2	0.93618	5.08627	3.32845		
22:35:22	2000	1300	3333	1365	2	0.93618	5.08627	3.32845		
22:35:32	2000	1300	3333	1397	2	0.93763	5.08588	3.33387		
22:35:42	2000	1300	3333	1397	2	0.93763	5.08588	3.33387		
22:36:02	2000	1300	3333	1392	2	0.93739	5.08571	3.33281		
22:36:12	2000	1300	3333	1405	2	0.93795	5.08555	3.33492		
22:36:22	2000	1300	3333	1405	2	0.93795	5.08555	3.33492		
22:36:32	2000	1300	3333	1397	2	0.93759	5.08495	3.33311		
22:36:42	2000	1400	3333	1412	2	0.93825	5.08459	3.33546		
22:36:52	2000	1400	3333	1412	2	0.93825	5.08459	3.33546		
22:37:02	2000	1400	3333	1395	2	0.93752	5.08449	3.33252		
22:37:12	2000	1300	3333	1382	2	0.93694	5.08451	3.33029		
22:37:22	2000	1300	3333	1382	2	0.93694	5.08451	3.33029		
22:37:42	2000	1400	3333	1447	2	0.93971	5.08383	3.34069		
22:37:52	2000	1400	3333	1391	2	0.93736	5.08379	3.33144		
22:38:02	2000	1300	3333	1364	2	0.93616	5.08370	3.32670		
22:38:12	2000	1300	3333	1386	2	0.93713	5.08315	3.33011		
22:38:22	2000	1300	3333	1381	2	0.93693	5.08303	3.32926		
22:38:32	2000	1300	3333	1381	2	0.93693	5.08303	3.32926		
22:38:42	2000	1300	3333	1333	2	0.93470	5.08294	3.32047		
22:38:52	2000	1300	3333	1341	2	0.93511	5.08251	3.32178		
22:39:02	2000	1300	3333	1352	2	0.93562	5.08214	3.32354		
22:39:12	2000	1300	3333	1395	2	0.93752	5.08186	3.33080		
22:39:22	2000	1300	3333	1377	2	0.93674	5.07906	3.32592		
22:39:32	2000	1300	3333	1367	2	0.93629	5.07919	3.32425		
22:39:42	2000	1300	3333	1384	2	0.93705	5.07905	3.32713		
22:39:52	2000	1300	3333	1368	2	0.93635	5.07943	3.32462		
22:40:02	2000	1300	3333	1360	2	0.93597	5.07936	3.32309		
22:40:12	2000	1300	3333	1397	2	0.93760	5.07844	3.32889		
22:40:22	2000	1300	3333	1386	2	0.93711	5.07668	3.32580		
22:40:32	2000	1300	3333	1427	2	0.93887	5.07787	3.33348		
22:40:42	2000	1300	3333	1364	2	0.93613	5.07949	3.32382		
22:40:52	2000	1300	3333	1409	2	0.93811	5.07712	3.33002		
22:41:02	2000	1300	3333	1331	2	0.93461	5.07896	3.31751		
22:41:12	2000	1300	3333	1393	2	0.93742	5.07852	3.32822		
22:41:22	2000	1300	3333	1422	2	0.93867	5.07554	3.33118		
22:41:32	2000	1300	3333	1408	2	0.93810	5.07531	3.32877		
22:41:42	2000	1300	3333	1440	2	0.93939	5.07053	3.33071		
22:41:52	2000	1400	3333	1429	2	0.93895	5.07680	3.33308		
22:42:02	2000	1400	3333	1424	2	0.93877	5.07441	3.33080		
22:42:12	2000	1400	3333	1392	2	0.93739	5.07580	3.32634		
22:42:22	2000	1400	3333	1369	2	0.93639	5.07575	3.32237		
22:42:32	2000	1400	3333	1374	2	0.93660	5.07451	3.32241		
22:42:42	2000	1300	3333	1372	2	0.93650	5.07366	3.32146		
22:42:52	2000	1300	3333	1378	2	0.93678	5.07370	3.32256		
22:43:02	2000	1300	3333	1394	2	0.93748	5.07360	3.32523		
22:43:12	2000	1300	3333	1404	2	0.93789	5.07378	3.32697		
22:43:22	2000	1300	3333	1381	2	0.93692	5.07469	3.32376		
22:43:32	2000	1300	3333	1360	2	0.93599	5.07497	3.32029		
22:43:42	2000	1300	3333	1361	2	0.93602	5.07440	3.32007		
22:43:52	2000	1300	3333	1378	2	0.93675	5.07539	3.32357		
22:44:02	2000	1300	3333	1371	2	0.93645	5.07462	3.32188		
22:44:12	2000	1300	3333	1371	2	0.93645	5.07462	3.32188		
22:44:22	2000	1300	3333	1337	2	0.93492	5.07275	3.31466		
22:44:32	2000	1300	3333	1337	2	0.93492	5.07275	3.31466		
22:44:42	2000	1300	3333	1329	2	0.93450	5.07491	3.31445		
22:44:52	2000	1300	3333	1335	2	0.93480	5.07781	3.31751		
22:45:02	2000	1300	3333	1320	2	0.93409	5.07857	3.31524		
22:45:12	2000	1300	3333	1368	2	0.93633	5.07846	3.32393		
22:45:22	2000	1300	3333	1368	2	0.93633	5.07846	3.32393		
22:45:32	2000	1300	3333	1301	2	0.93316	5.07740	3.31080		
22:45:42	2000	1300	3333	1303	2	0.93325	5.07911	3.31228		
22:45:52	2000	1300	3333	1357	2	0.93583	5.07978	3.32284		
22:46:02	2000	1300	3333	1355	2	0.93575	5.07907	3.32204		
22:46:12	2000	1300	3333	1368	2	0.93633	5.07927	3.32445		
22:46:22	2000	1300	3333	1357	2	0.93583	5.07890	3.32224		
22:46:32	2000	1300	3333	1357	2	0.93583	5.07890	3.32224		
22:46:42	2000	1300	3333	1356	2	0.93577	5.07809	3.32149		
22:46:52	2000	1300	3333	1375	2	0.93663	5.07774	3.32462		
22:47:02	2000	1300	3333	1375	2	0.93663	5.07774	3.32462		
22:47:12	2000	1300	3333	1368	2	0.93631	5.07829	3.32372		
22:47:22	2000	1300	3333	1376	2	0.93667	5.07806	3.32500		
22:47:32	2000	1300	3333	1371	2	0.93645	5.07779	3.32394		
22:47:42	2000	1300	3333	1372	2	0.93651	5.07941	3.32524		
22:47:52	2000	1300	3333	1372	2	0.93651	5.07928	3.32517		
22:48:02	2000	1300	3333	1327	2	0.93440	5.07893	3.31669		
22:48:12	2000	1300	3333	1303	2	0.93328	5.07896	3.31231		
22:48:22	2000	1300	3333	1325	2	0.93432	5.07892	3.31636		
22:48:32	2000	1300	3333	1424	2	0.93875	5.07901	3.33376		
22:48:42	2000	1300	3333	1419	2	0.93855	5.07857	3.33267		
22:48:52	2000	1300	3333	1419	2	0.93855	5.07857	3.33267		
22:49:02	2000	1300	3333	1368	2	0.93632	5.07843	3.32388		
22:49:12	2000	1300	3333	1382	2	0.93696	5.07891	3.32669		
22:49:22	2000	1300	3333	1348	2	0.93540	5.07896	3.32062		
22:49:32	2000	1300	3333	1319	2	0.93402	5.07923	3.31538		
22:49:42	2000	1300	3333	1375	2	0.93666	5.07924	3.32574		
22:49:52	2000	1300	3333	1342	2	0.93511	5.07953	3.31986		
22:50:02	2000	1300	3333	1342	2	0.93511	5.07953	3.31986		
22:50:12	2000	1300	3333	1355	2	0.93572	5.07945	3.32217		
22:50:22	2000	1300	3333	1324	2	0.93428	5.07943	3.31653		
22:50:32	2000	1300	3333	1303	2	0.93325	5.07885	3.31212		
22:50:42	2000	1300	3333	1326	2	0.93437	5.07980	3.31714		
22:50:52	2000	1300	3333	1288	2	0.93251	5.07874	3.30914		
22:51:02	2000	1300	3333	1315	2	0.93387	5.07833	3.31419		
22:51:12	2000	1300	3333	1309	2	0.93355	5.07764	3.31252		
22:51:22	2000	1300	3333	1345	2	0.93529	5.07742	3.31916		
22:51:32	2000	1300	3333	1345	2	0.93529	5.07742	3.31916		
22:51:42	2000	1300	3333	1331	2	0.93461	5.07748	3.31654		
22:51:52	2000	1300	3333	1306	2	0.93339	5.07843	3.31239		
22:52:02	2000	1300	3333	1333	2	0.93471	5.07816	3.31738		
22:52:12	2000	1300	3333	1283	2	0.93224	5.07733	3.30718		
22:52:22	2000	1300	3333	1283	2	0.93224	5.07733	3.30718		
22:52:32	2000	1300	3333	1288	2	0.93252	5.07620	3.30754		
22:52:42	2000	1200	3333	1278	2	0.93202	5.07721	3.30625		
22:52:52	2000	1200	3333	1303	2	0.93324	5.07697	3.31085		
22:53:02	2000	1200	3333	1318	2	0.93398	5.07855	3.31479		
22:53:12	2000	1200	3333	1314	2	0.93378	5.08059	3.31531		
22:53:22	2000	1200	3333	1302	2	0.93320	5.08026	3.31283		
22:53:32	2000	1200	3333	1290	2	0.93261	5.08100	3.31102		
22:53:42	2000	1300	3333	1290	2	0.93261	5.08100	3.31102		
22:54:02	2000	1200	3333	1286	2	0.93240	5.08083	3.31007		
22:54:12	2000	1200	3333	1265	2	0.93132	5.08012	3.30539		
22:54:22	2000	1200	3333	1265	2	0.93132	5.08012	3.30539		
22:54:32	2000	1200	3333	1253	2	0.93071	5.08100	3.30358		
22:54:42	2000	1200	3333	1253	2	0.93071	5.08100	3.30358		
22:54:52	2000	1200	3333	1290	2	0.93263	5.08074	3.31092		
22:55:02	2000	1200	3333	1290	2	0.93263	5.08074	3.31092		
22:55:22	2000	1200	3333	1248	2	0.93044	5.08075	3.30236		
22:55:32	2000	1200	3332	1230	2	0.92946	5.08087	3.29857		
22:55:42	2000	1200	3323	1230	2	0.92946	5.08087	3.29857		
22:56:02	2000	1200	3333	1290	2	0.93262	5.08075	3.31087		
22:56:12	2000	1200	3333	1280	2	0.93210	5.08122	3.30916		
22:56:22	2000	1200	3330	1284	2	0.93232	5.08025	3.30937		
22:56:32	2000	1200	3333	1271	2	0.93165	5.08065	3.30703		
22:56:42	2000	1200	3333	1255	2	0.93078	5.08055	3.30356		
22:56:52	2000	1200	3333	1234	2	0.92969	5.08095	3.29953		
22:57:02	2000	1200	3321	1210	2	0.92834	5.08123	3.29444		
22:57:12	2000	1200	3309	1246	2	0.93032	5.08052	3.30173		
22:57:22	2000	1200	3297	1252	2	0.93061	5.08077	3.30304		
22:57:32	2000	1200	3287	1241	2	0.93006	5.08120	3.30114		
22:57:42	2000	1200	3287	1256	2	0.93086	5.08111	3.30424		
22:57:52	2000	1200	3292	1248	2	0.93040	5.08113	3.30244		
22:58:02	2000	1200	3300	1235	2	0.92972	5.08139	3.29995		
22:58:12	2000	1200	3302	1251	2	0.93058	5.08208	3.30377		
22:58:22	2000	1200	3305	1260	2	0.93109	5.08100	3.30505		
22:58:32	2000	1200	3312	1260	2	0.93109	5.08100	3.30505		
22:58:42	2000	1200	3296	1212	2	0.92842	5.08151	3.29493		
22:58:52	2000	1200	3283	1209	2	0.92829	5.08153	3.29442		
22:59:02	2000	1200	3279	1225	2	0.92918	5.08112	3.29765		
22:59:12	2000	1200	3283	1261	2	0.93113	5.08018	3.30469		
22:59:22	2000	1200	3291	1284	2	0.93232	5.07916	3.30869		
22:59:32	2000	1200	3292	1262	2	0.93115	5.08073	3.30512		
22:59:42	2000	1200	3312	1269	2	0.93156	5.08022	3.30639		
22:59:52	2000	1200	3333	1288	2	0.93253	5.08008	3.31010		
23:00:02	2000	1200	3333	1288	2	0.93253	5.08008	3.31010		
23:00:12	2000	1200	3333	1258	2	0.93094	5.07989	3.30373		
23:00:22	2000	1200	3333	1227	2	0.92926	5.07978	3.29710		
23:00:32	2000	1200	3329	1230	2	0.92945	5.07761	3.29643		
23:00:42	2000	1200	3328	1264	2	0.93128	5.08168	3.30626		
23:00:52	2000	1200	3320	1266	2	0.93139	5.08093	3.30619		
23:01:02	2000	1200	3307	1250	2	0.93055	5.07956	3.30200		
23:01:12	2000	1200	3310	1268	2	0.93147	5.08007	3.30595		
23:01:22	2000	1200	3331	1285	2	0.93238	5.07955	3.30915		
23:01:32	2000	1200	3333	1285	2	0.93238	5.07955	3.30915		
23:01:42	2000	1200	3333	1280	2	0.93210	5.07936	3.30794		
23:01:52	2000	1200	3333	1295	2	0.93284	5.07762	3.30972		
23:02:02	2000	1200	3333	1295	2	0.93284	5.07762	3.30972		
23:02:22	2000	1200	3333	1354	2	0.93569	5.06157	3.31038		
23:02:32	2000	1200	3333	1264	2	0.93127	5.07729	3.30333		
23:02:42	2000	1200	3333	1239	2	0.92993	5.08413	3.30253		
23:02:52	2000	1200	3333	1291	2	0.93267	5.08478	3.31372		
23:03:02	2000	1200	3333	1258	2	0.93098	5.08542	3.30749		
23:03:12	2000	1200	3333	1262	2	0.93114	5.08547	3.30817		
23:03:22	2000	1200	3333	1280	2	0.93208	5.08534	3.31177		
23:03:32	2000	1200	3333	1294	2	0.93279	5.08574	3.31481		
23:03:42	2000	1200	3333	1276	2	0.93191	5.08562	3.31127		
23:03:52	2000	1200	3333	1261	2	0.93110	5.08556	3.30806		
23:04:02	2000	1200	3333	1252	2	0.93065	5.08576	3.30641		
23:04:12	2000	1200	3333	1260	2	0.93108	5.08553	3.30795		
23:04:22	2000	1200	3333	1285	2	0.93234	5.08554	3.31290		
23:04:32	2000	1200	3333	1298	2	0.93300	5.08587	3.31571		
23:04:42	2000	1200	3333	1281	2	0.93216	5.08604	3.31252		
23:04:52	2000	1200	3333	1281	2	0.93216	5.08604	3.31252		
23:05:02	2000	1200	3333	1288	2	0.93250	5.08650	3.31415		
23:05:12	2000	1200	3333	1297	2	0.93299	5.08633	3.31596		
23:05:22	2000	1200	3333	1276	2	0.93191	5.08604	3.31155		
23:05:32	2000	1200	3333	1274	2	0.93181	5.08631	3.31133		
23:05:42	2000	1200	3333	1290	2	0.93261	5.08584	3.31416		
23:05:52	2000	1200	3333	1256	2	0.93083	5.08595	3.30724		
23:06:02	2000	1200	3333	1287	2	0.93248	5.08608	3.31381		
23:06:12	2000	1200	3333	1276	2	0.93190	5.08605	3.31150		
23:06:22	2000	1200	3333	1238	2	0.92986	5.08605	3.30350		
23:06:32	2000	1200	3333	1314	2	0.93378	5.08584	3.31874		
23:06:42	2000	1200	3333	1310	2	0.93363	5.08589	3.31819		
23:06:52	2000	1200	3333	1286	2	0.93239	5.08581	3.31330		
23:07:02	2000	1200	3333	1280	2	0.93208	5.08627	3.31237		
23:07:12	2000	1200	3333	1233	2	0.92958	5.08569	3.30219		
23:07:22	2000	1200	3333	1255	2	0.93079	5.08566	3.30691		
23:07:32	2000	1200	3333	1258	2	0.93093	5.08540	3.30730		
23:07:42	2000	1200	3333	1261	2	0.93109	5.08554	3.30802		
23:07:52	2000	1200	3316	1237	2	0.92982	5.08569	3.30311		
23:08:02	2000	1200	3307	1255	2	0.93082	5.08552	3.30693		
23:08:12	2000	1200	3320	1268	2	0.93146	5.08554	3.30947		
23:08:22	2000	1200	3324	1268	2	0.93146	5.08554	3.30947		
23:08:32	2000	1200	3327	1267	2	0.93141	5.08541	3.30916		
23:08:42	2000	1200	3333	1300	2	0.93310	5.08576	3.31604		
23:08:52	2000	1200	3333	1300	2	0.93310	5.08576	3.31604		
23:09:02	2000	1200	3333	1273	2	0.93176	5.08616	3.31104		
23:09:12	2000	1200	3333	1263	2	0.93121	5.08576	3.30862		
23:09:22	2000	1200	3333	1275	2	0.93182	5.08556	3.31090		
23:09:32	2000	1200	3333	1270	2	0.93157	5.08556	3.30991		
23:09:42	2000	1200	3333	1274	2	0.93178	5.08587	3.31092		
23:09:52	2000	1200	3333	1279	2	0.93208	5.08639	3.31243		
23:10:02	2000	1200	3333	1249	2	0.93048	5.08630	3.30610		
23:10:12	2000	1200	3333	1246	2	0.93032	5.08531	3.30484		
23:10:22	2000	1200	3333	1266	2	0.93137	5.08535	3.30899		
23:10:32	2000	1200	3332	1252	2	0.93066	5.08497	3.30594		
23:10:42	2000	1200	3329	1267	2	0.93145	5.08535	3.30931		
23:10:52	2000	1200	3332	1287	2	0.93244	5.08458	3.31267		
23:11:02	2000	1200	3333	1269	2	0.93154	5.08428	3.30895		
23:11:12	2000	1200	3333	1277	2	0.93193	5.08408	3.31036		
23:11:22	2000	1200	3333	1267	2	0.93143	5.08389	3.30828		
23:11:32	2000	1200	3333	1249	2	0.93048	5.08419	3.30475		
23:11:42	2000	1200	3333	1254	2	0.93073	5.08406	3.30563		
23:11:52	2000	1200	3333	1259	2	0.93103	5.08389	3.30672		
23:12:02	2000	1200	3332	1262	2	0.93116	5.08393	3.30722		
23:12:12	2000	1200	3321	1245	2	0.93026	5.08402	3.30375		
23:12:22	2000	1200	3309	1234	2	0.92969	5.08411	3.30158		
23:12:32	2000	1200	3305	1235	2	0.92974	5.08457	3.30209		
23:12:42	2000	1200	3292	1219	2	0.92884	5.08436	3.29844		
23:12:52	2000	1200	3282	1230	2	0.92947	5.08376	3.30049		
23:13:02	2000	1200	3271	1230	2	0.92947	5.08376	3.30049		
23:13:32	2000	1200	3261	1217	2	0.92870	5.08457	3.29802		
23:13:42	2000	1200	3255	1217	2	0.92870	5.08457	3.29802		
23:13:52	2000	1200	3258	1246	2	0.93030	5.08311	3.30335		
23:14:02	2000	1200	3264	1236	2	0.92975	5.08351	3.30143		
23:14:12	2000	1200	3265	1233	2	0.92961	5.08409	3.30126		
23:14:22	2000	1200	3266	1233	2	0.92961	5.08409	3.30126		
23:14:32	2000	1200	3265	1213	2	0.92850	5.08411	3.29692		
23:14:42	2000	1200	3264	1213	2	0.92850	5.08411	3.29692		
23:14:52	2000	1200	3249	1205	2	0.92801	5.08424	3.29507		
23:15:02	2000	1200	3240	1209	2	0.92826	5.08433	3.29614		
23:15:12	2000	1200	3235	1221	2	0.92896	5.08334	3.29823		
23:15:22	2000	1200	3231	1221	2	0.92896	5.08334	3.29823		
23:15:32	2000	1200	3232	1215	2	0.92861	5.08377	3.29715		
23:15:42	2000	1200	3233	1217	2	0.92870	5.08426	3.29780		
23:15:52	2000	1200	3243	1231	2	0.92952	5.08311	3.30026		
23:16:02	2000	1200	3255	1244	2	0.93019	5.08436	3.30373		
23:16:12	2000	1200	3269	1260	2	0.93106	5.08461	3.30730		
23:16:22	2000	1200	3276	1243	2	0.93013	5.08441	3.30353		
23:16:32	2000	1200	3287	1246	2	0.93032	5.08472	3.30444		
23:16:42	2000	1200	3303	1262	2	0.93119	5.08390	3.30733		
23:16:52	2000	1200	3311	1253	2	0.93068	5.08349	3.30507		
23:17:02	2000	1200	3314	1253	2	0.93068	5.08349	3.30507		
23:17:12	2000	1200	3305	1235	2	0.92973	5.08392	3.30163		
23:17:22	2000	1200	3306	1245	2	0.93026	5.08426	3.30394		
23:17:32	2000	1200	3308	1252	2	0.93065	5.08413	3.30538		
23:17:42	2000	1200	3310	1267	2	0.93143	5.08441	3.30860		
23:17:52	2000	1200	3315	1267	2	0.93145	5.08483	3.30894		
23:18:02	2000	1200	3323	1276	2	0.93189	5.08497	3.31076		
23:18:12	2000	1200	3333	1273	2	0.93175	5.08480	3.31012		
23:18:22	2000	1200	3333	1283	2	0.93228	5.08509	3.31237		
23:18:32	2000	1200	3333	1293	2	0.93276	5.08466	3.31399		
23:18:42	2000	1200	3333	1283	2	0.93224	5.08496	3.31213		
23:18:52	2000	1200	3333	1285	2	0.93234	5.08430	3.31212		
23:19:02	2000	1200	3333	1302	2	0.93319	5.08443	3.31551		
23:19:12	2000	1200	3333	1300	2	0.93311	5.08468	3.31535		
23:19:22	2000	1200	3333	1286	2	0.93243	5.08511	3.31297		
23:19:32	2000	1200	3333	1283	2	0.93226	5.08475	3.31210		
23:19:42	2000	1200	3333	1302	2	0.93319	5.08467	3.31567		
23:19:52	2000	1200	3333	1289	2	0.93256	5.08499	3.31341		
23:20:02	2000	1200	3333	1287	2	0.93247	5.08484	3.31298		
23:20:12	2000	1200	3333	1264	2	0.93130	5.08434	3.30804		
23:20:22	2000	1200	3333	1299	2	0.93304	5.08503	3.31533		
23:20:32	2000	1300	3333	1367	2	0.93630	5.08499	3.32808		
23:20:42	2000	1300	3333	1329	2	0.93450	5.08511	3.32111		
23:20:52	2000	1300	3333	1355	2	0.93573	5.08524	3.32601		
23:21:02	2000	1300	3333	1325	2	0.93434	5.08488	3.32031		
23:21:12	2000	1300	3333	1351	2	0.93555	5.08486	3.32507		
23:21:22	2000	1300	3333	1363	2	0.93610	5.08552	3.32765		
23:21:32	2000	1300	3333	1367	2	0.93629	5.08488	3.32796		
23:21:42	2000	1300	3333	1352	2	0.93561	5.08452	3.32505		
23:21:52	2000	1300	3333	1329	2	0.93451	5.08540	3.32132		
23:22:02	2000	1300	3333	1363	2	0.93611	5.08505	3.32737		
23:22:12	2000	1300	3333	1344	2	0.93522	5.08522	3.32401		
23:22:22	2000	1300	3333	1362	2	0.93604	5.08502	3.32708		
23:22:32	2000	1300	3333	1355	2	0.93576	5.08463	3.32572		
23:22:42	2000	1300	3333	1419	2	0.93853	5.08508	3.33690		
23:22:52	2000	1300	3333	1419	2	0.93853	5.08508	3.33690		
23:23:02	2000	1300	3333	1407	2	0.93804	5.08471	3.33471		
23:23:12	2000	1300	3333	1411	2	0.93821	5.08465	3.33536		
23:23:22	2000	1400	3333	1411	2	0.93821	5.08465	3.33536		
23:23:32	2000	1400	3333	1407	2	0.93806	5.08474	3.33480		
23:23:42	2000	1400	3333	1355	2	0.93573	5.08467	3.32564		
23:23:52	2000	1400	3333	1416	2	0.93841	5.08450	3.33605		
23:24:02	2000	1400	3333	1433	2	0.93912	5.08481	3.33902		
23:24:12	2000	1400	3333	1427	2	0.93890	5.08444	3.33790		
23:24:22	2000	1400	3333	1417	2	0.93846	5.08506	3.33658		
23:24:32	2000	1400	3333	1386	2	0.93712	5.08436	3.33088		
23:24:42	2000	1400	3333	1371	2	0.93647	5.08438	3.32834		
23:24:52	2000	1300	3333	1362	2	0.93604	5.08465	3.32685		
23:25:02	2000	1300	3333	1399	2	0.93769	5.08487	3.33347		
23:25:12	2000	1300	3333	1404	2	0.93792	5.08505	3.33446		
23:25:22	2000	1300	3333	1396	2	0.93758	5.08503	3.33311		
23:25:32	2000	1300	3333	1390	2	0.93731	5.08508	3.33208		
23:25:42	2000	1300	3333	1363	2	0.93610	5.08539	3.32756		
23:25:52	2000	1300	3333	1381	2	0.93692	5.08543	3.33080		
23:26:02	2000	1300	3333	1385	2	0.93710	5.08579	3.33174		
23:26:12	2000	1300	3333	1385	2	0.93710	5.08579	3.33174		
23:26:22	2000	1300	3333	1387	2	0.93716	5.08580	3.33198		
23:26:32	2000	1300	3333	1397	2	0.93760	5.08623	3.33399		
23:26:42	2000	1300	3333	1355	2	0.93572	5.08636	3.32672		
23:26:52	2000	1300	3333	1407	2	0.93802	5.08604	3.33552		
23:27:02	2000	1300	3333	1370	2	0.93642	5.08584	3.32912		
23:27:12	2000	1300	3333	1373	2	0.93654	5.08606	3.32973		
23:27:22	2000	1300	3333	1381	2	0.93690	5.08616	3.33119		
23:27:32	2000	1300	3333	1358	2	0.93588	5.08565	3.32687		
23:27:42	2000	1300	3333	1369	2	0.93638	5.08593	3.32900		
23:27:52	2000	1300	3333	1348	2	0.93541	5.08592	3.32521		
23:28:02	2000	1300	3333	1361	2	0.93601	5.08607	3.32766		
23:28:12	2000	1300	3333	1380	2	0.93688	5.08626	3.33117		
23:28:22	2000	1300	3333	1350	2	0.93551	5.08552	3.32531		
23:28:32	2000	1300	3333	1356	2	0.93578	5.08562	3.32646		
23:28:42	2000	1300	3333	1359	2	0.93591	5.08526	3.32671		
23:28:52	2000	1300	3333	1360	2	0.93598	5.08496	3.32682		
23:29:02	2000	1300	3333	1346	2	0.93532	5.08483	3.32415		
23:29:12	2000	1300	3333	1367	2	0.93627	5.08466	3.32774		
23:29:22	2000	1300	3333	1333	2	0.93471	5.08466	3.32163		
23:29:32	2000	1300	3333	1328	2	0.93446	5.08506	3.32091		
23:29:42	2000	1300	3333	1358	2	0.93587	5.08510	3.32645		
23:29:52	2000	1300	3333	1345	2	0.93527	5.08551	3.32437		
23:30:02	2000	1300	3333	1345	2	0.93527	5.08551	3.32437		
23:30:12	2000	1300	3333	1339	2	0.93502	5.08335	3.32198		
23:30:22	2000	1300	3333	1363	2	0.93612	5.08339	3.32631		
23:30:32	2000	1300	3333	1328	2	0.93447	5.08399	3.32027		
23:30:42	2000	1300	3333	1324	2	0.93429	5.08492	3.32014		
23:30:52	2000	1300	3333	1324	2	0.93426	5.08411	3.31951		
23:31:02	2000	1300	3333	1324	2	0.93426	5.08411	3.31951		
23:31:12	2000	1300	3333	1321	2	0.93413	5.08495	3.31954		
23:31:22	2000	1300	3333	1363	2	0.93609	5.08519	3.32739		
23:31:32	2000	1300	3333	1315	2	0.93385	5.08542	3.31874		
23:31:42	2000	1300	3333	1377	2	0.93673	5.08501	3.32977		
23:31:52	2000	1300	3333	1347	2	0.93535	5.08495	3.32434		
23:32:02	2000	1300	3333	1338	2	0.93495	5.08510	3.32284		
23:32:12	2000	1300	3333	1347	2	0.93536	5.08496	3.32438		
23:32:22	2000	1300	3333	1351	2	0.93555	5.08553	3.32548		
23:32:32	2000	1300	3333	1353	2	0.93566	5.08531	3.32578		
23:32:42	2000	1300	3333	1333	2	0.93471	5.08575	3.32236		
23:32:52	2000	1300	3333	1321	2	0.93413	5.08495	3.31956		
23:33:02	2000	1300	3333	1321	2	0.93413	5.08495	3.31956		
23:33:12	2000	1300	3333	1343	2	0.93516	5.08502	3.32364		
23:33:22	2000	1300	3333	1359	2	0.93592	5.08501	3.32661		
23:33:32	2000	1300	3333	1396	2	0.93757	5.08588	3.33365		
23:33:42	2000	1300	3333	1380	2	0.93688	5.08578	3.33089		
23:33:52	2000	1300	3333	1380	2	0.93688	5.08578	3.33089		
23:34:12	2000	1300	3333	1354	2	0.93568	5.08521	3.32579		
23:34:22	2000	1300	3333	1354	2	0.93568	5.08521	3.32579		
23:34:32	2000	1300	3333	1371	2	0.93645	5.08429	3.32820		
23:34:42	2000	1300	3333	1377	2	0.93673	5.08390	3.32906		
23:34:52	2000	1300	3333	1360	2	0.93596	5.08341	3.32570		
23:35:02	2000	1300	3333	1385	2	0.93707	5.08415	3.33053		
23:35:12	2000	1300	3333	1377	2	0.93674	5.08456	3.32954		
23:35:22	2000	1300	3333	1360	2	0.93595	5.08380	3.32592		
23:35:32	2000	1300	3333	1401	2	0.93778	5.08387	3.33313		
23:35:42	2000	1300	3333	1389	2	0.93726	5.08384	3.33109		
23:35:52	2000	1300	3333	1399	2	0.93771	5.08311	3.33239		
23:36:02	2000	1300	3333	1355	2	0.93576	5.08364	3.32506		
23:36:12	2000	1300	3333	1400	2	0.93773	5.08363	3.33281		
23:36:22	2000	1300	3333	1377	2	0.93675	5.08312	3.32862		
23:36:32	2000	1300	3333	1382	2	0.93694	5.08300	3.32929		
23:36:42	2000	1300	3333	1344	2	0.93524	5.08321	3.32275		
23:36:52	2000	1300	3333	1344	2	0.93524	5.08321	3.32275		
23:37:02	2000	1300	3333	1389	2	0.93724	5.08250	3.33015		
23:37:12	2000	1300	3333	1460	2	0.94023	5.08252	3.34185		
23:37:22	2000	1300	3333	1429	2	0.93898	5.08179	3.33648		
23:37:32	2000	1300	3333	1423	2	0.93872	5.08185	3.33550		
23:37:42	2000	1400	3333	1407	2	0.93806	5.08168	3.33280		
23:37:52	2000	1400	3333	1403	2	0.93785	5.08153	3.33189		
23:38:02	2000	1400	3333	1459	2	0.94018	5.08132	3.34088		
23:38:12	2000	1400	3333	1440	2	0.93941	5.08147	3.33796		
23:38:22	2000	1400	3333	1414	2	0.93832	5.08113	3.33347		
23:38:32	2000	1400	3333	1487	2	0.94128	5.08142	3.34525		
23:38:42	2000	1400	3333	1515	2	0.94231	5.08122	3.34915		
23:38:52	2000	1400	3333	1494	2	0.94154	5.08103	3.34600		
23:39:02	2000	1400	3333	1522	2	0.94260	5.08081	3.35002		
23:39:12	2000	1400	3333	1468	2	0.94054	5.07996	3.34139		
23:39:22	2000	1500	3333	1525	2	0.94268	5.07953	3.34950		
23:39:32	2000	1500	3333	1516	2	0.94234	5.07968	3.34828		
23:39:42	2000	1500	3333	1496	2	0.94160	5.07960	3.34533		
23:39:52	2000	1500	3333	1525	2	0.94269	5.07937	3.34942		
23:40:02	2000	1400	3333	1450	2	0.93980	5.07949	3.33820		
23:40:12	2000	1500	3333	1523	2	0.94261	5.07908	3.34894		
23:40:22	2000	1400	3333	1474	2	0.94075	5.07994	3.34222		
23:40:32	2000	1400	3333	1506	2	0.94199	5.07908	3.34651		
23:40:42	2000	1400	3333	1477	2	0.94090	5.08010	3.34288		
23:40:52	2000	1400	3333	1523	2	0.94261	5.07968	3.34931		
23:41:02	2000	1500	3333	1530	2	0.94289	5.08012	3.35069		
23:41:12	2000	1500	3333	1521	2	0.94255	5.07957	3.34903		
23:41:22	2000	1500	3333	1535	2	0.94306	5.07974	3.35114		
23:41:32	2000	1500	3333	1497	2	0.94167	5.07961	3.34558		
23:41:42	2000	1500	3333	1605	2	0.94546	5.07946	3.36034		
23:41:52	2000	1500	3333	1533	2	0.94298	5.07996	3.35095		
23:42:02	2000	1500	3333	1529	2	0.94284	5.07956	3.35014		
23:42:12	2000	1500	3333	1500	2	0.94176	5.07978	3.34607		
23:42:22	2000	1500	3333	1529	2	0.94282	5.08025	3.35052		
23:42:32	2000	1500	3333	1501	2	0.94182	5.08058	3.34681		
23:42:42	2000	1500	3333	1498	2	0.94168	5.08080	3.34643		
23:42:52	2000	1500	3333	1461	2	0.94027	5.08074	3.34084		
23:43:02	2000	1500	3333	1556	2	0.94381	5.08050	3.35456		
23:43:12	2000	1500	3333	1503	2	0.94187	5.08053	3.34698		
23:43:22	2000	1400	3333	1482	2	0.94109	5.08040	3.34384		
23:43:32	2000	1400	3333	1462	2	0.94030	5.08011	3.34055		
23:43:42	2000	1400	3333	1541	2	0.94326	5.08059	3.35246		
23:43:52	2000	1500	3333	1492	2	0.94145	5.08185	3.34621		
23:44:02	2000	1400	3333	1498	2	0.94169	5.08168	3.34702		
23:44:12	2000	1400	3333	1486	2	0.94123	5.08142	3.34504		
23:44:22	2000	1400	3333	1488	2	0.94132	5.08176	3.34564		
23:44:32	2000	1400	3333	1465	2	0.94042	5.08165	3.34205		
23:44:42	2000	1400	3333	1490	2	0.94137	5.08167	3.34577		
23:44:52	2000	1400	3333	1506	2	0.94199	5.08158	3.34815		
23:45:02	2000	1400	3333	1501	2	0.94181	5.08137	3.34728		
23:45:12	2000	1400	3333	1487	2	0.94127	5.08150	3.34526		
23:45:22	2000	1400	3333	1487	2	0.94127	5.08150	3.34526		
23:45:32	2000	1400	3333	1507	2	0.94202	5.08154	3.34823		
23:45:42	2000	1400	3333	1505	2	0.94196	5.08174	3.34814		
23:45:52	2000	1400	3333	1505	2	0.94196	5.08174	3.34814		
23:46:02	2000	1400	3333	1474	2	0.94078	5.08214	3.34378		
23:46:12	2000	1400	3333	1485	2	0.94119	5.08211	3.34536		
23:46:22	2000	1400	3333	1466	2	0.94046	5.08223	3.34259		
23:46:32	2000	1400	3333	1451	2	0.93987	5.08246	3.34041		
23:46:42	2000	1400	3333	1454	2	0.93996	5.08249	3.34080		
23:46:52	2000	1400	3333	1454	2	0.93996	5.08249	3.34080		
23:47:02	2000	1400	3333	1450	2	0.93980	5.08298	3.34048		
23:47:12	2000	1400	3333	1502	2	0.94185	5.08281	3.34839		
23:47:22	2000	1400	3333	1460	2	0.94021	5.08318	3.34221		
23:47:32	2000	1400	3333	1444	2	0.93959	5.08256	3.33940		
23:47:42	2000	1400	3333	1447	2	0.93970	5.08301	3.34012		
23:47:52	2000	1400	3333	1450	2	0.93983	5.08283	3.34052		
23:48:02	2000	1400	3333	1456	2	0.94005	5.08334	3.34170		
23:48:12	2000	1400	3333	1442	2	0.93949	5.08291	3.33922		
23:48:22	2000	1400	3333	1444	2	0.93956	5.08342	3.33982		
23:48:32	2000	1400	3333	1447	2	0.93969	5.08363	3.34049		
23:48:42	2000	1400	3333	1424	2	0.93875	5.08353	3.33672		
23:48:52	2000	1400	3333	1434	2	0.93918	5.08407	3.33876		
23:49:02	2000	1400	3333	1412	2	0.93826	5.08377	3.33496		
23:49:12	2000	1400	3333	1422	2	0.93867	5.08458	3.33711		
23:49:22	2000	1400	3333	1418	2	0.93849	5.08432	3.33624		
23:49:32	2000	1400	3333	1402	2	0.93781	5.08417	3.33348		
23:49:42	2000	1400	3333	1430	2	0.93900	5.08412	3.33811		
23:49:52	2000	1400	3333	1392	2	0.93740	5.08452	3.33210		
23:50:02	2000	1400	3333	1392	2	0.93738	5.08429	3.33187		
23:50:12	2000	1400	3333	1386	2	0.93715	5.08467	3.33120		
23:50:22	2000	1400	3333	1408	2	0.93807	5.08452	3.33473		
23:50:32	2000	1400	3333	1407	2	0.93803	5.08476	3.33470		
23:50:42	2000	1300	3333	1379	2	0.93681	5.08492	3.33002		
23:50:52	2000	1300	3333	1378	2	0.93675	5.08497	3.32985		
23:51:02	2000	1300	3333	1391	2	0.93734	5.08479	3.33201		
23:51:12	2000	1300	3333	1391	2	0.93734	5.08479	3.33201		
23:51:22	2000	1300	3333	1383	2	0.93699	5.08606	3.33150		
23:51:32	2000	1300	3333	1389	2	0.93724	5.08571	3.33223		
23:51:42	2000	1300	3333	1380	2	0.93684	5.08554	3.33057		
23:51:52	2000	1300	3333	1389	2	0.93727	5.08580	3.33243		
23:52:02	2000	1300	3333	1364	2	0.93616	5.08611	3.32828		
23:52:12	2000	1300	3333	1356	2	0.93576	5.08556	3.32635		
23:52:22	2000	1300	3333	1372	2	0.93650	5.08591	3.32945		
23:52:32	2000	1300	3333	1364	2	0.93613	5.08632	3.32827		
23:52:42	2000	1300	3333	1370	2	0.93643	5.08608	3.32932		
23:52:52	2000	1300	3333	1377	2	0.93674	5.08589	3.33038		
23:53:02	2000	1300	3333	1381	2	0.93692	5.08611	3.33126		
23:53:12	2000	1300	3333	1365	2	0.93619	5.08600	3.32831		
23:53:22	2000	1300	3333	1356	2	0.93579	5.08653	3.32707		
23:53:32	2000	1300	3333	1356	2	0.93579	5.08653	3.32707		
23:53:42	2000	1300	3333	1354	2	0.93570	5.08638	3.32664		
23:53:52	2000	1300	3333	1354	2	0.93570	5.08638	3.32664		
23:54:02	2000	1300	3333	1358	2	0.93587	5.08684	3.32761		
23:54:12	2000	1300	3333	1363	2	0.93612	5.08684	3.32859		
23:54:22	2000	1300	3333	1362	2	0.93606	5.08693	3.32842		
23:54:32	2000	1300	3333	1345	2	0.93527	5.08689	3.32527		
23:54:42	2000	1300	3333	1358	2	0.93589	5.08695	3.32774		
23:54:52	2000	1300	3333	1351	2	0.93556	5.08738	3.32675		
23:55:02	2000	1300	3333	1339	2	0.93497	5.08779	3.32470		
23:55:12	2000	1300	3333	1339	2	0.93497	5.08779	3.32470		
23:55:22	2000	1300	3333	1347	2	0.93538	5.08820	3.32657		
23:55:32	2000	1300	3333	1346	2	0.93533	5.08771	3.32604		
23:55:42	2000	1300	3333	1324	2	0.93428	5.08776	3.32195		
23:55:52	2000	1300	3333	1324	2	0.93428	5.08776	3.32195		
23:56:02	2000	1300	3333	1319	2	0.93406	5.08798	3.32123		
23:56:12	2000	1300	3333	1337	2	0.93491	5.08793	3.32455		
23:56:22	2000	1300	3333	1364	2	0.93617	5.08786	3.32943		
23:56:32	2000	1300	3333	1338	2	0.93496	5.08839	3.32505		
23:56:42	2000	1300	3333	1370	2	0.93643	5.08820	3.33069		
23:56:52	2000	1300	3333	1370	2	0.93643	5.08820	3.33069		
23:57:02	2000	1300	3333	1356	2	0.93579	5.08854	3.32839		
23:57:12	2000	1300	3333	1316	2	0.93391	5.08843	3.32097		
23:57:22	2000	1300	3333	1367	2	0.93627	5.08818	3.33003		
23:57:32	2000	1300	3333	1322	2	0.93417	5.08818	3.32182		
23:57:42	2000	1300	3333	1317	2	0.93393	5.08830	3.32095		
23:57:52	2000	1300	3333	1345	2	0.93528	5.08833	3.32625		
23:58:02	2000	1300	3333	1323	2	0.93422	5.08848	3.32219		
23:58:12	2000	1300	3333	1334	2	0.93475	5.08834	3.32421		
23:58:22	2000	1300	3333	1334	2	0.93475	5.08834	3.32421		
23:58:32	2000	1300	3333	1321	2	0.93415	5.08886	3.32216		
23:58:42	2000	1300	3333	1321	2	0.93412	5.08915	3.32226		
23:58:52	2000	1300	3333	1342	2	0.93514	5.08877	3.32600		
23:59:02	2000	1300	3333	1335	2	0.93481	5.08891	3.32479		
23:59:12	2000	1300	3333	1335	2	0.93481	5.08891	3.32479		
23:59:22	2000	1300	3333	1332	2	0.93468	5.08967	3.32480		
23:59:32	2000	1300	3333	1331	2	0.93462	5.09006	3.32481		
23:59:42	2000	1300	3333	1331	2	0.93462	5.09006	3.32481		
23:59:52	2000	1300	3333	1356	2	0.93579	5.09022	3.32951		
