

			DELHI AIRPORT : 30 m Base line


Time	RVR	 MOR	RVR	MOR	BLM	Trf	 Ref(v)	PD(v)
	(limited)	(limited)	(actual)	(actual)

05:53:16	2000	3000	1659	9955	3780	0.99100	1.10335	4.08890		
05:53:26	2000	3000	3318	9955	3769	0.99100	1.10335	4.08910		


			DELHI AIRPORT : 30 m Base line


Time	RVR	 MOR	RVR	MOR	BLM	Trf	 Ref(v)	PD(v)
	(limited)	(limited)	(actual)	(actual)

05:55:59	2000	3000	1659	9955	3861	0.99100	1.10310	4.09132		
05:56:09	2000	3000	3318	9955	3859	0.99100	1.10277	4.08636		
05:56:19	2000	3000	3333	9955	3841	0.99100	1.10276	4.08749		
05:56:30	2000	3000	3333	9955	3851	0.99100	1.10292	4.08338		
05:56:40	2000	3000	3333	9955	3839	0.99100	1.10298	4.08806		
05:56:50	2000	3000	3333	9955	3840	0.99100	1.10205	4.08858		
05:57:00	2000	3000	3333	9955	3852	0.99100	1.10288	4.09367		
05:57:10	2000	3000	3333	9955	3860	0.99100	1.10303	4.08420		
05:57:20	2000	3000	3333	9955	3851	0.99100	1.10353	4.08787		
05:57:31	2000	3000	3333	168	6470	0.58553	1.10349	1.85552		
05:57:41	2000	3000	3333	9955	4021	0.99100	1.10370	4.41694		
05:57:51	2000	3000	3333	9955	4029	0.99100	1.10334	4.41529		
05:58:01	2000	3000	3333	9955	4033	0.99100	1.10306	4.41227		
05:58:11	2000	3000	3333	9955	4034	0.99100	1.10277	4.41397		
05:58:22	2000	3000	3333	9955	4041	0.99100	1.10295	4.41542		
05:58:32	2000	3000	3333	9955	4053	0.99100	1.10265	4.40484		
05:58:42	2000	3000	3333	9955	4063	0.99100	1.10293	4.40802		
05:58:52	2000	3000	3333	9955	4064	0.99100	1.10323	4.42658		
05:59:02	2000	3000	3333	9955	4084	0.99100	1.10336	4.41149		
05:59:12	2000	3000	3333	9955	4100	0.99100	1.10323	4.42332		
05:59:22	2000	3000	3333	9955	4121	0.99100	1.10404	4.44281		
05:59:32	2000	3000	3333	9955	4145	0.99100	1.10330	4.42811		
05:59:42	2000	3000	3333	9955	4177	0.99100	1.10427	4.43435		
05:59:52	2000	3000	3333	9955	4196	0.99100	1.10370	4.42648		
06:00:02	2000	3000	3333	9955	4236	0.99100	1.10366	4.43647		
06:00:12	2000	3000	3333	9955	4273	0.99100	1.10331	4.42917		
06:00:23	2000	3000	3333	9955	4313	0.99100	1.10401	4.42648		
06:00:33	2000	3000	3333	9955	4374	0.99100	1.10277	4.42882		
06:00:43	2000	3000	3333	9955	4434	0.99100	1.10294	4.42770		
06:00:53	2000	3000	3333	9955	4499	0.99100	1.10374	4.42482		
06:01:03	2000	3000	3333	9955	4578	0.99100	1.10449	4.42866		
06:01:13	2000	3000	3333	9955	4664	0.99100	1.10338	4.43124		
06:01:23	2000	3000	3333	9955	4741	0.99100	1.10443	4.42992		
06:01:33	2000	3000	3333	9955	4833	0.99100	1.10415	4.43324		
06:01:43	2000	3000	3333	9955	4919	0.99100	1.10348	4.43267		
06:01:53	2000	3000	3333	9955	5006	0.99100	1.10262	4.42760		
06:02:03	2000	3000	3333	9955	5096	0.99100	1.10423	4.42182		
06:02:13	2000	3000	3333	9955	5175	0.99100	1.10255	4.41949		
06:02:23	2000	3000	3333	9955	5160	0.99100	1.10418	4.42171		
06:02:34	2000	3000	3333	9955	5262	0.99100	1.10296	4.42852		
06:02:44	2000	3000	3333	9955	5432	0.99100	1.10405	4.43596		
06:02:54	2000	3000	3333	9955	5610	0.99100	1.10320	4.42795		
06:03:04	2000	3000	3333	9955	5714	0.99100	1.10424	4.42753		
06:03:14	2000	3000	3333	9955	5831	0.99100	1.10290	4.42648		
06:03:24	2000	3000	3333	9955	5935	0.99100	1.10401	4.42239		
06:03:34	2000	3000	3333	9955	6038	0.99100	1.10310	4.42762		
06:03:44	2000	3000	3333	9955	6143	0.99100	1.10424	4.42460		
06:03:54	2000	3000	3333	9955	6240	0.99100	1.10333	4.42385		
06:04:04	2000	3000	3333	9955	6336	0.99100	1.10385	4.42048		
06:04:14	2000	3000	3333	9955	6441	0.99100	1.10358	4.42060		
06:04:24	2000	3000	3333	9955	6533	0.99100	1.10369	4.42535		
06:04:34	2000	3000	3333	9955	6623	0.99100	1.10330	4.42713		
06:04:44	2000	3000	3333	9955	6698	0.99100	1.10358	4.42221		
06:04:55	2000	3000	3333	9955	6761	0.99100	1.10403	4.42279		
06:05:05	2000	3000	3333	9955	6856	0.99100	1.10290	4.42044		
06:05:15	2000	3000	3333	9955	6888	0.99100	1.10361	4.43083		
06:05:25	2000	3000	3333	9955	6912	0.99100	1.10420	4.42358		
06:05:35	2000	3000	3333	9955	6937	0.99100	1.10271	4.41663		
06:05:45	2000	3000	3333	9955	6945	0.99100	1.10291	4.41911		
06:05:55	2000	3000	3333	9955	6947	0.99100	1.10395	4.42287		
06:06:05	2000	3000	3333	9955	6949	0.99100	1.10253	4.43105		
06:06:15	2000	3000	3333	9955	6948	0.99100	1.10345	4.42584		
06:06:25	2000	3000	3333	9955	6933	0.99100	1.10398	4.43058		
06:06:35	2000	3000	3333	9955	6898	0.99100	1.10328	4.42255		
06:06:45	2000	3000	3333	9955	6841	0.99100	1.10308	4.42252		
06:06:55	2000	3000	3333	9955	6780	0.99100	1.10351	4.42675		
06:07:05	2000	3000	3333	9955	6705	0.99100	1.10288	4.42090		
06:07:15	2000	3000	3333	9955	6618	0.99100	1.10380	4.42059		
06:07:25	2000	3000	3333	9955	6524	0.99100	1.10278	4.42825		
06:07:35	2000	3000	3333	9955	6427	0.99100	1.10412	4.42204		
06:07:45	2000	3000	3333	9955	6320	0.99100	1.10249	4.41270		
06:07:55	2000	3000	3333	9955	6205	0.99100	1.10342	4.42771		
06:08:05	2000	3000	3333	9955	6081	0.99100	1.10374	4.41949		
06:08:16	2000	3000	3333	9955	5950	0.99100	1.10272	4.42285		
06:08:26	2000	3000	3333	9955	5817	0.99100	1.10340	4.42633		
06:08:36	2000	3000	3333	9955	5678	0.99100	1.10312	4.42829		
06:08:46	2000	3000	3333	9955	5536	0.99100	1.10381	4.42337		
06:08:56	2000	3000	3333	9955	5399	0.99100	1.10263	4.42376		
06:09:07	2000	3000	3333	9955	5270	0.99100	1.10341	4.42744		
06:09:17	2000	3000	3333	9955	5150	0.99100	1.10294	4.42543		
06:09:27	2000	3000	3333	9955	5038	0.99100	1.10377	4.42332		
06:09:37	2000	3000	3333	9955	4940	0.99100	1.10236	4.42590		
06:09:47	2000	3000	3333	9955	4857	0.99100	1.10376	4.42529		
06:09:57	2000	3000	3333	9955	4791	0.99100	1.10318	4.42485		
06:10:07	2000	3000	3333	9955	4737	0.99100	1.10284	4.41877		
06:10:18	2000	3000	3333	9955	4691	0.99100	1.10232	4.41883		
06:10:28	2000	3000	3333	9955	4650	0.99100	1.10333	4.42099		
06:10:38	2000	3000	3333	9955	4613	0.99100	1.10266	4.42208		
06:10:48	2000	3000	3333	9955	4582	0.99100	1.10263	4.41791		
06:10:58	2000	3000	3333	9955	4558	0.99100	1.10198	4.41031		
06:11:08	2000	3000	3333	9955	4539	0.99100	1.10309	4.41399		
06:11:19	2000	3000	3333	9955	4529	0.99100	1.10313	4.41582		
06:11:29	2000	3000	3333	9955	4527	0.99100	1.10259	4.42030		
06:11:39	2000	3000	3333	9955	4533	0.99100	1.10233	4.41953		
06:11:49	2000	3000	3333	9955	4543	0.99100	1.10273	4.41334		
06:11:59	2000	3000	3333	9955	4560	0.99100	1.10222	4.41356		
06:12:10	2000	3000	3333	9955	4582	0.99100	1.10268	4.41063		
06:12:20	2000	3000	3333	9955	4607	0.99100	1.10188	4.41503		
06:12:30	2000	3000	3333	9955	4637	0.99100	1.10287	4.41623		
06:12:40	2000	3000	3333	9955	4674	0.99100	1.10254	4.41561		
06:12:50	2000	3000	3333	9955	4717	0.99100	1.10353	4.41264		
06:13:01	2000	3000	3333	9955	4765	0.99100	1.10261	4.41584		
06:13:11	2000	3000	3333	9955	4820	0.99100	1.10259	4.41162		
06:13:21	2000	3000	3333	9955	4881	0.99100	1.10325	4.43194		
06:13:31	2000	3000	3333	9955	4948	0.99100	1.10332	4.42332		
06:13:41	2000	3000	3333	9955	5018	0.99100	1.10357	4.41862		
06:13:51	2000	3000	3333	9955	5091	0.99100	1.10305	4.42033		
06:14:02	2000	3000	3333	9955	5171	0.99100	1.10297	4.42081		
06:14:12	2000	3000	3333	9955	5256	0.99100	1.10248	4.41917		
06:14:22	2000	3000	3333	9955	5341	0.99100	1.10273	4.41965		
06:14:32	2000	3000	3333	9955	5417	0.99100	1.10344	4.41725		
06:14:42	2000	3000	3333	9955	5481	0.99100	1.10290	4.41772		
06:14:53	2000	3000	3333	9955	5526	0.99100	1.10262	4.41989		
06:15:03	2000	3000	3333	9955	5557	0.99100	1.10221	4.41804		
06:15:13	2000	3000	3333	9955	5582	0.99100	1.10306	4.41559		
06:15:23	2000	3000	3333	9955	5605	0.99100	1.10302	4.41151		
06:15:33	2000	3000	3333	9955	5624	0.99100	1.10379	4.41855		
06:15:43	2000	3000	3333	9955	5642	0.99100	1.10381	4.41769		
06:15:54	2000	3000	3333	9955	5663	0.99100	1.10317	4.41473		
06:16:04	2000	3000	3333	9955	5691	0.99100	1.10279	4.41707		
06:16:14	2000	3000	3333	9955	5722	0.99100	1.10239	4.41924		
06:16:24	2000	3000	3333	9955	5768	0.99100	1.10344	4.41430		
06:16:34	2000	3000	3333	9955	5807	0.99100	1.10355	4.41595		
06:16:45	2000	3000	3333	9955	5849	0.99100	1.10350	4.42016		
06:16:55	2000	3000	3333	9955	5893	0.99100	1.10355	4.41891		
06:17:05	2000	3000	3333	9955	5930	0.99100	1.10397	4.41757		
06:17:15	2000	3000	3333	9955	5971	0.99100	1.10401	4.42526		
06:17:25	2000	3000	3333	9955	6013	0.99100	1.10373	4.42111		
06:17:36	2000	3000	3333	9955	6052	0.99100	1.10378	4.41189		
06:17:46	2000	3000	3333	9955	6088	0.99100	1.10378	4.41495		
06:17:56	2000	3000	3333	9955	6117	0.99100	1.10363	4.41677		
06:18:06	2000	3000	3333	9955	6132	0.99100	1.10346	4.41522		
06:18:16	2000	3000	3333	9955	6141	0.99100	1.10317	4.41574		
06:18:26	2000	3000	3333	9955	6141	0.99100	1.10330	4.41626		
06:18:37	2000	3000	3333	9955	6131	0.99100	1.10333	4.42037		
06:18:47	2000	3000	3333	9955	6108	0.99100	1.10394	4.41738		
06:18:57	2000	3000	3333	9955	6030	0.99100	1.10348	4.41764		
06:19:07	2000	3000	3333	9955	5978	0.99100	1.10431	4.41744		
06:19:17	2000	3000	3333	9955	5910	0.99100	1.10387	4.41933		
06:19:28	2000	3000	3333	9955	5833	0.99100	1.10453	4.43500		


			DELHI AIRPORT : 30 m Base line


Time	RVR	 MOR	RVR	MOR	BLM	Trf	 Ref(v)	PD(v)
	(limited)	(limited)	(actual)	(actual)



			DELHI AIRPORT : 30 m Base line


Time	RVR	 MOR	RVR	MOR	BLM	Trf	 Ref(v)	PD(v)
	(limited)	(limited)	(actual)	(actual)

06:52:04	2000	3000	1659	9955	9802	0.99100	1.10492	4.43066		
06:52:14	2000	3000	3318	9955	9820	0.99100	1.10461	4.42646		
06:52:25	2000	3000	3333	9955	9834	0.99100	1.10406	4.42829		
06:52:35	2000	3000	3333	9955	9860	0.99100	1.10449	4.43309		
