

			DELHI AIRPORT : 30 m Base line


Time	RVR	 MOR	RVR	MOR	BLM	Trf	 Ref(v)	PD(v)
	(limited)	(limited)	(actual)	(actual)



			DELHI AIRPORT : 30 m Base line


Time	RVR	 MOR	RVR	MOR	BLM	Trf	 Ref(v)	PD(v)
	(limited)	(limited)	(actual)	(actual)

02:41:23	2000	3000	1659	9955	9989	0.99100	4.86297	2.27875		
02:41:33	2000	3000	3318	9955	9989	0.99100	4.86297	2.27875		


			DELHI AIRPORT : 30 m Base line


Time	RVR	 MOR	RVR	MOR	BLM	Trf	 Ref(v)	PD(v)
	(limited)	(limited)	(actual)	(actual)

04:40:14	2000	3000	1659	9955	9989	0.99100	4.85433	2.27891		
04:40:24	2000	3000	3318	9955	9989	0.99100	4.85433	2.27891		
04:40:34	2000	3000	3333	9955	9989	0.99100	4.85452	2.27879		
04:40:44	2000	3000	3333	9955	9989	0.99100	4.85452	2.27879		
04:40:54	2000	3000	3333	9955	9989	0.99100	4.85472	2.27774		
04:41:04	2000	3000	3333	9955	9989	0.99100	4.85434	2.27862		
04:41:14	2000	3000	3333	9955	9989	0.99100	4.85434	2.27862		
04:41:24	2000	3000	3333	9955	9989	0.99100	4.85434	2.27862		
04:41:34	2000	3000	3333	9955	9989	0.99100	4.85514	2.27699		
04:41:44	2000	3000	3333	9955	9989	0.99100	4.85440	2.27533		
04:41:54	2000	3000	3333	9955	9989	0.99100	4.85427	2.27725		
04:42:04	2000	3000	3333	9955	9989	0.99100	4.85452	2.27673		
04:42:14	2000	3000	3333	9955	9989	0.99100	4.85414	2.27673		
04:42:24	2000	3000	3333	9955	9989	0.99100	4.85524	2.27675		
04:42:34	2000	3000	3333	9955	9989	0.99100	4.85460	2.27718		
04:42:44	2000	3000	3333	9955	9989	0.99100	4.85460	2.27718		
04:42:54	2000	3000	3333	9955	9989	0.99100	4.85410	2.28151		
04:43:04	2000	3000	3333	9955	9989	0.99100	4.85408	2.27700		
04:43:14	2000	3000	3333	9955	9989	0.99100	4.85432	2.28290		
04:43:24	2000	3000	3333	9955	9989	0.99100	4.85432	2.28290		
04:43:34	2000	3000	3333	9955	9989	0.99100	4.85420	2.27656		
04:43:44	2000	3000	3333	9955	9989	0.99100	4.85420	2.27656		
04:43:54	2000	3000	3333	9955	9989	0.99100	4.85420	2.27656		
23:22:44	2000	3000	3333	5603	2	0.98407	4.84621	2.24902		
23:22:54	2000	3000	3333	5391	2	0.98345	4.84556	2.24716		
23:23:04	2000	3000	3333	5612	2	0.98409	4.84506	2.24855		
23:23:14	2000	3000	3333	5318	2	0.98322	4.84480	2.24624		
23:23:24	2000	3000	3333	5310	2	0.98319	4.84449	2.24603		
23:23:34	2000	3000	3333	5095	2	0.98249	4.84382	2.24396		
23:23:44	2000	3000	3333	4780	2	0.98135	4.84420	2.24127		
23:23:54	2000	3000	3333	5185	2	0.98279	4.84448	2.24502		
23:24:04	2000	3000	3333	5185	2	0.98279	4.84448	2.24502		
23:24:14	2000	3000	3333	5757	2	0.98449	4.84436	2.24922		
23:24:24	2000	3000	3333	5046	2	0.98232	4.84402	2.24363		
23:24:34	2000	3000	3333	4883	2	0.98174	4.84387	2.24209		
23:24:44	2000	3000	3333	4719	2	0.98111	4.84357	2.24038		
23:24:54	2000	3000	3333	5510	2	0.98380	4.84339	2.24704		
23:25:04	2000	3000	3333	5510	2	0.98380	4.84339	2.24704		
23:25:14	2000	3000	3333	4886	2	0.98175	4.84316	2.24179		
23:25:24	2000	3000	3333	4836	2	0.98156	4.84300	2.24125		
23:25:34	2000	3000	3333	4496	2	0.98018	4.84283	2.23771		
23:25:44	2000	3000	3333	4505	2	0.98022	4.84282	2.23781		
23:25:54	2000	3000	3333	4501	2	0.98020	4.84264	2.23768		
23:26:04	2000	3000	3333	4501	2	0.98020	4.84264	2.23768		
23:26:14	2000	3000	3333	5052	2	0.98234	4.84233	2.24290		
23:26:24	2000	3000	3333	4643	2	0.98080	4.84280	2.23926		
23:26:34	2000	3000	3333	4454	2	0.97999	4.84304	2.23734		
23:26:44	2000	3000	3333	4540	2	0.98037	4.84266	2.23811		
23:26:54	2000	3000	3333	4630	2	0.98075	4.84314	2.23928		
23:27:04	2000	3000	3333	4794	2	0.98140	4.84323	2.24096		
23:27:14	2000	3000	3333	4794	2	0.98140	4.84323	2.24096		
23:27:24	2000	3000	3333	4461	2	0.98003	4.84269	2.23726		
23:27:34	2000	3000	3333	4668	2	0.98091	4.84292	2.23957		
23:27:44	2000	3000	3333	4498	2	0.98019	4.84274	2.23769		
23:27:54	2000	3000	3333	4742	2	0.98120	4.84302	2.24035		
23:28:04	2000	3000	3333	5127	2	0.98260	4.84256	2.24365		
23:28:14	2000	3000	3333	5538	2	0.98388	4.84282	2.24698		
23:28:24	2000	3000	3333	5073	2	0.98242	4.84243	2.24313		
23:28:34	2000	3000	3333	5068	2	0.98240	4.84333	2.24350		
23:28:44	2000	3000	3333	5068	2	0.98240	4.84333	2.24350		
23:28:54	2000	3000	3333	4689	2	0.98099	4.84334	2.23997		
23:29:04	2000	3000	3333	4715	2	0.98109	4.84324	2.24019		
23:29:14	2000	3000	3333	4715	2	0.98109	4.84324	2.24019		
23:29:24	2000	3000	3333	4608	2	0.98066	4.84356	2.23925		
23:29:34	2000	3000	3333	5000	2	0.98216	4.84372	2.24309		
23:29:44	2000	3000	3333	4967	2	0.98204	4.84402	2.24293		
23:29:54	2000	3000	3333	4968	2	0.98205	4.84446	2.24314		
23:30:04	2000	3000	3333	5306	2	0.98318	4.84399	2.24577		
23:30:14	2000	3000	3333	4880	2	0.98173	4.84403	2.24214		
23:30:24	2000	3000	3333	4903	2	0.98181	4.84374	2.24222		
23:30:34	2000	3000	3333	4903	2	0.98181	4.84374	2.24222		
23:30:44	2000	3000	3333	5080	2	0.98244	4.84502	2.24439		
23:30:54	2000	3000	3333	5080	2	0.98244	4.84502	2.24439		
23:31:04	2000	3000	3333	4801	2	0.98143	4.84554	2.24209		
23:31:14	2000	3000	3333	4992	2	0.98213	4.84531	2.24375		
23:31:24	2000	3000	3333	5057	2	0.98236	4.84535	2.24434		
23:31:34	2000	3000	3333	4895	2	0.98178	4.84589	2.24314		
23:31:44	2000	3000	3333	4956	2	0.98201	4.84522	2.24339		
23:31:54	2000	3000	3333	5071	2	0.98241	4.84495	2.24428		
23:32:04	2000	3000	3333	5082	2	0.98244	4.84502	2.24440		
23:32:14	2000	3000	3333	4967	2	0.98204	4.84519	2.24347		
23:32:24	2000	3000	3333	5151	2	0.98268	4.84467	2.24483		
23:32:34	2000	3000	3333	5577	2	0.98399	4.84427	2.24793		
23:32:44	2000	3000	3333	4792	2	0.98139	4.84505	2.24178		
23:32:54	2000	3000	3333	5180	2	0.98277	4.84481	2.24513		
23:33:04	2000	3000	3333	5180	2	0.98277	4.84481	2.24513		
23:33:14	2000	3000	3333	5239	2	0.98297	4.84487	2.24564		
23:33:24	2000	3000	3333	5267	2	0.98306	4.84543	2.24613		
23:33:34	2000	3000	3333	5319	2	0.98322	4.84524	2.24645		
23:33:44	2000	3000	3333	5645	2	0.98418	4.84535	2.24891		
23:33:54	2000	3000	3333	5309	2	0.98319	4.84540	2.24645		
23:34:04	2000	3000	3333	5206	2	0.98286	4.84556	2.24569		
23:34:14	2000	3000	3333	5334	2	0.98327	4.84473	2.24633		
23:34:24	2000	3000	3333	5065	2	0.98239	4.84715	2.24524		
23:34:34	2000	3000	3333	4987	2	0.98212	4.84527	2.24369		
23:34:44	2000	3000	3333	5259	2	0.98303	4.84541	2.24605		
23:34:54	2000	3000	3333	4984	2	0.98210	4.84535	2.24370		
23:35:04	2000	3000	3333	4984	2	0.98210	4.84535	2.24370		
23:35:24	2000	3000	3333	5143	2	0.98265	4.84625	2.24549		
23:35:34	2000	3000	3333	5495	2	0.98376	4.84602	2.24815		
23:35:44	2000	3000	3333	5737	2	0.98443	4.84666	2.25015		
23:35:54	2000	3000	3333	5687	2	0.98430	4.84665	2.24981		
23:36:04	2000	3000	3333	5447	2	0.98361	4.84702	2.24826		
23:36:14	2000	3000	3333	5623	2	0.98412	4.84645	2.24927		
23:36:24	2000	3000	3333	5623	2	0.98412	4.84645	2.24927		
23:36:44	2000	3000	3333	5724	2	0.98440	4.84605	2.24978		
23:36:54	2000	3000	3333	5994	2	0.98510	4.84739	2.25215		
23:37:04	2000	3000	3333	5712	2	0.98437	4.84652	2.24992		
23:37:14	2000	3000	3333	5449	2	0.98362	4.84766	2.24857		
23:37:24	2000	3000	3333	6036	2	0.98520	4.84765	2.25253		
23:37:34	2000	3000	3333	5664	2	0.98424	4.84743	2.25001		
23:37:44	2000	3000	3333	5492	2	0.98375	4.84917	2.24959		
23:37:54	2000	3000	3333	5415	2	0.98352	4.84750	2.24824		
23:38:04	2000	3000	3333	5548	2	0.98391	4.84771	2.24932		
23:38:14	2000	3000	3333	5435	2	0.98358	4.84731	2.24830		
23:38:24	2000	3000	3333	5338	2	0.98328	4.84794	2.24785		
23:38:34	2000	3000	3333	5432	2	0.98357	4.84794	2.24857		
23:38:44	2000	3000	3333	5692	2	0.98431	4.84835	2.25063		
23:38:54	2000	3000	3333	5692	2	0.98431	4.84835	2.25063		
23:39:14	2000	3000	3333	5980	2	0.98506	4.84809	2.25239		
23:39:24	2000	3000	3333	5980	2	0.98506	4.84809	2.25239		
23:39:34	2000	3000	3333	5815	2	0.98464	4.84842	2.25149		
23:39:44	2000	3000	3333	5838	2	0.98470	4.84847	2.25166		
23:39:54	2000	3000	3333	5838	2	0.98470	4.84847	2.25166		
23:40:04	2000	3000	3333	5509	2	0.98379	4.84852	2.24941		
23:40:14	2000	3000	3333	5769	2	0.98452	4.84862	2.25128		
23:40:24	2000	3000	3333	5904	2	0.98487	4.84832	2.25202		
23:40:34	2000	3000	3333	6045	2	0.98522	4.84841	2.25294		
23:40:44	2000	3000	3333	5406	2	0.98349	4.84867	2.24871		
23:40:54	2000	3000	3333	5406	2	0.98349	4.84867	2.24871		
23:41:04	2000	3000	3333	5590	2	0.98403	4.84879	2.25012		
23:41:14	2000	3000	3333	5817	2	0.98465	4.84828	2.25144		
23:41:24	2000	3000	3333	5319	2	0.98322	4.84833	2.24788		
23:41:34	2000	3000	3333	5643	2	0.98418	4.84859	2.25040		
23:41:44	2000	3000	3333	5886	2	0.98482	4.84823	2.25186		
23:41:54	2000	3000	3333	5211	2	0.98288	4.84855	2.24712		
23:42:04	2000	3000	3333	6161	2	0.98550	4.84834	2.25360		
23:42:14	2000	3000	3333	5761	2	0.98450	4.84835	2.25110		
23:42:24	2000	3000	3333	5988	2	0.98508	4.84807	2.25243		
23:42:34	2000	3000	3333	6095	2	0.98534	4.84849	2.25328		
23:42:44	2000	3000	3333	5546	2	0.98390	4.84876	2.24979		
23:42:54	2000	3000	3333	6134	2	0.98544	4.84971	2.25408		
23:43:04	2000	3000	3333	5485	2	0.98373	4.84872	2.24933		
23:43:14	2000	3000	3333	5938	2	0.98496	4.84835	2.25225		
23:43:24	2000	3000	3333	5667	2	0.98424	4.84846	2.25051		
23:43:34	2000	3000	3333	6286	2	0.98578	4.84839	2.25434		
23:43:44	2000	3000	3333	5633	2	0.98415	4.84857	2.25032		
23:43:54	2000	3000	3333	5633	2	0.98415	4.84857	2.25032		
23:44:04	2000	3000	3333	5743	2	0.98445	4.84909	2.25132		
23:44:14	2000	3000	3333	6352	2	0.98593	4.84826	2.25465		
23:44:24	2000	3000	3333	6352	2	0.98593	4.84826	2.25465		
23:44:44	2000	3000	3333	6108	2	0.98537	4.84796	2.25311		
23:44:54	2000	3000	3333	6108	2	0.98537	4.84796	2.25311		
23:45:04	2000	3000	3333	6776	2	0.98681	4.84827	2.25685		
23:45:14	2000	3000	3333	6967	2	0.98716	4.84782	2.25754		
23:45:24	2000	3000	3333	5948	2	0.98498	4.84819	2.25224		
23:45:34	2000	3000	3333	5766	2	0.98451	4.84779	2.25087		
23:45:44	2000	3000	3333	6933	2	0.98710	4.84809	2.25751		
23:45:54	2000	3000	3333	7259	2	0.98768	4.84823	2.25902		
23:46:04	2000	3000	3333	7740	2	0.98844	4.84780	2.26073		
23:46:14	2000	3000	3333	7086	2	0.98738	4.84789	2.25811		
23:46:24	2000	3000	3333	7078	2	0.98737	4.84770	2.25799		
23:46:34	2000	3000	3333	6239	2	0.98568	4.84838	2.25407		
23:46:44	2000	3000	3333	5900	2	0.98486	4.84778	2.25174		
23:46:54	2000	3000	3333	6470	2	0.98619	4.84789	2.25512		
23:47:04	2000	3000	3333	6304	2	0.98582	4.84722	2.25390		
23:47:14	2000	3000	3333	6479	2	0.98621	4.84777	2.25511		
23:47:24	2000	3000	3333	5416	2	0.98352	4.84737	2.24819		
23:47:34	2000	3000	3333	5817	2	0.98465	4.84803	2.25132		
23:47:44	2000	3000	3333	5817	2	0.98465	4.84803	2.25132		
23:47:54	2000	3000	3333	5471	2	0.98368	4.84860	2.24917		
23:48:04	2000	3000	3333	5812	2	0.98463	4.84780	2.25118		
23:48:14	2000	3000	3333	6742	2	0.98674	4.84753	2.25634		
23:48:24	2000	3000	3333	6742	2	0.98674	4.84753	2.25634		
23:48:34	2000	3000	3333	6434	2	0.98611	4.84698	2.25450		
23:48:44	2000	3000	3333	5977	2	0.98506	4.84698	2.25186		
23:48:54	2000	3000	3333	5998	2	0.98511	4.84684	2.25192		
23:49:04	2000	3000	3333	6307	2	0.98583	4.84648	2.25357		
23:49:14	2000	3000	3333	5820	2	0.98465	4.84657	2.25066		
23:49:24	2000	3000	3333	5820	2	0.98465	4.84657	2.25066		
23:49:34	2000	3000	3333	5370	2	0.98338	4.84671	2.24753		
23:49:44	2000	3000	3333	6321	2	0.98586	4.84669	2.25375		
23:49:54	2000	3000	3333	5608	2	0.98408	4.84797	2.24987		
23:50:04	2000	3000	3333	5845	2	0.98472	4.84656	2.25082		
23:50:14	2000	3000	3333	6570	2	0.98639	4.84619	2.25485		
23:50:24	2000	3000	3333	5607	2	0.98408	4.84652	2.24919		
23:50:34	2000	3000	3333	6057	2	0.98525	4.84616	2.25197		
23:50:44	2000	3000	3333	6183	2	0.98555	4.84666	2.25295		
23:50:54	2000	3000	3333	5858	2	0.98475	4.84627	2.25077		
23:51:04	2000	3000	3333	5699	2	0.98433	4.84624	2.24970		
23:51:14	2000	3000	3333	6062	2	0.98526	4.84658	2.25219		
23:51:24	2000	3000	3333	6039	3	0.98521	4.84567	2.25163		
23:51:34	2000	3000	3333	5915	3	0.98490	4.84598	2.25100		
23:51:44	2000	3000	3333	6081	4	0.98531	4.84566	2.25188		
23:51:54	2000	3000	3333	6024	5	0.98517	4.84569	2.25155		
23:52:04	2000	3000	3333	6117	5	0.98539	4.84554	2.25204		
23:52:14	2000	3000	3333	6563	6	0.98638	4.84588	2.25467		
23:52:24	2000	3000	3333	6431	7	0.98610	4.84529	2.25370		
23:52:34	2000	3000	3333	6244	8	0.98569	4.84558	2.25280		
23:52:44	2000	3000	3333	6459	9	0.98616	4.84553	2.25396		
23:52:54	2000	3000	3333	7193	9	0.98757	4.84538	2.25741		
23:53:04	2000	3000	3333	5853	10	0.98474	4.84556	2.25041		
23:53:14	2000	3000	3333	6705	11	0.98667	4.84554	2.25523		
23:53:24	2000	3000	3333	6462	13	0.98617	4.84566	2.25404		
23:53:34	2000	3000	3333	7062	14	0.98734	4.84535	2.25682		
23:53:44	2000	3000	3333	7062	14	0.98734	4.84535	2.25682		
23:53:54	2000	3000	3333	6444	17	0.98613	4.84540	2.25382		
23:54:04	2000	3000	3333	6444	17	0.98613	4.84540	2.25382		
23:54:14	2000	3000	3333	6429	20	0.98610	4.84478	2.25345		
23:54:24	2000	3000	3333	7471	21	0.98803	4.84462	2.25821		
23:54:34	2000	3000	3333	5517	23	0.98382	4.84599	2.24830		
23:54:44	2000	3000	3333	5651	25	0.98420	4.84458	2.24860		
23:54:54	2000	3000	3333	6017	27	0.98515	4.84475	2.25107		
23:55:04	2000	3000	3333	6389	28	0.98601	4.84460	2.25315		
23:55:14	2000	3000	3333	6674	30	0.98661	4.84484	2.25475		
23:55:24	2000	3000	3333	6674	30	0.98661	4.84484	2.25475		
23:55:44	2000	3000	3333	6269	35	0.98575	4.84459	2.25248		
23:55:54	2000	3000	3333	6147	36	0.98546	4.84428	2.25163		
23:56:04	2000	3000	3333	6072	37	0.98529	4.84451	2.25129		
23:56:14	2000	3000	3333	7208	38	0.98759	4.84445	2.25704		
23:56:24	2000	3000	3333	7208	38	0.98759	4.84445	2.25704		
23:56:34	2000	3000	3333	6992	41	0.98721	4.84454	2.25613		
23:56:44	2000	3000	3333	6924	42	0.98709	4.84433	2.25572		
23:56:54	2000	3000	3333	6104	43	0.98536	4.84390	2.25120		
23:57:04	2000	3000	3333	6600	44	0.98646	4.84364	2.25382		
23:57:14	2000	3000	3333	6408	45	0.98605	4.84393	2.25294		
23:57:24	2000	3000	3333	5815	46	0.98464	4.84450	2.24967		
23:57:34	2000	3000	3333	6240	46	0.98568	4.84370	2.25190		
23:57:44	2000	3000	3333	5728	47	0.98441	4.84367	2.24870		
23:57:54	2000	3000	3333	6257	48	0.98572	4.84426	2.25226		
23:58:04	2000	3000	3333	6589	49	0.98643	4.84400	2.25393		
23:58:14	2000	3000	3333	6589	49	0.98643	4.84400	2.25393		
23:58:24	2000	3000	3333	6507	52	0.98626	4.84324	2.25315		
23:58:34	2000	3000	3333	6507	52	0.98626	4.84324	2.25315		
23:58:44	2000	3000	3333	6848	54	0.98694	4.84340	2.25493		
23:58:54	2000	3000	3333	7143	55	0.98748	4.84312	2.25614		
23:59:04	2000	3000	3333	7037	57	0.98729	4.84363	2.25591		
23:59:14	2000	3000	3333	7037	57	0.98729	4.84363	2.25591		
23:59:24	2000	3000	3333	6744	59	0.98674	4.84467	2.25502		
23:59:34	2000	3000	3333	6815	59	0.98688	4.84389	2.25500		
23:59:44	2000	3000	3333	6063	60	0.98527	4.84344	2.25074		
23:59:54	2000	3000	3333	6480	61	0.98621	4.84320	2.25299		
