

			DELHI AIRPORT : 30 m Base line


Time	RVR	 MOR	RVR	MOR	BLM	Trf	 Ref(v)	PD(v)
	(limited)	(limited)	(actual)	(actual)



			DELHI AIRPORT : 30 m Base line


Time	RVR	 MOR	RVR	MOR	BLM	Trf	 Ref(v)	PD(v)
	(limited)	(limited)	(actual)	(actual)

00:16:30	2000	3000	1391	4114	2	0.97836	4.90161	2.26025		
00:16:40	2000	3000	2772	4069	2	0.97813	4.90125	2.25949		
00:16:50	2000	3000	3333	4069	2	0.97813	4.90125	2.25949		
00:17:00	2000	3000	3333	3927	2	0.97734	4.91247	2.26267		
00:17:10	2000	3000	3333	4031	2	0.97792	4.90170	2.25918		
00:17:20	2000	3000	3333	3971	2	0.97759	4.90127	2.25814		
00:17:30	2000	3000	3333	3971	2	0.97759	4.90127	2.25814		
00:17:40	2000	3000	3333	3902	2	0.97720	4.90239	2.25767		
00:17:50	2000	3000	3333	3902	2	0.97720	4.90239	2.25767		
00:18:30	2000	3000	3333	3874	2	0.97703	4.90166	2.25691		
00:18:40	2000	3000	3333	3762	2	0.97636	4.90159	2.25517		
00:18:50	2000	3000	3333	3799	2	0.97659	4.90139	2.25565		
00:19:00	2000	3000	3333	3799	2	0.97659	4.90139	2.25565		
00:19:10	2000	3000	3333	3821	2	0.97672	4.90145	2.25602		
00:19:20	2000	3000	3333	3770	2	0.97641	4.90153	2.25526		
00:19:30	2000	3000	3333	3747	2	0.97627	4.90143	2.25486		
00:19:40	2000	3000	3333	3675	2	0.97581	4.90118	2.25358		
00:19:50	2000	3000	3333	3675	2	0.97581	4.90118	2.25358		
00:20:00	2000	3000	3333	3798	2	0.97658	4.90096	2.25544		
00:20:10	2000	3000	3333	3802	3	0.97661	4.90082	2.25544		
00:20:20	2000	3000	3333	3802	3	0.97661	4.90082	2.25544		
00:20:40	2000	3000	3333	3690	3	0.97590	4.89959	2.25309		
00:20:50	2000	3000	3333	3667	3	0.97576	4.90018	2.25299		
00:21:00	2000	3000	3333	3696	2	0.97594	4.90078	2.25374		
00:21:10	2000	3000	3333	3627	2	0.97549	4.90045	2.25244		
00:21:20	2000	3000	3333	3609	2	0.97537	4.89911	2.25152		
00:21:30	2000	3000	3333	3552	3	0.97498	4.89901	2.25048		
00:21:40	2000	3000	3333	3608	3	0.97537	4.89920	2.25155		
00:21:50	2000	3000	3333	3608	3	0.97537	4.89920	2.25155		
00:22:00	2000	3000	3333	3570	5	0.97511	4.89831	2.25048		
00:22:10	2000	3000	3333	3594	5	0.97527	4.89816	2.25083		
00:22:20	2000	3000	3333	3594	5	0.97527	4.89816	2.25083		
00:22:30	2000	3000	3333	3500	4	0.97461	4.89844	2.24929		
00:22:40	2000	3000	3333	3443	3	0.97420	4.89852	2.24828		
00:22:50	2000	3000	3333	3453	2	0.97427	4.89751	2.24799		
00:23:00	2000	3000	3333	3395	2	0.97384	4.89794	2.24709		
00:23:10	2000	3000	3333	3527	2	0.97481	4.89741	2.24931		
00:23:20	2000	3000	3333	3553	2	0.97499	4.89704	2.24960		
00:23:30	2000	3000	3333	3553	2	0.97499	4.89704	2.24960		
00:23:40	2000	3000	3333	3464	2	0.97435	4.89692	2.24793		
00:23:50	2000	3000	3333	3441	2	0.97418	4.89750	2.24777		
00:24:00	2000	3000	3333	3473	2	0.97442	4.89593	2.24765		
00:24:10	2000	3000	3333	3500	2	0.97461	4.89620	2.24826		
00:24:20	2000	3000	3333	3364	2	0.97360	4.89529	2.24528		
00:24:30	2000	3000	3333	3371	2	0.97365	4.89506	2.24530		
00:24:40	2000	3000	3333	3371	2	0.97365	4.89506	2.24530		
00:24:50	2000	3000	3333	3353	2	0.97352	4.89482	2.24485		
00:25:00	2000	3000	3333	3327	2	0.97331	4.89468	2.24426		
00:25:10	2000	3000	3333	3448	2	0.97424	4.89405	2.24632		
00:25:20	2000	3000	3333	3448	2	0.97424	4.89405	2.24632		
00:25:30	2000	3000	3333	3454	4	0.97428	4.89324	2.24606		
00:25:40	2000	3000	3333	3339	6	0.97341	4.89335	2.24390		
00:25:50	2000	3000	3333	3382	7	0.97374	4.89321	2.24468		
00:26:00	2000	3000	3333	3313	8	0.97320	4.89298	2.24320		
00:26:10	2000	3000	3333	3416	9	0.97399	4.89286	2.24516		
00:26:20	2000	3000	3333	3384	10	0.97376	4.89258	2.24443		
00:26:30	2000	3000	3333	3314	11	0.97321	4.89337	2.24341		
00:26:40	2000	3000	3333	3328	12	0.97332	4.89354	2.24377		
00:26:50	2000	3000	3333	3328	12	0.97332	4.89354	2.24377		
00:27:00	2000	3000	3333	3390	11	0.97380	4.89212	2.24433		
00:27:10	2000	3000	3333	3458	8	0.97431	4.89222	2.24567		
00:27:20	2000	3000	3333	3458	8	0.97431	4.89222	2.24567		
00:27:30	2000	3000	3333	3529	5	0.97482	4.89240	2.24704		
00:27:40	2000	3000	3333	3481	4	0.97448	4.89218	2.24607		
00:27:50	2000	3000	3333	3519	4	0.97475	4.89163	2.24651		
00:28:00	2000	3000	3333	3478	4	0.97445	4.89171	2.24579		
00:28:10	2000	3000	3333	2959	4	0.97004	4.97048	2.27060		
00:28:20	2000	3000	3333	3254	4	0.97272	4.92026	2.25448		
00:28:30	2000	3000	3333	3254	4	0.97272	4.92026	2.25448		
00:28:40	2000	3000	3333	3263	4	0.97279	4.91963	2.25438		
00:28:50	2000	3000	3333	3366	5	0.97362	4.91249	2.25321		
00:29:00	2000	3000	3333	3366	5	0.97362	4.91249	2.25321		
00:29:10	2000	3000	3333	3221	6	0.97245	4.95986	2.27193		
00:29:20	2000	3000	3333	3383	6	0.97374	4.90503	2.25011		
00:29:30	2000	3000	3333	3383	6	0.97374	4.90503	2.25011		
00:29:40	2000	3000	3333	3485	8	0.97450	4.90377	2.25146		
00:29:50	2000	3000	3333	3380	8	0.97373	4.90404	2.24961		
00:30:00	2000	3000	3333	3380	8	0.97373	4.90404	2.24961		
00:30:10	2000	3000	3333	3442	9	0.97419	4.90405	2.25080		
00:30:20	2000	3000	3333	3444	9	0.97421	4.90383	2.25073		
00:30:30	2000	3000	3333	3399	9	0.97387	4.90339	2.24968		
00:30:40	2000	3000	3333	3402	10	0.97389	4.90335	2.24972		
00:30:50	2000	3000	3333	3402	10	0.97389	4.90335	2.24972		
00:31:40	2000	3000	3333	3370	13	0.97364	4.90354	2.24917		
00:31:50	2000	3000	3333	3370	13	0.97364	4.90354	2.24917		
00:32:00	2000	3000	3333	3410	14	0.97395	4.90298	2.24970		
00:32:10	2000	3000	3333	3371	14	0.97365	4.90287	2.24889		
00:32:20	2000	3000	3333	3371	14	0.97365	4.90287	2.24889		
00:32:30	2000	3000	3333	3352	14	0.97350	4.90276	2.24846		
00:32:40	2000	3000	3333	3421	13	0.97403	4.90289	2.24986		
00:32:50	2000	3000	3333	3441	14	0.97418	4.90323	2.25039		
00:33:00	2000	3000	3333	3383	15	0.97375	4.90295	2.24916		
00:33:10	2000	3000	3333	3383	15	0.97375	4.90295	2.24916		
00:33:20	2000	3000	3333	3410	17	0.97395	4.90397	2.25015		
00:33:30	2000	3000	3333	3410	17	0.97395	4.90397	2.25015		
00:33:40	2000	3000	3333	3352	20	0.97351	4.90402	2.24904		
00:33:50	2000	3000	3333	3373	20	0.97367	4.90472	2.24977		
00:34:00	2000	3000	3333	3340	20	0.97342	4.90416	2.24888		
00:34:10	2000	3000	3333	3340	20	0.97342	4.90416	2.24888		
00:34:20	2000	3000	3333	3424	23	0.97406	4.90440	2.25062		
00:34:30	2000	3000	3333	3394	26	0.97383	4.90423	2.24996		
00:34:40	2000	3000	3333	3394	26	0.97383	4.90423	2.24996		
00:35:00	2000	3000	3333	3431	40	0.97411	4.90476	2.25091		
00:35:10	2000	3000	3333	3431	40	0.97411	4.90476	2.25091		
00:35:30	2000	3000	3333	3487	40	0.97452	4.90400	2.25160		
00:35:40	2000	3000	3333	3458	36	0.97431	4.90425	2.25119		
00:35:50	2000	3000	3333	3468	33	0.97438	4.90393	2.25122		
00:36:00	2000	3000	3333	3564	33	0.97507	4.90423	2.25310		
00:36:10	2000	3000	3333	3564	33	0.97507	4.90423	2.25310		
00:36:20	2000	3000	3333	3484	36	0.97450	4.90418	2.25163		
00:36:30	2000	3000	3333	3530	39	0.97483	4.90469	2.25270		
00:36:40	2000	3000	3333	3530	39	0.97483	4.90469	2.25270		
00:37:00	2000	3000	3333	3524	45	0.97479	4.90409	2.25232		
00:37:10	2000	3000	3333	3456	47	0.97429	4.90403	2.25104		
00:37:20	2000	3000	3333	3520	49	0.97476	4.90405	2.25223		
00:37:30	2000	3000	3333	3673	51	0.97579	4.90385	2.25477		
00:37:40	2000	3000	3333	3673	51	0.97579	4.90385	2.25477		
00:37:50	2000	3000	3333	3742	50	0.97624	4.90389	2.25591		
00:38:00	2000	3000	3333	3742	50	0.97624	4.90389	2.25591		
00:38:20	2000	3000	3333	3693	40	0.97593	4.90419	2.25526		
00:38:30	2000	3000	3333	3693	40	0.97593	4.90419	2.25526		
00:38:40	2000	3000	3333	3864	40	0.97698	4.90403	2.25786		
00:38:50	2000	3000	3333	3864	40	0.97698	4.90403	2.25786		
00:39:00	2000	3000	3333	3799	32	0.97659	4.90445	2.25706		
00:39:10	2000	3000	3333	3799	32	0.97659	4.90445	2.25706		
00:39:20	2000	3000	3333	3698	28	0.97596	4.90636	2.25634		
00:39:30	2000	3000	3333	3745	29	0.97625	4.90628	2.25705		
00:39:40	2000	3000	3333	3717	32	0.97608	4.90666	2.25678		
00:39:50	2000	3000	3333	3717	32	0.97608	4.90666	2.25678		
00:40:00	2000	3000	3333	3813	38	0.97667	4.90593	2.25796		
00:40:10	2000	3000	3333	3813	38	0.97667	4.90593	2.25796		
00:40:20	2000	3000	3333	3827	40	0.97676	4.90582	2.25812		
00:40:30	2000	3000	3333	3861	38	0.97696	4.90548	2.25848		
00:40:40	2000	3000	3333	3861	38	0.97696	4.90548	2.25848		
00:40:50	2000	3000	3333	3895	31	0.97716	4.90606	2.25925		
00:41:00	2000	3000	3333	3831	30	0.97678	4.90630	2.25841		
00:41:10	2000	3000	3333	3861	30	0.97696	4.90588	2.25866		
00:41:20	2000	3000	3333	3859	30	0.97695	4.90770	2.25947		
00:41:30	2000	3000	3333	3874	30	0.97703	4.90728	2.25950		
00:41:40	2000	3000	3333	3947	28	0.97746	4.90725	2.26056		
00:41:50	2000	3000	3333	3580	27	0.97517	4.95128	2.27499		
00:42:00	2000	3000	3333	3876	27	0.97705	4.90939	2.26050		
00:42:10	2000	3000	3333	3714	26	0.97606	4.94022	2.27217		
00:42:20	2000	3000	3333	3714	26	0.97606	4.94022	2.27217		
00:42:30	2000	3000	3333	3893	28	0.97714	4.91050	2.26126		
00:42:40	2000	3000	3333	3931	28	0.97737	4.91212	2.26257		
00:42:50	2000	3000	3333	3931	28	0.97737	4.91212	2.26257		
00:43:00	2000	3000	3333	3917	30	0.97729	4.90919	2.26102		
00:43:10	2000	3000	3333	3810	31	0.97665	4.90847	2.25908		
00:43:20	2000	3000	3333	3783	32	0.97649	4.90797	2.25844		
00:43:30	2000	3000	3333	3818	33	0.97671	4.90862	2.25928		
00:43:40	2000	3000	3333	3925	33	0.97733	4.90965	2.26134		
00:43:50	2000	3000	3333	3953	32	0.97749	4.90897	2.26144		
00:44:00	2000	3000	3333	4026	30	0.97789	4.90859	2.26228		
00:44:10	2000	3000	3333	4026	30	0.97789	4.90859	2.26228		
00:44:20	2000	3000	3333	4111	29	0.97835	4.90857	2.26343		
00:44:30	2000	3000	3333	4116	30	0.97837	4.91278	2.26543		
00:44:40	2000	3000	3333	4096	32	0.97827	4.91098	2.26434		
00:44:50	2000	3000	3333	4096	32	0.97827	4.91098	2.26434		
00:45:10	2000	3000	3333	4159	34	0.97859	4.91025	2.26483		
00:45:20	2000	3000	3333	4159	34	0.97859	4.91025	2.26483		
00:45:30	2000	3000	3333	4162	37	0.97861	4.90915	2.26436		
00:45:40	2000	3000	3333	4072	40	0.97814	4.90946	2.26331		
00:45:50	2000	3000	3333	4039	42	0.97796	4.90930	2.26279		
00:46:00	2000	3000	3333	4039	42	0.97796	4.90930	2.26279		
00:46:30	2000	3000	3333	3987	53	0.97768	4.90923	2.26204		
00:46:40	2000	3000	3333	4116	55	0.97837	4.90880	2.26359		
00:46:50	2000	3000	3333	4116	55	0.97837	4.90880	2.26359		
00:47:20	2000	3000	3333	3827	48	0.97676	4.91069	2.26037		
00:47:30	2000	3000	3333	3827	48	0.97676	4.91069	2.26037		
00:47:40	2000	3000	3333	3873	41	0.97703	4.90989	2.26069		
00:47:50	2000	3000	3333	3873	41	0.97703	4.90989	2.26069		
00:48:10	2000	3000	3333	3900	39	0.97719	4.90875	2.26057		
00:48:20	2000	3000	3333	3847	40	0.97688	4.91143	2.26101		
00:48:30	2000	3000	3333	3813	42	0.97667	4.91129	2.26043		
00:48:40	2000	3000	3333	3813	42	0.97667	4.91129	2.26043		
00:49:00	2000	3000	3333	3661	46	0.97572	4.91053	2.25765		
00:49:10	2000	3000	3333	3760	46	0.97635	4.91035	2.25916		
00:49:20	2000	3000	3333	3760	46	0.97635	4.91035	2.25916		
00:49:30	2000	3000	3333	3820	49	0.97671	4.91095	2.26037		
00:49:40	2000	3000	3333	3820	49	0.97671	4.91095	2.26037		
00:49:50	2000	3000	3333	3720	54	0.97610	4.91057	2.25863		
00:50:00	2000	3000	3333	3720	54	0.97610	4.91057	2.25863		
00:50:10	2000	3000	3333	3583	58	0.97519	4.90974	2.25595		
00:50:20	2000	3000	3333	3432	68	0.97411	4.90972	2.25320		
00:50:30	2000	3000	3333	3498	80	0.97460	4.90955	2.25436		
00:50:40	2000	3000	3333	3498	80	0.97460	4.90955	2.25436		
00:50:50	2000	3000	3333	3614	92	0.97540	4.90886	2.25608		
00:51:00	2000	3000	3333	3614	92	0.97540	4.90886	2.25608		
00:51:10	2000	3000	3333	3410	98	0.97395	4.90847	2.25222		
00:51:20	2000	3000	3333	3410	98	0.97395	4.90847	2.25222		
00:51:30	2000	3000	3333	3515	106	0.97472	4.90560	2.25285		
00:51:40	2000	3000	3333	3467	108	0.97437	4.90565	2.25199		
00:51:50	2000	3000	3333	3313	107	0.97320	4.90573	2.24904		
00:52:00	2000	3000	3333	3313	107	0.97320	4.90573	2.24904		
00:52:10	2000	3000	3333	3247	103	0.97266	4.90588	2.24775		
00:52:20	2000	3000	3333	3247	103	0.97266	4.90588	2.24775		
00:52:30	2000	3000	3333	3351	109	0.97350	4.90513	2.24954		
00:52:40	2000	3000	3333	3351	109	0.97350	4.90513	2.24954		
00:53:00	2000	3000	3333	2781	113	0.96815	4.90440	2.23562		
00:53:10	2000	3000	3333	2781	113	0.96815	4.90440	2.23562		
00:53:20	2000	3000	3333	2979	122	0.97024	4.90415	2.24081		
00:53:30	2000	3000	3333	2979	122	0.97024	4.90415	2.24081		
00:53:40	2000	2900	3333	3077	125	0.97118	4.90328	2.24279		
00:53:50	2000	2900	3333	2842	128	0.96883	4.90368	2.23701		
00:54:00	2000	2900	3333	2842	128	0.96883	4.90368	2.23701		
00:54:10	2000	2900	3333	2901	145	0.96945	4.90184	2.23776		
00:54:20	2000	2900	3333	2901	145	0.96945	4.90184	2.23776		
00:54:30	2000	2800	3333	2583	141	0.96575	4.90489	2.22975		
00:54:40	2000	2700	3333	2583	141	0.96575	4.90489	2.22975		
00:54:50	2000	2600	3333	2242	124	0.96065	4.90394	2.21636		
00:55:00	2000	2500	3333	2242	124	0.96065	4.90394	2.21636		
00:55:10	2000	2500	3333	2541	118	0.96520	4.90330	2.22764		
00:55:20	2000	2400	3333	2372	113	0.96277	4.90292	2.22130		
00:55:30	2000	2300	3333	2372	113	0.96277	4.90292	2.22130		
00:55:40	2000	2300	3333	2212	109	0.96014	4.90237	2.21436		
00:55:50	2000	2300	3333	2503	112	0.96469	4.90195	2.22571		
00:56:00	2000	2400	3333	2457	119	0.96404	4.90235	2.22425		
00:56:10	2000	2300	3333	2256	126	0.96089	4.90222	2.21621		
00:56:20	2000	2300	3333	2256	126	0.96089	4.90222	2.21621		
00:57:10	2000	2300	3333	2445	155	0.96386	4.90165	2.22348		
00:57:20	2000	2400	3333	2550	149	0.96532	4.90103	2.22690		
00:57:30	2000	2400	3333	2550	149	0.96532	4.90103	2.22690		
00:57:50	2000	2400	3333	2571	161	0.96560	4.90062	2.22743		
00:58:00	2000	2400	3333	2571	161	0.96560	4.90062	2.22743		
00:58:20	2000	2500	3333	2843	175	0.96884	4.89993	2.23533		
00:58:30	2000	2600	3333	2808	178	0.96845	4.89995	2.23436		
00:58:40	2000	2600	3333	2752	182	0.96783	4.89991	2.23275		
00:58:50	2000	2700	3333	2752	182	0.96783	4.89991	2.23275		
00:59:10	2000	2700	3333	2739	195	0.96767	4.89977	2.23229		
00:59:20	2000	2700	3333	2530	201	0.96505	4.89945	2.22551		
00:59:30	2000	2600	3333	2530	201	0.96505	4.89945	2.22551		
00:59:40	2000	2600	3333	2535	204	0.96513	4.89938	2.22566		
00:59:50	2000	2600	3333	2648	201	0.96658	4.89921	2.22928		
01:00:00	2000	2600	3331	2648	201	0.96658	4.89921	2.22928		
01:00:10	2000	2600	3333	2796	203	0.96832	4.89975	2.23394		
01:00:20	2000	2600	3333	2796	203	0.96832	4.89975	2.23394		
01:00:50	2000	2700	3333	2886	209	0.96929	4.89960	2.23633		
01:01:00	2000	2700	3333	2883	210	0.96926	4.90005	2.23645		
01:01:10	2000	2800	3333	2883	210	0.96926	4.90005	2.23645		
01:01:40	2000	2800	3333	2897	223	0.96941	4.89992	2.23677		
01:01:50	2000	2800	3333	2897	223	0.96941	4.89992	2.23677		
01:02:00	2000	2900	3333	3208	259	0.97234	4.89943	2.24397		
01:02:10	2000	2900	3333	3157	261	0.97190	4.89983	2.24304		
01:02:20	2000	3000	3333	3157	261	0.97190	4.89983	2.24304		
01:02:40	2000	3000	3333	3134	276	0.97169	4.89959	2.24240		
01:02:50	2000	3000	3333	3152	282	0.97185	4.89951	2.24278		
01:03:00	2000	3000	3333	3137	282	0.97171	4.89969	2.24251		
01:03:10	2000	3000	3333	3222	277	0.97245	4.90324	2.24601		
01:03:20	2000	3000	3333	3097	270	0.97136	4.90318	2.24320		
01:03:30	2000	3000	3333	3097	270	0.97136	4.90318	2.24320		
01:03:40	2000	3000	3333	3246	237	0.97265	4.90267	2.24626		
01:03:50	2000	3000	3333	3246	237	0.97265	4.90267	2.24626		
01:04:10	2000	3000	3333	3278	201	0.97292	4.90274	2.24697		
01:04:20	2000	3000	3333	3335	201	0.97337	4.90250	2.24801		
01:04:30	2000	3000	3333	3335	201	0.97337	4.90250	2.24801		
01:05:00	2000	3000	3333	3343	209	0.97344	4.90199	2.24793		
01:05:10	2000	3000	3333	3285	207	0.97297	4.90163	2.24659		
01:05:20	2000	3000	3333	3264	194	0.97280	4.90208	2.24636		
01:05:30	2000	3000	3333	3264	194	0.97280	4.90208	2.24636		
01:05:40	2000	3000	3333	3359	189	0.97356	4.90213	2.24831		
01:05:50	2000	3000	3333	3303	192	0.97312	4.90220	2.24723		
01:06:00	2000	3000	3333	3260	190	0.97277	4.90207	2.24629		
01:06:10	2000	3000	3333	3327	175	0.97331	4.90450	2.24877		
01:06:20	2000	3000	3333	3327	175	0.97331	4.90450	2.24877		
01:06:40	2000	3000	3333	3284	160	0.97297	4.90312	2.24726		
01:06:50	2000	3000	3333	3294	172	0.97305	4.90343	2.24761		
01:07:00	2000	3000	3333	3232	177	0.97254	4.90297	2.24611		
01:07:10	2000	3000	3333	3296	175	0.97306	4.90327	2.24757		
01:07:20	2000	3000	3333	3230	164	0.97252	4.90272	2.24594		
01:07:30	2000	3000	3333	3230	164	0.97252	4.90272	2.24594		
01:07:40	2000	3000	3333	3230	142	0.97252	4.90288	2.24602		
01:07:50	2000	3000	3333	3230	142	0.97252	4.90288	2.24602		
01:08:00	2000	3000	3333	3174	142	0.97204	4.90337	2.24503		
01:08:10	2000	3000	3333	3174	142	0.97204	4.90337	2.24503		
01:08:20	2000	3000	3333	3230	144	0.97252	4.90315	2.24615		
01:08:30	2000	3000	3333	3230	144	0.97252	4.90315	2.24615		
01:08:40	2000	3000	3333	3221	143	0.97245	4.90262	2.24571		
01:08:50	2000	3000	3333	3221	143	0.97245	4.90262	2.24571		
01:10:10	2000	3000	3333	3298	121	0.97308	4.90341	2.24767		
01:10:20	2000	3000	3333	3298	121	0.97308	4.90341	2.24767		
01:10:40	2000	3000	3333	3285	163	0.97297	4.90266	2.24706		
01:10:50	2000	3000	3333	3285	163	0.97297	4.90266	2.24706		
01:12:00	2000	3000	3333	3161	161	0.97193	4.90320	2.24467		
01:12:10	2000	3000	3333	3161	161	0.97193	4.90320	2.24467		
01:12:30	2000	3000	3333	3120	186	0.97157	4.90546	2.24478		
01:12:40	2000	3000	3333	2955	188	0.97000	4.90465	2.24044		
01:12:50	2000	3000	3333	3003	185	0.97047	4.90475	2.24168		
01:13:00	2000	3000	3333	3003	185	0.97047	4.90475	2.24168		
01:13:10	2000	3000	3333	3096	174	0.97135	4.90494	2.24399		
01:13:20	2000	3000	3333	3096	174	0.97135	4.90494	2.24399		
01:14:10	2000	3000	3333	3137	145	0.97172	4.90409	2.24454		
01:14:20	2000	3000	3333	3086	159	0.97125	4.90393	2.24328		
01:14:30	2000	3000	3333	3161	168	0.97193	4.90396	2.24501		
01:14:40	2000	3000	3333	3161	168	0.97193	4.90396	2.24501		
01:15:30	2000	3000	3333	2937	216	0.96982	4.90388	2.23962		
01:15:40	2000	3000	3333	3006	244	0.97050	4.90381	2.24132		
01:15:50	2000	3000	3333	3006	244	0.97050	4.90381	2.24132		
01:16:20	2000	3000	3333	3117	290	0.97154	4.90394	2.24402		
01:16:30	2000	3000	3333	2975	311	0.97020	4.90413	2.24069		
01:16:40	2000	3000	3333	2975	311	0.97020	4.90413	2.24069		
01:17:00	2000	3000	3333	3218	302	0.97242	4.90357	2.24607		
01:17:10	2000	3000	3333	3218	302	0.97242	4.90357	2.24607		
01:17:20	2000	3000	3333	3303	271	0.97312	4.90424	2.24817		
01:17:30	2000	3000	3333	3244	266	0.97264	4.90530	2.24742		
01:17:40	2000	3000	3333	3286	241	0.97298	4.90443	2.24790		
01:17:50	2000	3000	3333	3220	222	0.97243	4.90488	2.24671		
01:18:00	2000	3000	3333	3220	222	0.97243	4.90488	2.24671		
01:18:20	2000	3000	3333	3206	195	0.97232	4.90477	2.24637		
01:18:30	2000	3000	3333	3206	195	0.97232	4.90477	2.24637		
01:19:20	2000	3000	3333	2844	155	0.96885	4.90476	2.23756		
01:19:30	2000	3000	3333	2844	155	0.96885	4.90476	2.23756		
01:20:20	2000	3000	3333	2854	183	0.96895	4.90438	2.23765		
01:20:30	2000	2900	3333	2967	174	0.97013	4.90437	2.24062		
01:20:40	2000	2900	3333	2967	174	0.97013	4.90437	2.24062		
01:21:00	2000	2800	3333	2908	177	0.96953	4.90469	2.23925		
01:21:10	2000	2900	3333	2908	177	0.96953	4.90469	2.23925		
01:21:30	2000	2900	3333	2900	183	0.96944	4.90892	2.24096		
01:21:40	2000	2900	3333	2900	183	0.96944	4.90892	2.24096		
01:22:00	2000	2900	3333	2891	189	0.96935	4.90801	2.24032		
01:22:10	2000	2800	3333	2873	188	0.96916	4.90787	2.23976		
01:22:20	2000	2900	3333	2994	194	0.97039	4.90801	2.24295		
01:22:30	2000	2900	3333	2994	194	0.97039	4.90801	2.24295		
01:22:50	2000	2900	3333	2909	211	0.96954	4.90787	2.24072		
01:23:00	2000	2900	3333	2909	211	0.96954	4.90787	2.24072		
01:23:20	2000	2900	3333	3026	223	0.97070	4.90776	2.24362		
01:23:30	2000	2900	3333	3130	218	0.97166	4.90744	2.24591		
01:23:40	2000	3000	3333	3087	212	0.97127	4.90874	2.24552		
01:23:50	2000	3000	3333	3087	212	0.97127	4.90874	2.24552		
01:24:20	2000	3000	3333	3132	177	0.97168	4.91290	2.24846		
01:24:30	2000	3000	3333	3132	177	0.97168	4.91290	2.24846		
01:24:40	2000	3000	3333	3180	184	0.97210	4.91225	2.24923		
01:24:50	2000	3000	3333	3267	190	0.97283	4.91198	2.25097		
01:25:00	2000	3000	3333	3154	197	0.97186	4.91168	2.24838		
01:25:10	2000	3000	3333	3168	195	0.97199	4.91152	2.24863		
01:25:20	2000	3000	3333	3168	195	0.97199	4.91152	2.24863		
01:25:30	2000	3000	3333	3163	188	0.97195	4.91169	2.24860		
01:25:40	2000	3000	3333	3133	184	0.97168	4.91109	2.24764		
01:25:50	2000	3000	3333	3072	171	0.97113	4.91045	2.24595		
01:26:00	2000	3000	3333	3095	162	0.97134	4.91026	2.24640		
01:26:10	2000	3000	3333	3095	162	0.97134	4.91026	2.24640		
01:26:30	2000	3000	3333	3094	157	0.97133	4.91182	2.24708		
01:26:40	2000	3000	3333	3094	157	0.97133	4.91182	2.24708		
01:26:50	2000	3000	3333	2880	156	0.96923	4.91424	2.24285		
01:27:00	2000	3000	3333	2880	156	0.96923	4.91424	2.24285		
01:27:10	2000	2900	3333	2915	186	0.96960	4.91248	2.24299		
01:27:20	2000	2900	3333	2915	186	0.96960	4.91248	2.24299		
01:28:20	2000	2900	3333	2953	161	0.96999	4.91169	2.24361		
01:28:30	2000	2900	3333	2944	154	0.96989	4.91060	2.24287		
01:28:40	2000	2900	3333	2944	154	0.96989	4.91060	2.24287		
01:29:00	2000	2900	3333	2939	171	0.96984	4.91025	2.24259		
01:29:10	2000	2900	3333	2904	184	0.96948	4.91017	2.24163		
01:29:20	2000	2900	3333	2904	184	0.96948	4.91017	2.24163		
01:29:30	2000	2900	3333	2912	188	0.96957	4.90987	2.24171		
01:29:40	2000	2900	3333	2912	188	0.96957	4.90987	2.24171		
01:30:10	2000	2800	3333	2705	176	0.96728	4.96360	2.26036		
01:30:20	2000	2800	3333	2980	170	0.97025	4.90698	2.24212		
01:30:30	2000	2800	3333	2980	170	0.97025	4.90698	2.24212		
01:30:40	2000	2900	3333	2963	165	0.97008	4.90627	2.24137		
01:30:50	2000	2900	3333	2963	165	0.97008	4.90627	2.24137		
01:31:40	2000	2900	3333	3082	153	0.97122	4.90758	2.24486		
01:31:50	2000	3000	3333	3082	153	0.97122	4.90758	2.24486		
01:32:10	2000	3000	3333	3122	169	0.97159	4.90687	2.24547		
01:32:20	2000	3000	3333	3122	169	0.97159	4.90687	2.24547		
01:32:30	2000	3000	3333	3117	169	0.97154	4.90694	2.24538		
01:32:40	2000	3000	3333	3117	169	0.97154	4.90694	2.24538		
01:32:50	2000	3000	3333	3103	151	0.97141	4.90664	2.24492		
01:33:00	2000	3000	3333	3103	151	0.97141	4.90664	2.24492		
01:33:10	2000	3000	3333	3115	155	0.97152	4.90646	2.24512		
01:33:20	2000	3000	3333	2982	169	0.97027	4.94096	2.25771		
01:33:30	2000	3000	3333	2982	169	0.97027	4.94096	2.25771		
01:33:40	2000	3000	3333	3072	189	0.97113	4.90624	2.24402		
01:33:50	2000	3000	3333	3219	195	0.97243	4.90711	2.24772		
01:34:00	2000	3000	3333	3219	195	0.97243	4.90711	2.24772		
01:34:10	2000	3000	3333	3056	210	0.97098	4.90698	2.24399		
01:34:20	2000	3000	3333	3056	210	0.97098	4.90698	2.24399		
01:35:00	2000	3000	3333	3045	243	0.97087	4.90601	2.24327		
01:35:10	2000	3000	3333	3045	243	0.97087	4.90601	2.24327		
01:35:20	2000	3000	3333	2882	227	0.96925	4.90613	2.23921		
01:35:30	2000	2900	3333	2901	220	0.96945	4.90621	2.23974		
01:35:40	2000	2900	3333	2901	220	0.96945	4.90621	2.23974		
01:36:10	2000	2900	3333	2982	202	0.97027	4.90625	2.24185		
01:36:20	2000	2900	3333	2982	202	0.97027	4.90625	2.24185		
01:37:30	2000	2900	3333	2788	247	0.96824	4.90727	2.23715		
01:37:40	2000	2800	3333	2788	247	0.96824	4.90727	2.23715		
01:37:50	2000	2800	3333	2829	237	0.96868	4.90818	2.23870		
01:38:00	2000	2800	3333	2776	241	0.96810	4.90674	2.23656		
01:38:10	2000	2800	3333	2776	241	0.96810	4.90674	2.23656		
01:38:40	2000	2700	3333	2707	299	0.96730	4.90747	2.23486		
01:38:50	2000	2700	3322	2655	297	0.96666	4.90724	2.23314		
01:39:00	2000	2700	3288	2655	297	0.96666	4.90724	2.23314		
01:39:10	2000	2700	3256	2795	327	0.96831	4.90873	2.23801		
01:39:20	2000	2700	3232	2795	327	0.96831	4.90873	2.23801		


			DELHI AIRPORT : 30 m Base line


Time	RVR	 MOR	RVR	MOR	BLM	Trf	 Ref(v)	PD(v)
	(limited)	(limited)	(actual)	(actual)



			DELHI AIRPORT : 30 m Base line


Time	RVR	 MOR	RVR	MOR	BLM	Trf	 Ref(v)	PD(v)
	(limited)	(limited)	(actual)	(actual)



			DELHI AIRPORT : 30 m Base line


Time	RVR	 MOR	RVR	MOR	BLM	Trf	 Ref(v)	PD(v)
	(limited)	(limited)	(actual)	(actual)

