

			DELHI AIRPORT : 30 m Base line


Time	RVR	 MOR	RVR	MOR	BLM	Trf	 Ref(v)	PD(v)
	(limited)	(limited)	(actual)	(actual)

07:11:07	2000	3000	709	4258	8012	0.97909	4.85954	2.24268		
07:11:17	2000	3000	1414	4229	7848	0.97894	4.85988	2.24247		
07:11:27	2000	3000	2119	4229	7848	0.97894	4.85988	2.24247		
07:11:47	2000	3000	2817	4188	7107	0.97874	4.86009	2.24206		
07:11:57	2000	3000	3333	4188	7107	0.97874	4.86009	2.24206		
07:12:47	2000	3000	3333	4413	6967	0.97981	4.85979	2.24462		
07:12:57	2000	3000	3333	4413	6967	0.97981	4.85979	2.24462		
07:13:07	2000	3000	3333	4274	7149	0.97916	4.85876	2.24251		
07:13:17	2000	3000	3333	4381	7253	0.97967	4.85835	2.24359		
07:13:27	2000	3000	3333	4381	7253	0.97967	4.85835	2.24359		
07:13:47	2000	3000	3333	4675	7438	0.98093	4.85881	2.24699		
07:13:57	2000	3000	3333	4675	7438	0.98093	4.85881	2.24699		


			DELHI AIRPORT : 30 m Base line


Time	RVR	 MOR	RVR	MOR	BLM	Trf	 Ref(v)	PD(v)
	(limited)	(limited)	(actual)	(actual)

07:19:04	2000	3000	688	4130	6394	0.97845	4.85783	2.24028		
07:19:14	2000	3000	1376	4130	6394	0.97845	4.85783	2.24028		
07:19:24	2000	3000	2065	4130	6394	0.97845	4.85783	2.24028		
07:19:44	2000	3000	2825	4563	5935	0.98047	4.85818	2.24553		
07:19:54	2000	3000	3333	4563	5935	0.98047	4.85818	2.24553		
07:20:04	2000	3000	3333	4563	5935	0.98047	4.85818	2.24553		
07:20:14	2000	3000	3333	5463	5645	0.98366	4.85815	2.25354		
07:20:24	2000	3000	3333	5463	5645	0.98366	4.85815	2.25354		
07:20:34	2000	3000	3333	5463	5645	0.98366	4.85815	2.25354		
07:24:44	2000	3000	3333	4578	6776	0.98053	4.85798	2.24560		
07:24:54	2000	3000	3333	4578	6776	0.98053	4.85798	2.24560		
07:25:04	2000	3000	3333	4578	6776	0.98053	4.85798	2.24560		
07:27:34	2000	3000	3333	4284	7598	0.97921	4.85839	2.24246		
07:27:44	2000	3000	3333	4284	7598	0.97921	4.85839	2.24246		
07:27:54	2000	3000	3333	4284	7598	0.97921	4.85839	2.24246		
07:28:04	2000	3000	3333	4259	7369	0.97909	4.85799	2.24197		
07:28:14	2000	3000	3333	4000	7293	0.97775	4.85748	2.23837		
07:28:24	2000	3000	3333	4000	7293	0.97775	4.85748	2.23837		
07:28:34	2000	3000	3333	4000	7293	0.97775	4.85748	2.23837		
07:29:24	2000	3000	3333	4003	7730	0.97777	4.85704	2.23821		
07:29:34	2000	3000	3333	4003	7730	0.97777	4.85704	2.23821		
07:29:44	2000	3000	3333	4151	7975	0.97855	4.85687	2.24010		
07:29:54	2000	3000	3333	3934	8107	0.97738	4.85665	2.23706		
07:30:04	2000	3000	3333	3952	8227	0.97748	4.85674	2.23736		
07:30:14	2000	3000	3333	4019	8330	0.97785	4.85696	2.23839		
07:30:24	2000	3000	3333	4019	8330	0.97785	4.85696	2.23839		
07:30:34	2000	3000	3333	3799	8493	0.97659	4.85665	2.23507		
07:30:44	2000	3000	3333	3799	8493	0.97659	4.85665	2.23507		
07:30:54	2000	3000	3333	3910	8538	0.97724	4.85695	2.23685		
07:31:04	2000	3000	3333	4067	8534	0.97811	4.85706	2.23909		
07:31:14	2000	3000	3333	4067	8534	0.97811	4.85706	2.23909		
07:31:24	2000	3000	3333	4067	8534	0.97811	4.85706	2.23909		
07:31:44	2000	3000	3333	4198	8528	0.97879	4.85602	2.24031		
07:31:54	2000	3000	3333	4198	8528	0.97879	4.85602	2.24031		
07:32:04	2000	3000	3333	3944	8571	0.97744	4.85661	2.23719		
07:32:14	2000	3000	3333	3944	8571	0.97744	4.85661	2.23719		
07:32:24	2000	3000	3333	4116	8566	0.97837	4.85630	2.23938		
07:32:34	2000	3000	3333	4116	8566	0.97837	4.85630	2.23938		
07:32:44	2000	3000	3333	4151	8526	0.97855	4.85675	2.24005		
07:32:54	2000	3000	3333	4151	8526	0.97855	4.85675	2.24005		
07:33:04	2000	3000	3333	4151	8526	0.97855	4.85675	2.24005		
07:34:04	2000	3000	3333	4133	8323	0.97846	4.85653	2.23972		
07:34:14	2000	3000	3333	4133	8323	0.97846	4.85653	2.23972		
07:34:24	2000	3000	3333	4439	8247	0.97993	4.85670	2.24349		
07:34:34	2000	3000	3333	4439	8247	0.97993	4.85670	2.24349		
07:34:44	2000	3000	3333	4439	8247	0.97993	4.85670	2.24349		
07:34:54	2000	3000	3333	4214	8029	0.97887	4.85656	2.24076		
07:35:04	2000	3000	3333	4214	8029	0.97887	4.85656	2.24076		
07:35:14	2000	3000	3333	4214	8029	0.97887	4.85656	2.24076		
07:36:04	2000	3000	3333	4240	7073	0.97900	4.85644	2.24102		
07:36:14	2000	3000	3333	4240	7073	0.97900	4.85644	2.24102		
07:36:24	2000	3000	3333	4240	7073	0.97900	4.85644	2.24102		
07:36:54	2000	3000	3333	4195	6723	0.97878	4.85683	2.24065		
07:37:04	2000	3000	3333	4021	6661	0.97787	4.85694	2.23841		
07:37:14	2000	3000	3333	4021	6661	0.97787	4.85694	2.23841		
07:37:24	2000	3000	3333	4021	6661	0.97787	4.85694	2.23841		
07:37:34	2000	3000	3333	3994	6454	0.97772	4.85682	2.23799		
07:37:44	2000	3000	3333	3994	6454	0.97772	4.85682	2.23799		
07:37:54	2000	3000	3333	3994	6454	0.97772	4.85682	2.23799		
07:38:34	2000	3000	3333	4032	6124	0.97792	4.85695	2.23856		
07:38:44	2000	3000	3333	4032	6124	0.97792	4.85695	2.23856		
07:38:54	2000	3000	3333	4026	6058	0.97789	4.85674	2.23839		
07:39:04	2000	3000	3333	4026	6058	0.97789	4.85674	2.23839		
07:39:14	2000	3000	3333	4026	6058	0.97789	4.85674	2.23839		
07:39:34	2000	3000	3333	3946	6024	0.97745	4.85681	2.23730		
07:39:44	2000	3000	3333	3946	6024	0.97745	4.85681	2.23730		
07:39:54	2000	3000	3333	3946	6024	0.97745	4.85681	2.23730		
07:41:14	2000	3000	3333	3945	5873	0.97745	4.85710	2.23743		
07:41:24	2000	3000	3333	3945	5873	0.97745	4.85710	2.23743		
07:41:34	2000	3000	3333	3945	5873	0.97745	4.85710	2.23743		
07:41:44	2000	3000	3333	4091	5915	0.97824	4.85690	2.23934		
07:41:54	2000	3000	3333	4091	5915	0.97824	4.85690	2.23934		
07:42:04	2000	3000	3333	4091	5915	0.97824	4.85690	2.23934		
07:42:24	2000	3000	3333	3852	6122	0.97691	4.85678	2.23593		
07:42:34	2000	3000	3333	3884	6211	0.97710	4.85684	2.23643		
07:42:44	2000	3000	3333	3838	6315	0.97682	4.85644	2.23556		
07:42:54	2000	3000	3333	3838	6315	0.97682	4.85644	2.23556		
07:43:04	2000	3000	3333	3628	6506	0.97550	4.85711	2.23254		
07:43:14	2000	3000	3333	3672	6591	0.97579	4.85710	2.23326		
07:43:24	2000	3000	3333	3727	6668	0.97614	4.85684	2.23403		
07:43:34	2000	3000	3333	3727	6668	0.97614	4.85684	2.23403		
07:43:44	2000	3000	3333	3665	6779	0.97574	4.85655	2.23289		
07:43:54	2000	3000	3333	3579	6830	0.97517	4.85645	2.23140		
07:44:04	2000	3000	3333	3579	6830	0.97517	4.85645	2.23140		
07:44:14	2000	3000	3333	3552	6944	0.97498	4.85688	2.23113		
07:44:24	2000	3000	3333	3552	6944	0.97498	4.85688	2.23113		
07:44:34	2000	3000	3333	3552	6944	0.97498	4.85688	2.23113		
07:44:44	2000	3000	3333	3583	7003	0.97519	4.85666	2.23156		
07:44:54	2000	3000	3333	3583	7003	0.97519	4.85666	2.23156		
07:45:04	2000	3000	3333	3583	7003	0.97519	4.85666	2.23156		
07:45:24	2000	3000	3333	3505	7000	0.97465	4.85670	2.23021		
07:45:34	2000	3000	3333	3505	7000	0.97465	4.85670	2.23021		
07:45:44	2000	3000	3333	3505	7000	0.97465	4.85670	2.23021		
07:45:54	2000	3000	3333	3586	6974	0.97521	4.85669	2.23163		
07:46:04	2000	3000	3333	3497	6962	0.97459	4.85705	2.23023		
07:46:14	2000	3000	3333	3497	6962	0.97459	4.85705	2.23023		
07:46:24	2000	3000	3333	3497	6962	0.97459	4.85705	2.23023		
07:47:14	2000	3000	3333	3483	7061	0.97449	4.85695	2.22994		
07:47:24	2000	3000	3333	3483	7061	0.97449	4.85695	2.22994		
07:47:34	2000	3000	3333	3483	7061	0.97449	4.85695	2.22994		
07:47:54	2000	3000	3333	3789	6962	0.97653	4.85679	2.23498		
07:48:04	2000	3000	3333	3752	6921	0.97630	4.85895	2.23539		
07:48:14	2000	3000	3333	3752	6921	0.97630	4.85895	2.23539		
07:48:24	2000	3000	3333	3624	6823	0.97547	4.85693	2.23239		
07:48:34	2000	3000	3333	3624	6823	0.97547	4.85693	2.23239		
07:48:44	2000	3000	3333	3624	6823	0.97547	4.85693	2.23239		
07:49:04	2000	3000	3333	3889	6421	0.97713	4.85781	2.23695		
07:49:14	2000	3000	3333	3648	6276	0.97563	4.85725	2.23294		
07:49:24	2000	3000	3333	3648	6276	0.97563	4.85725	2.23294		
07:49:34	2000	3000	3333	3648	6276	0.97563	4.85725	2.23294		
07:49:44	2000	3000	3333	3860	5841	0.97696	4.85817	2.23669		
07:49:54	2000	3000	3333	3860	5841	0.97696	4.85817	2.23669		
07:50:04	2000	3000	3333	3860	5841	0.97696	4.85817	2.23669		
07:52:34	2000	3000	3333	3630	4186	0.97551	4.85697	2.23251		
07:52:44	2000	3000	3333	3630	4186	0.97551	4.85697	2.23251		
07:52:54	2000	3000	3333	3630	4186	0.97551	4.85697	2.23251		
07:53:44	2000	3000	3333	3628	4017	0.97550	4.86619	2.23671		
07:53:54	2000	3000	3333	3557	3987	0.97502	4.86602	2.23542		
07:54:04	2000	3000	3333	3557	3987	0.97502	4.86602	2.23542		
07:54:14	2000	3000	3333	3533	3930	0.97485	4.86584	2.23491		
07:54:24	2000	3000	3333	3533	3930	0.97485	4.86584	2.23491		
07:54:34	2000	3000	3333	3533	3930	0.97485	4.86584	2.23491		
07:55:24	2000	3000	3333	3543	3831	0.97492	4.86535	2.23487		
07:55:34	2000	3000	3333	3632	3829	0.97552	4.86531	2.23637		
07:55:44	2000	3000	3333	3632	3829	0.97552	4.86531	2.23637		
07:55:54	2000	3000	3333	3675	3843	0.97581	4.86557	2.23721		
07:56:04	2000	3000	3333	3580	3848	0.97517	4.86571	2.23567		
07:56:14	2000	3000	3333	3580	3848	0.97517	4.86571	2.23567		
07:56:24	2000	3000	3333	3580	3848	0.97517	4.86571	2.23567		
07:57:04	2000	3000	3333	3609	3820	0.97537	4.86558	2.23611		
07:57:14	2000	3000	3333	3609	3820	0.97537	4.86558	2.23611		
07:57:24	2000	3000	3333	3750	3791	0.97629	4.86645	2.23882		
07:57:34	2000	3000	3333	3750	3791	0.97629	4.86645	2.23882		
07:57:44	2000	3000	3333	3750	3791	0.97629	4.86645	2.23882		
07:58:44	2000	3000	3333	3601	3483	0.97531	4.86298	2.23477		
07:58:54	2000	3000	3333	3601	3483	0.97531	4.86298	2.23477		
07:59:04	2000	3000	3333	3601	3483	0.97531	4.86298	2.23477		
07:59:44	2000	3000	3333	3594	3184	0.97527	4.86633	2.23620		
07:59:54	2000	3000	3333	3594	3184	0.97527	4.86633	2.23620		
08:00:04	2000	3000	3333	3594	3184	0.97527	4.86633	2.23620		
08:00:44	2000	3000	3333	3821	3203	0.97672	4.86398	2.23878		
08:00:54	2000	3000	3333	3712	3218	0.97605	4.86380	2.23699		
08:01:04	2000	3000	3333	3712	3218	0.97605	4.86380	2.23699		
08:01:14	2000	3000	3333	3673	3253	0.97580	4.86379	2.23636		
08:01:24	2000	3000	3333	3673	3253	0.97580	4.86379	2.23636		
08:01:34	2000	3000	3333	3673	3253	0.97580	4.86379	2.23636		
08:02:14	2000	3000	3333	3763	3315	0.97637	4.86567	2.23866		
08:02:24	2000	3000	3333	3838	3316	0.97682	4.86575	2.23984		
08:02:34	2000	3000	3333	3826	3317	0.97675	4.86589	2.23973		
08:02:44	2000	3000	3333	3839	3326	0.97683	4.86594	2.23994		
08:02:54	2000	3000	3333	3875	3335	0.97704	4.86616	2.24058		
08:03:04	2000	3000	3333	3766	3339	0.97639	4.86546	2.23861		
08:03:14	2000	3000	3333	3766	3339	0.97639	4.86546	2.23861		
08:03:24	2000	3000	3333	3766	3339	0.97639	4.86546	2.23861		
08:03:34	2000	3000	3333	3820	3404	0.97672	4.86548	2.23945		
08:03:44	2000	3000	3333	3820	3404	0.97672	4.86548	2.23945		
08:03:54	2000	3000	3333	3820	3404	0.97672	4.86548	2.23945		
08:04:14	2000	3000	3333	3850	3536	0.97690	4.86593	2.24011		
08:04:24	2000	3000	3333	3850	3536	0.97690	4.86593	2.24011		
08:04:34	2000	3000	3333	3850	3536	0.97690	4.86593	2.24011		
08:05:04	2000	3000	3333	3840	3598	0.97684	4.86252	2.23839		
08:05:14	2000	3000	3333	3899	3613	0.97718	4.86265	2.23932		
08:05:24	2000	3000	3333	3909	3639	0.97724	4.86263	2.23945		
08:05:34	2000	3000	3333	3962	3675	0.97754	4.86264	2.24022		
08:05:44	2000	3000	3333	3962	3675	0.97754	4.86264	2.24022		
08:05:54	2000	3000	3333	3943	3764	0.97743	4.86249	2.23988		
08:06:04	2000	3000	3333	3943	3764	0.97743	4.86249	2.23988		
08:06:14	2000	3000	3333	3916	3861	0.97728	4.86277	2.23962		
08:06:24	2000	3000	3333	3895	3910	0.97716	4.86236	2.23913		
08:06:34	2000	3000	3333	3895	3910	0.97716	4.86236	2.23913		
08:06:44	2000	3000	3333	3836	4007	0.97681	4.86280	2.23846		
08:06:54	2000	3000	3333	3836	4007	0.97681	4.86280	2.23846		
08:07:04	2000	3000	3333	3836	4007	0.97681	4.86280	2.23846		
08:07:24	2000	3000	3333	3939	4123	0.97741	4.86172	2.23947		
08:07:34	2000	3000	3333	3939	4123	0.97741	4.86172	2.23947		
08:07:44	2000	3000	3333	3758	4166	0.97634	4.86169	2.23675		
08:07:54	2000	3000	3333	3815	4222	0.97669	4.86157	2.23758		
08:08:04	2000	3000	3333	3815	4222	0.97669	4.86157	2.23758		
08:08:14	2000	3000	3333	3815	4222	0.97669	4.86157	2.23758		
08:08:54	2000	3000	3333	3661	4628	0.97571	4.86190	2.23528		
08:09:04	2000	3000	3333	3477	4745	0.97445	4.86205	2.23216		
08:09:14	2000	3000	3333	3641	4863	0.97558	4.86363	2.23575		
08:09:24	2000	3000	3333	3518	4956	0.97474	4.86227	2.23301		
08:09:34	2000	3000	3333	3518	4956	0.97474	4.86227	2.23301		
08:09:44	2000	3000	3333	3518	4956	0.97474	4.86227	2.23301		
08:09:54	2000	3000	3333	3515	5226	0.97472	4.86204	2.23285		
08:10:04	2000	3000	3333	3515	5226	0.97472	4.86204	2.23285		
08:10:14	2000	3000	3333	3515	5226	0.97472	4.86204	2.23285		
08:11:14	2000	3000	3333	3391	5381	0.97381	4.86708	2.23286		
08:11:24	2000	3000	3333	3391	5381	0.97381	4.86708	2.23286		
08:11:34	2000	3000	3333	3475	5235	0.97444	4.86265	2.23241		
08:11:44	2000	3000	3333	3475	5235	0.97444	4.86265	2.23241		
08:11:54	2000	3000	3333	3402	5032	0.97389	4.86540	2.23230		
08:12:04	2000	3000	3333	3402	5032	0.97389	4.86540	2.23230		
08:12:14	2000	3000	3333	3402	5032	0.97389	4.86540	2.23230		
08:13:04	2000	3000	3333	3464	4380	0.97435	4.86622	2.23383		
08:13:14	2000	3000	3333	3464	4380	0.97435	4.86622	2.23383		
08:13:24	2000	3000	3333	3536	4248	0.97487	4.86469	2.23444		
08:13:34	2000	3000	3333	3536	4248	0.97487	4.86469	2.23444		
08:13:44	2000	3000	3333	3536	4248	0.97487	4.86469	2.23444		
08:15:34	2000	3000	3333	3536	3948	0.97487	4.86199	2.23319		
08:15:44	2000	3000	3333	3536	3948	0.97487	4.86199	2.23319		
08:15:54	2000	3000	3333	3536	3948	0.97487	4.86199	2.23319		
08:16:14	2000	3000	3333	3559	3885	0.97503	4.86282	2.23398		
08:16:24	2000	3000	3333	3559	3885	0.97503	4.86282	2.23398		
08:16:34	2000	3000	3333	3559	3885	0.97503	4.86282	2.23398		
08:17:04	2000	3000	3333	3680	3764	0.97584	4.85694	2.23331		
08:17:14	2000	3000	3333	3680	3764	0.97584	4.85694	2.23331		
08:17:24	2000	3000	3333	3680	3764	0.97584	4.85694	2.23331		
08:18:54	2000	3000	3333	3858	3750	0.97694	4.85682	2.23603		
08:19:04	2000	3000	3333	3858	3750	0.97694	4.85682	2.23603		
08:19:14	2000	3000	3333	3858	3750	0.97694	4.85682	2.23603		
08:20:04	2000	3000	3333	3928	3700	0.97735	4.85743	2.23733		
08:20:14	2000	3000	3333	3928	3700	0.97735	4.85743	2.23733		
08:20:24	2000	3000	3333	3928	3700	0.97735	4.85743	2.23733		
08:21:54	2000	3000	3333	4171	3661	0.97865	4.85846	2.24109		
08:22:04	2000	3000	3333	4171	3661	0.97865	4.85846	2.24109		
08:22:14	2000	3000	3333	4171	3661	0.97865	4.85846	2.24109		
08:22:44	2000	3000	3333	4056	3665	0.97806	4.86792	2.24395		
08:22:54	2000	3000	3333	3987	3668	0.97768	4.86840	2.24322		
08:23:04	2000	3000	3333	4054	3672	0.97805	4.86800	2.24396		
08:23:14	2000	3000	3333	4054	3672	0.97805	4.86800	2.24396		
08:23:24	2000	3000	3333	4039	3690	0.97796	4.86735	2.24345		
08:23:34	2000	3000	3333	4039	3690	0.97796	4.86735	2.24345		
08:23:44	2000	3000	3333	4039	3690	0.97796	4.86735	2.24345		
08:24:34	2000	3000	3333	4227	3889	0.97893	4.86811	2.24625		
08:24:44	2000	3000	3333	4227	3889	0.97893	4.86811	2.24625		
08:24:54	2000	3000	3333	4227	3889	0.97893	4.86811	2.24625		
08:25:44	2000	3000	3333	4296	4688	0.97927	4.86957	2.24776		
08:25:54	2000	3000	3333	4296	4688	0.97927	4.86957	2.24776		
08:26:04	2000	3000	3333	4296	4688	0.97927	4.86957	2.24776		
08:26:14	2000	3000	3333	4251	5165	0.97905	4.87136	2.24804		
08:26:24	2000	3000	3333	3926	5305	0.97733	4.87749	2.24654		
08:26:34	2000	3000	3333	3926	5305	0.97733	4.87749	2.24654		
08:26:44	2000	3000	3333	3926	5305	0.97733	4.87749	2.24654		
08:28:34	2000	3000	3333	4181	5932	0.97871	4.87779	2.25014		
08:28:44	2000	3000	3333	4181	5932	0.97871	4.87779	2.25014		
08:28:54	2000	3000	3333	4181	5932	0.97871	4.87779	2.25014		
08:29:04	2000	3000	3333	4228	6013	0.97894	4.86825	2.24633		
08:29:14	2000	3000	3333	4199	6008	0.97879	4.87648	2.24976		
08:29:24	2000	3000	3333	4387	5981	0.97970	4.87504	2.25137		
08:29:34	2000	3000	3333	4574	5944	0.98051	4.87373	2.25283		
08:29:44	2000	3000	3333	4574	5944	0.98051	4.87373	2.25283		
08:29:54	2000	3000	3333	4574	5944	0.98051	4.87373	2.25283		
08:30:54	2000	3000	3333	4190	5500	0.97875	4.86928	2.24632		
08:31:04	2000	3000	3333	4190	5500	0.97875	4.86928	2.24632		
08:31:14	2000	3000	3333	4190	5500	0.97875	4.86928	2.24632		
08:31:34	2000	3000	3333	4266	5385	0.97912	4.86903	2.24715		
08:31:44	2000	3000	3333	4283	5379	0.97921	4.86809	2.24693		
08:31:54	2000	3000	3333	4283	5379	0.97921	4.86809	2.24693		
08:32:04	2000	3000	3333	4283	5379	0.97921	4.86809	2.24693		
08:32:24	2000	3000	3333	4346	5398	0.97950	4.86712	2.24723		
08:32:34	2000	3000	3333	4266	5394	0.97912	4.86707	2.24625		
08:32:44	2000	3000	3333	4266	5394	0.97912	4.86707	2.24625		
08:32:54	2000	3000	3333	4410	5363	0.97980	4.86718	2.24800		
08:33:04	2000	3000	3333	4410	5363	0.97980	4.86718	2.24800		
08:33:14	2000	3000	3333	4147	5321	0.97853	4.86726	2.24484		
08:33:24	2000	3000	3333	4147	5321	0.97853	4.86726	2.24484		
08:33:34	2000	3000	3333	4147	5321	0.97853	4.86726	2.24484		


			DELHI AIRPORT : 30 m Base line


Time	RVR	 MOR	RVR	MOR	BLM	Trf	 Ref(v)	PD(v)
	(limited)	(limited)	(actual)	(actual)



			DELHI AIRPORT : 30 m Base line


Time	RVR	 MOR	RVR	MOR	BLM	Trf	 Ref(v)	PD(v)
	(limited)	(limited)	(actual)	(actual)



			DELHI AIRPORT : 30 m Base line


Time	RVR	 MOR	RVR	MOR	BLM	Trf	 Ref(v)	PD(v)
	(limited)	(limited)	(actual)	(actual)



			DELHI AIRPORT : 30 m Base line


Time	RVR	 MOR	RVR	MOR	BLM	Trf	 Ref(v)	PD(v)
	(limited)	(limited)	(actual)	(actual)

08:50:55	2000	3000	705	4230	4799	0.97895	4.86371	2.24426		
08:51:05	2000	3000	1410	4230	4799	0.97895	4.86371	2.24426		
08:51:15	2000	3000	2077	4007	4899	0.97779	4.87683	2.24739		
08:51:25	2000	3000	2761	4104	4954	0.97831	4.87505	2.24788		
08:51:35	2000	3000	3333	4104	4954	0.97831	4.87505	2.24788		
08:51:45	2000	3000	3333	4164	5084	0.97862	4.87256	2.24750		
08:51:55	2000	3000	3333	4256	5161	0.97908	4.87195	2.24838		
08:52:05	2000	3000	3333	4267	5241	0.97913	4.87401	2.24946		
08:52:15	2000	3000	3333	4267	5241	0.97913	4.87401	2.24946		
08:52:25	2000	3000	3333	4267	5241	0.97913	4.87401	2.24946		
08:53:05	2000	3000	3333	4079	5899	0.97818	4.87061	2.24549		
08:53:15	2000	3000	3333	4079	5899	0.97818	4.87061	2.24549		
08:53:25	2000	3000	3333	3972	6174	0.97760	4.87613	2.24658		
08:53:35	2000	3000	3333	3972	6174	0.97760	4.87613	2.24658		
08:53:45	2000	3000	3333	3972	6174	0.97760	4.87613	2.24658		
08:55:35	2000	3000	3333	4162	6179	0.97861	4.86357	2.24333		
08:55:45	2000	3000	3333	4162	6179	0.97861	4.86357	2.24333		
08:55:55	2000	3000	3333	4081	5892	0.97819	4.86367	2.24232		
08:56:05	2000	3000	3333	4081	5892	0.97819	4.86367	2.24232		
08:56:15	2000	3000	3333	4081	5892	0.97819	4.86367	2.24232		
08:56:55	2000	3000	3333	4089	5092	0.97823	4.86545	2.24325		
08:57:05	2000	3000	3333	4071	4961	0.97813	4.86504	2.24282		
08:57:15	2000	3000	3333	3957	4847	0.97751	4.87488	2.24578		
08:57:25	2000	3000	3333	3957	4847	0.97751	4.87488	2.24578		
08:57:35	2000	3000	3333	3957	4847	0.97751	4.87488	2.24578		
08:58:15	2000	3000	3333	4194	4592	0.97877	4.86820	2.24588		
08:58:25	2000	3000	3333	4194	4592	0.97877	4.86820	2.24588		
08:58:35	2000	3000	3333	4224	4686	0.97892	4.86728	2.24583		
08:58:45	2000	3000	3333	4224	4686	0.97892	4.86728	2.24583		
08:58:55	2000	3000	3333	4063	4832	0.97809	4.86666	2.24346		
08:59:05	2000	3000	3333	4063	4832	0.97809	4.86666	2.24346		
08:59:15	2000	3000	3333	4063	4832	0.97809	4.86666	2.24346		
08:59:35	2000	3000	3333	4102	5140	0.97830	4.86501	2.24322		
08:59:45	2000	3000	3333	4102	5140	0.97830	4.86501	2.24322		
08:59:55	2000	3000	3333	4102	5140	0.97830	4.86501	2.24322		
09:00:15	2000	3000	3333	4090	5279	0.97824	4.86414	2.24266		
09:00:25	2000	3000	3333	4090	5279	0.97824	4.86414	2.24266		
09:00:35	2000	3000	3333	4090	5279	0.97824	4.86414	2.24266		
09:01:15	2000	3000	3333	3989	5690	0.97769	4.86435	2.24139		
09:01:25	2000	3000	3333	3989	5690	0.97769	4.86435	2.24139		
09:01:35	2000	3000	3333	4063	6038	0.97809	4.86389	2.24219		
09:01:45	2000	3000	3333	4063	6038	0.97809	4.86389	2.24219		
09:01:55	2000	3000	3333	3957	6462	0.97751	4.86344	2.24052		
09:02:05	2000	3000	3333	3957	6462	0.97751	4.86344	2.24052		
09:02:15	2000	3000	3333	3957	6462	0.97751	4.86344	2.24052		
09:02:25	2000	3000	3333	4060	7181	0.97808	4.86288	2.24168		
09:02:35	2000	3000	3333	4060	7181	0.97808	4.86288	2.24168		
09:02:45	2000	3000	3333	4060	7181	0.97808	4.86288	2.24168		
09:03:25	2000	3000	3333	4004	7847	0.97777	4.86317	2.24105		
09:03:35	2000	3000	3333	4025	7832	0.97789	4.86246	2.24101		
09:03:45	2000	3000	3333	4025	7832	0.97789	4.86246	2.24101		
09:03:55	2000	3000	3333	4025	7832	0.97789	4.86246	2.24101		
09:04:05	2000	3000	3333	5134	7705	0.98262	4.86268	2.25303		
09:04:15	2000	3000	3333	5134	7705	0.98262	4.86268	2.25303		
09:04:25	2000	3000	3333	4827	7565	0.98153	4.86259	2.25023		
09:04:35	2000	3000	3333	4807	7480	0.98145	4.86301	2.25023		
09:04:45	2000	3000	3333	4807	7480	0.98145	4.86301	2.25023		
09:04:55	2000	3000	3333	4807	7480	0.98145	4.86301	2.25023		
09:05:25	2000	3000	3333	4190	7239	0.97875	4.86280	2.24334		
09:05:35	2000	3000	3333	4190	7239	0.97875	4.86280	2.24334		
09:05:45	2000	3000	3333	4190	7239	0.97875	4.86280	2.24334		
09:06:45	2000	3000	3333	4268	6753	0.97913	4.86135	2.24363		
09:06:55	2000	3000	3333	4268	6753	0.97913	4.86135	2.24363		
09:07:05	2000	3000	3333	4268	6753	0.97913	4.86135	2.24363		
09:07:35	2000	3000	3333	4266	5642	0.97913	4.86191	2.24387		
09:07:45	2000	3000	3333	4266	5642	0.97913	4.86191	2.24387		
09:07:55	2000	3000	3333	4266	5642	0.97913	4.86191	2.24387		
09:09:05	2000	3000	3333	4298	4264	0.97928	4.86149	2.24406		
09:09:15	2000	3000	3333	4298	4264	0.97928	4.86149	2.24406		
09:09:25	2000	3000	3333	4298	4264	0.97928	4.86149	2.24406		
09:09:55	2000	3000	3333	4183	3980	0.97872	4.86128	2.24255		
09:10:05	2000	3000	3333	4183	3980	0.97872	4.86128	2.24255		
09:10:15	2000	3000	3333	4183	3980	0.97872	4.86128	2.24255		
09:13:15	2000	3000	3333	4098	4162	0.97828	4.86087	2.24126		
09:13:25	2000	3000	3333	4098	4162	0.97828	4.86087	2.24126		
09:13:35	2000	3000	3333	4098	4162	0.97828	4.86087	2.24126		
09:15:45	2000	3000	3333	3992	4406	0.97770	4.86140	2.24006		
09:15:55	2000	3000	3333	3893	4397	0.97715	4.86096	2.23846		
09:16:05	2000	3000	3333	3963	4388	0.97755	4.86157	2.23974		
09:16:15	2000	3000	3333	3963	4388	0.97755	4.86157	2.23974		
09:16:25	2000	3000	3333	3963	4388	0.97755	4.86157	2.23974		
09:18:05	2000	3000	3333	3840	3787	0.97683	4.86084	2.23761		
09:18:15	2000	3000	3333	3840	3787	0.97683	4.86084	2.23761		
09:18:25	2000	3000	3333	3840	3787	0.97683	4.86084	2.23761		
09:19:05	2000	3000	3333	4042	3451	0.97798	4.86086	2.24051		
09:19:15	2000	3000	3333	4042	3451	0.97798	4.86086	2.24051		
09:19:25	2000	3000	3333	4042	3451	0.97798	4.86086	2.24051		


			DELHI AIRPORT : 30 m Base line


Time	RVR	 MOR	RVR	MOR	BLM	Trf	 Ref(v)	PD(v)
	(limited)	(limited)	(actual)	(actual)

10:03:16	2000	3000	843	5058	2530	0.98236	4.85773	2.25008		
10:03:26	2000	3000	1686	5058	2530	0.98236	4.85773	2.25008		
10:03:36	2000	3000	2529	5058	2530	0.98236	4.85773	2.25008		
10:04:16	2000	3000	3333	4943	2409	0.98196	4.85776	2.24908		
10:04:26	2000	3000	3333	4943	2409	0.98196	4.85776	2.24908		
10:04:36	2000	3000	3333	4943	2409	0.98196	4.85776	2.24908		
10:04:46	2000	3000	3333	4893	2320	0.98177	4.85736	2.24843		
10:04:56	2000	3000	3333	5189	2320	0.98281	4.85757	2.25112		
10:05:06	2000	3000	3333	5189	2320	0.98281	4.85757	2.25112		
10:05:16	2000	3000	3333	5189	2320	0.98281	4.85757	2.25112		


			DELHI AIRPORT : 30 m Base line


Time	RVR	 MOR	RVR	MOR	BLM	Trf	 Ref(v)	PD(v)
	(limited)	(limited)	(actual)	(actual)



			DELHI AIRPORT : 30 m Base line


Time	RVR	 MOR	RVR	MOR	BLM	Trf	 Ref(v)	PD(v)
	(limited)	(limited)	(actual)	(actual)

