

			DELHI AIRPORT : 30 m Base line


Time	RVR	 MOR	RVR	MOR	BLM	Trf	 Ref(v)	PD(v)
	(limited)	(limited)	(actual)	(actual)

00:00:11	2000	1500	3333	1614	2	0.94576	4.85794	2.15815		
00:00:21	2000	1600	3333	1655	2	0.94708	4.85842	2.16166		
00:00:31	2000	1600	3333	1576	2	0.94451	4.85785	2.15495		
00:00:41	2000	1500	3333	1531	2	0.94290	4.85824	2.15107		
00:00:51	2000	1600	3333	1698	2	0.94838	4.85842	2.16494		
00:01:01	2000	1600	3333	1644	2	0.94672	4.85864	2.16086		
00:01:11	2000	1600	3333	1639	2	0.94657	4.85892	2.16061		
00:01:21	2000	1600	3333	1642	2	0.94666	4.85836	2.16060		
00:01:31	2000	1600	3333	1635	2	0.94643	4.85922	2.16039		
00:01:41	2000	1600	3333	1676	2	0.94771	4.85821	2.16317		
00:01:51	2000	1600	3333	1692	2	0.94819	4.85906	2.16474		
00:02:01	2000	1600	3333	1716	2	0.94890	4.85975	2.16684		
00:02:11	2000	1600	3333	1709	2	0.94871	4.85931	2.16616		
00:02:21	2000	1600	3333	1712	2	0.94880	4.85938	2.16642		
00:02:31	2000	1700	3333	1712	2	0.94879	4.85959	2.16649		
00:02:41	2000	1700	3333	1712	2	0.94879	4.85959	2.16649		
00:02:51	2000	1700	3333	1682	2	0.94790	4.85939	2.16416		
00:03:01	2000	1700	3333	1716	2	0.94889	4.85953	2.16672		
00:03:11	2000	1700	3333	1716	2	0.94889	4.85953	2.16672		
00:03:31	2000	1700	3333	1745	2	0.94974	4.86106	2.16953		
00:03:41	2000	1700	3333	1664	2	0.94736	4.86031	2.16322		
00:03:51	2000	1700	3333	1694	2	0.94825	4.86032	2.16546		
00:04:01	2000	1700	3333	1738	2	0.94954	4.86110	2.16906		
00:04:11	2000	1700	3333	1714	2	0.94885	4.86116	2.16735		
00:04:21	2000	1700	3333	1738	2	0.94952	4.86170	2.16928		
00:04:31	2000	1700	3333	1742	2	0.94963	4.86226	2.16981		
00:04:41	2000	1700	3333	1696	2	0.94833	4.86235	2.16656		
00:04:51	2000	1700	3333	1696	2	0.94833	4.86235	2.16656		
00:05:01	2000	1700	3333	1760	2	0.95015	4.86168	2.17085		
00:05:11	2000	1700	3333	1794	2	0.95108	4.86135	2.17304		
00:05:21	2000	1700	3333	1816	2	0.95165	4.86192	2.17473		
00:05:31	2000	1700	3333	1758	2	0.95008	4.86185	2.17076		
00:05:41	2000	1700	3333	1758	2	0.95008	4.86185	2.17076		
00:05:51	2000	1700	3333	1685	2	0.94799	4.86270	2.16586		
00:06:01	2000	1700	3333	1716	2	0.94891	4.86202	2.16787		
00:06:11	2000	1700	3333	1659	2	0.94719	4.86191	2.16351		
00:06:21	2000	1700	3333	1678	2	0.94779	4.86211	2.16509		
00:06:31	2000	1600	3333	1678	2	0.94779	4.86211	2.16509		
00:06:41	2000	1600	3333	1744	2	0.94970	4.86158	2.16968		
00:06:51	2000	1700	3333	1754	3	0.94998	4.86214	2.17062		
00:07:01	2000	1700	3333	1721	4	0.94904	4.86199	2.16820		
00:07:11	2000	1700	3333	1900	4	0.95373	4.86210	2.18005		
00:07:21	2000	1700	3333	1900	4	0.95373	4.86210	2.18005		
00:07:41	2000	1700	3333	1688	6	0.94808	4.86182	2.16571		
00:07:51	2000	1700	3333	1704	7	0.94855	4.86429	2.16799		
00:08:01	2000	1700	3333	1705	8	0.94857	4.86289	2.16741		
00:08:11	2000	1700	3333	1733	9	0.94940	4.86313	2.16961		
00:08:21	2000	1700	3333	1772	9	0.95048	4.86262	2.17209		
00:08:31	2000	1700	3333	1728	10	0.94925	4.86299	2.16918		
00:08:41	2000	1700	3333	1772	11	0.95047	4.86238	2.17197		
00:08:51	2000	1700	3333	1803	12	0.95130	4.86308	2.17436		
00:09:01	2000	1700	3333	1756	13	0.95005	4.86258	2.17099		
00:09:11	2000	1700	3333	1784	13	0.95081	4.86227	2.17278		
00:09:21	2000	1700	3333	1784	13	0.95081	4.86227	2.17278		
00:09:31	2000	1700	3333	1770	15	0.95043	4.86237	2.17186		
00:09:41	2000	1700	3333	1798	16	0.95117	4.86214	2.17362		
00:09:51	2000	1700	3333	1807	17	0.95142	4.86310	2.17467		
00:10:01	2000	1700	3333	1776	18	0.95059	4.86284	2.17248		
00:10:11	2000	1800	3333	1893	19	0.95358	4.86249	2.17984		
00:10:21	2000	1800	3333	1896	20	0.95364	4.86241	2.17996		
00:10:31	2000	1800	3333	1834	21	0.95212	4.86242	2.17613		
00:10:41	2000	1800	3333	1853	22	0.95258	4.86261	2.17738		
00:10:51	2000	1800	3333	1862	23	0.95281	4.86255	2.17794		
00:11:01	2000	1800	3333	1865	24	0.95289	4.86292	2.17829		
00:11:11	2000	1800	3333	1865	24	0.95289	4.86292	2.17829		
00:11:21	2000	1800	3333	1870	26	0.95302	4.86252	2.17845		
00:11:31	2000	1800	3333	1794	27	0.95108	4.86265	2.17363		
00:11:41	2000	1800	3333	1752	28	0.94994	4.86355	2.17115		
00:11:51	2000	1800	3333	1807	29	0.95140	4.86327	2.17471		
00:12:01	2000	1800	3333	1868	31	0.95296	4.86272	2.17838		
00:12:11	2000	1800	3333	1828	32	0.95196	4.86198	2.17553		
00:12:21	2000	1800	3333	1846	33	0.95242	4.86198	2.17670		
00:12:31	2000	1800	3329	1823	35	0.95183	4.86218	2.17529		
00:12:41	2000	1800	3332	1823	35	0.95183	4.86218	2.17529		
00:12:51	2000	1800	3330	1866	37	0.95291	4.86238	2.17811		
00:13:01	2000	1800	3316	1866	37	0.95291	4.86238	2.17811		
00:13:11	2000	1800	3319	1911	40	0.95399	4.86220	2.18075		
00:13:21	2000	1800	3315	1894	41	0.95360	4.86242	2.17986		
00:13:31	2000	1800	3320	1914	43	0.95408	4.86233	2.18102		
00:13:41	2000	1800	3324	1918	44	0.95417	4.86188	2.18105		
00:13:51	2000	1900	3325	1935	46	0.95456	4.86195	2.18206		
00:14:01	2000	1900	3325	1935	46	0.95456	4.86195	2.18206		
00:14:11	2000	1900	3318	1939	49	0.95463	4.86239	2.18245		
00:14:21	2000	1900	3333	2113	50	0.95830	4.86170	2.19137		
00:14:31	2000	1900	3333	2043	52	0.95691	4.86208	2.18803		
00:14:41	2000	2000	3333	2043	52	0.95691	4.86208	2.18803		
00:14:51	2000	2000	3333	2027	55	0.95657	4.86115	2.18676		
00:15:01	2000	2000	3333	2027	55	0.95657	4.86115	2.18676		
00:15:11	2000	2000	3333	2009	58	0.95619	4.86122	2.18585		
00:15:21	2000	2000	3333	2001	60	0.95601	4.86114	2.18536		
00:15:31	2000	2000	3323	1946	62	0.95482	4.86204	2.18275		
00:15:41	2000	1900	3295	1973	63	0.95541	4.86097	2.18376		
00:15:51	2000	1900	3275	1973	63	0.95541	4.86097	2.18376		
00:16:21	2000	1900	3255	2017	71	0.95637	4.86126	2.18630		
00:16:31	2000	1900	3246	2045	73	0.95694	4.86109	2.18768		
00:16:41	2000	2000	3249	2099	75	0.95803	4.86162	2.19064		
00:16:51	2000	2000	3277	2177	77	0.95951	4.86170	2.19441		
00:17:01	2000	2000	3302	2177	77	0.95951	4.86170	2.19441		
00:17:11	2000	2000	3297	2036	81	0.95677	4.86133	2.18734		
00:17:21	2000	2000	3291	2036	81	0.95677	4.86133	2.18734		
00:17:41	2000	2100	3309	2220	87	0.96028	4.86149	2.19625		
00:17:51	2000	2100	3315	2210	89	0.96009	4.86139	2.19572		
00:18:01	2000	2100	3319	2277	92	0.96124	4.86101	2.19846		
00:18:11	2000	2100	3304	2179	94	0.95954	4.86150	2.19439		
00:18:21	2000	2100	3326	2235	96	0.96053	4.86070	2.19652		
00:18:31	2000	2200	3333	2235	96	0.96053	4.86070	2.19652		
00:18:41	2000	2200	3333	2214	101	0.96017	4.86068	2.19560		
00:18:51	2000	2200	3333	2382	104	0.96292	4.86119	2.20275		
00:19:01	2000	2200	3333	2308	107	0.96176	4.86053	2.19955		
00:19:11	2000	2200	3333	2381	109	0.96290	4.86077	2.20253		
00:19:21	2000	2200	3300	1896	112	0.95364	4.87415	2.18523		
00:19:31	2000	2200	3306	2349	114	0.96240	4.85999	2.20092		
00:19:41	2000	2200	3319	2360	117	0.96258	4.86194	2.20224		
00:19:51	2000	2200	3306	2360	117	0.96258	4.86194	2.20224		
00:20:01	2000	2200	3298	2328	123	0.96208	4.86036	2.20026		
00:20:11	2000	2200	3297	2447	126	0.96389	4.86152	2.20534		
00:20:21	2000	2300	3333	2447	126	0.96389	4.86152	2.20534		
00:20:41	2000	2300	3333	2413	136	0.96339	4.86007	2.20343		
00:20:51	2000	2300	3333	2372	139	0.96277	4.85984	2.20177		
00:21:01	2000	2300	3333	2372	139	0.96277	4.85984	2.20177		
00:21:21	2000	2400	3333	2358	150	0.96255	4.85905	2.20085		
00:21:31	2000	2300	3312	2348	154	0.96240	4.85948	2.20068		
00:21:41	2000	2400	3317	2600	158	0.96598	4.85815	2.20907		
00:21:51	2000	2400	3307	2438	162	0.96376	4.85770	2.20329		
00:22:01	2000	2400	3318	2540	166	0.96519	4.85696	2.20654		
00:22:11	2000	2400	3328	2548	170	0.96530	4.85702	2.20685		
00:22:21	2000	2500	3333	2537	174	0.96514	4.85584	2.20593		
00:22:31	2000	2500	3333	2537	174	0.96514	4.85584	2.20593		
00:22:51	2000	2500	3330	2477	187	0.96432	4.85660	2.20421		
00:23:01	2000	2500	3333	2703	191	0.96725	4.85549	2.21107		
00:23:11	2000	2500	3333	2703	191	0.96725	4.85549	2.21107		
00:23:21	2000	2500	3333	2568	200	0.96556	4.85588	2.20699		
00:23:31	2000	2500	3333	2593	204	0.96589	4.85617	2.20795		
00:23:41	2000	2600	3333	2593	204	0.96589	4.85617	2.20795		
00:23:51	2000	2600	3333	2612	213	0.96612	4.85612	2.20852		
00:24:01	2000	2600	3330	2612	213	0.96612	4.85612	2.20852		
00:24:11	2000	2600	3314	2684	223	0.96702	4.85605	2.21075		
00:24:21	2000	2600	3320	2684	223	0.96702	4.85605	2.21075		
00:24:31	2000	2600	3312	2615	232	0.96616	4.85709	2.20906		
00:24:41	2000	2600	3307	2647	238	0.96657	4.85756	2.21030		
00:24:51	2000	2600	3285	2528	243	0.96502	4.85745	2.20635		
00:25:01	2000	2600	3257	2499	248	0.96463	4.86081	2.20688		
00:25:11	2000	2500	3223	2511	253	0.96479	4.86240	2.20802		
00:25:21	2000	2500	3176	2429	258	0.96362	4.86076	2.20434		
00:25:31	2000	2500	3156	2539	263	0.96518	4.85953	2.20769		
00:25:41	2000	2500	3128	2515	268	0.96485	4.85933	2.20677		
00:25:51	2000	2500	3118	2515	268	0.96485	4.85933	2.20677		
00:26:01	2000	2500	3114	2540	279	0.96519	4.85898	2.20746		
00:26:11	2000	2500	3103	2498	285	0.96462	4.85956	2.20629		
00:26:21	2000	2500	3112	2572	291	0.96562	4.85946	2.20876		
00:26:31	2000	2500	3098	2508	296	0.96474	4.85962	2.20664		
00:26:41	2000	2500	3079	2439	302	0.96377	4.85941	2.20409		
00:26:51	2000	2500	3072	2551	308	0.96533	4.85957	2.20810		
00:27:01	2000	2500	3066	2551	308	0.96533	4.85957	2.20810		
00:27:11	2000	2500	3058	2505	319	0.96470	4.85998	2.20670		
00:27:21	2000	2500	3059	2651	325	0.96662	4.86017	2.21162		
00:27:31	2000	2500	3070	2651	325	0.96662	4.86017	2.21162		
00:27:41	2000	2500	3085	2623	337	0.96627	4.86016	2.21073		
00:27:51	2000	2500	3085	2619	343	0.96623	4.85996	2.21052		
00:28:01	2000	2600	3085	2619	343	0.96623	4.85996	2.21052		
00:28:11	2000	2600	3101	2708	356	0.96731	4.85959	2.21307		
00:28:21	2000	2600	3093	2652	362	0.96663	4.85964	2.21140		
00:28:31	2000	2600	3075	2590	368	0.96584	4.85993	2.20954		
00:28:41	2000	2600	3063	2590	368	0.96584	4.85993	2.20954		
00:28:51	2000	2600	3050	2584	380	0.96577	4.85969	2.20924		
00:29:01	2000	2500	3020	2455	387	0.96400	4.85980	2.20485		
00:29:11	2000	2500	2990	2529	394	0.96504	4.85972	2.20743		
00:29:21	2000	2500	2976	2607	401	0.96606	4.85926	2.20979		
00:29:31	2000	2500	2971	2607	401	0.96606	4.85926	2.20979		
00:29:51	2000	2500	2945	2466	421	0.96416	4.85951	2.20512		
00:30:01	2000	2500	2922	2466	421	0.96416	4.85951	2.20512		
00:30:51	2000	2500	2918	2536	462	0.96514	4.85812	2.20695		
00:31:01	2000	2500	2907	2554	469	0.96538	4.85815	2.20756		
00:31:11	2000	2500	2878	2476	476	0.96431	4.85793	2.20477		
00:31:21	2000	2400	2845	2451	483	0.96394	4.85753	2.20367		
00:31:31	2000	2400	2821	2368	491	0.96270	4.85767	2.20062		
00:31:41	2000	2400	2821	2368	491	0.96270	4.85767	2.20062		
00:32:01	2000	2400	2778	2443	513	0.96382	4.85771	2.20346		
00:32:11	2000	2400	2767	2527	521	0.96502	4.85812	2.20664		
00:32:21	2000	2400	2747	2371	529	0.96276	4.85809	2.20095		
00:32:31	2000	2400	2742	2482	537	0.96439	4.85725	2.20466		
00:32:41	2000	2400	2736	2382	545	0.96293	4.85746	2.20109		
00:32:51	2000	2400	2718	2288	553	0.96143	4.85719	2.19721		
00:33:01	2000	2300	2695	2303	561	0.96167	4.85788	2.19812		
00:33:11	2000	2300	2691	2556	569	0.96540	4.85830	2.20770		
00:33:21	2000	2400	2707	2556	569	0.96540	4.85830	2.20770		
00:33:31	2000	2400	2684	2337	585	0.96222	4.85796	2.19954		
00:33:41	2000	2300	2671	2325	594	0.96203	4.85758	2.19889		
00:33:51	2000	2300	2669	2319	603	0.96194	4.85813	2.19891		
00:34:01	2000	2400	2684	2490	612	0.96450	4.85845	2.20550		
00:34:11	2000	2400	2672	2511	621	0.96479	4.85805	2.20605		
00:34:21	2000	2400	2660	2511	621	0.96479	4.85805	2.20605		
00:34:51	2000	2400	2659	2394	655	0.96311	4.85810	2.20184		
00:35:01	2000	2400	2669	2492	664	0.96452	4.85735	2.20505		
00:35:11	2000	2400	2682	2492	664	0.96452	4.85735	2.20505		
00:35:21	2000	2400	2668	2440	681	0.96378	4.85672	2.20290		
00:35:31	2000	2400	2635	2284	689	0.96136	4.85622	2.19660		
00:35:41	2000	2300	2601	2284	689	0.96136	4.85622	2.19660		
00:35:51	2000	2300	2586	2304	705	0.96169	4.85543	2.19705		
00:36:01	2000	2300	2565	2352	713	0.96246	4.85581	2.19916		
00:36:11	2000	2300	2545	2352	713	0.96246	4.85581	2.19916		
00:36:21	2000	2300	2533	2379	729	0.96288	4.85563	2.20013		
00:36:31	2000	2300	2534	2339	737	0.96225	4.85573	2.19861		
00:36:41	2000	2300	2536	2339	737	0.96225	4.85573	2.19861		
00:36:51	2000	2300	2522	2221	752	0.96029	4.85561	2.19362		
00:37:01	2000	2300	2501	2203	760	0.95998	4.85490	2.19252		
00:37:11	2000	2300	2494	2340	769	0.96226	4.85561	2.19858		
00:37:21	2000	2300	2490	2390	777	0.96304	4.85534	2.20042		
00:37:31	2000	2200	2481	2293	785	0.96151	4.85488	2.19636		
00:37:41	2000	2300	2479	2373	794	0.96278	4.85544	2.19980		
00:37:51	2000	2300	2484	2308	804	0.96175	4.85495	2.19700		
00:38:01	2000	2300	2490	2291	814	0.96149	4.85524	2.19646		
00:38:11	2000	2300	2480	2298	825	0.96160	4.85519	2.19672		
00:38:21	2000	2300	2466	2298	825	0.96160	4.85519	2.19672		
00:38:31	2000	2300	2465	2340	849	0.96227	4.85552	2.19857		
00:38:41	2000	2300	2450	2279	862	0.96128	4.85527	2.19595		
00:38:51	2000	2300	2449	2358	874	0.96255	4.85516	2.19910		
00:39:01	2000	2300	2438	2247	885	0.96074	4.85509	2.19452		
00:39:11	2000	2300	2442	2388	896	0.96302	4.85577	2.20055		
00:39:21	2000	2300	2426	2207	907	0.96004	4.85564	2.19301		
00:39:31	2000	2200	2407	2207	907	0.96004	4.85564	2.19301		
00:39:41	2000	2200	2374	2023	928	0.95648	4.85619	2.18432		
00:39:51	2000	2100	2336	2056	940	0.95717	4.85706	2.18644		
00:40:01	2000	2100	2311	2056	940	0.95717	4.85706	2.18644		
00:40:11	2000	2000	2264	2006	961	0.95613	4.85768	2.18409		
00:40:21	2000	2000	2234	1970	972	0.95535	4.85707	2.18187		
00:40:31	2000	2000	2205	2000	982	0.95599	4.85766	2.18373		
00:40:41	2000	2000	2204	2044	993	0.95693	4.85764	2.18610		
00:40:51	2000	2000	2196	2030	1005	0.95663	4.85783	2.18543		
00:41:01	2000	2000	2189	2030	1005	0.95663	4.85783	2.18543		
00:41:11	2000	2000	2199	2132	1029	0.95866	4.85737	2.19031		
00:41:21	2000	2000	2201	2028	1041	0.95659	4.85729	2.18507		
00:41:31	2000	2000	2213	2147	1052	0.95894	4.85717	2.19094		
00:41:41	2000	2000	2216	2108	1064	0.95820	4.85814	2.18952		
00:41:51	2000	2100	2228	2186	1076	0.95967	4.85896	2.19357		
00:42:01	2000	2100	2241	2186	1076	0.95967	4.85896	2.19357		
00:42:11	2000	2100	2238	2148	1102	0.95896	4.85907	2.19184		
00:42:21	2000	2100	2247	2148	1102	0.95896	4.85907	2.19184		
00:42:41	2000	2100	2241	2131	1140	0.95864	4.85870	2.19087		
00:42:51	2000	2100	2242	2175	1153	0.95946	4.85858	2.19288		
00:43:01	2000	2100	2237	2175	1153	0.95946	4.85858	2.19288		
00:43:11	2000	2100	2224	2119	1176	0.95841	4.85846	2.19019		
00:43:21	2000	2100	2211	2068	1188	0.95742	4.85861	2.18775		
00:43:31	2000	2100	2197	2068	1188	0.95742	4.85861	2.18775		
00:43:41	2000	2100	2208	2278	1214	0.96126	4.85915	2.19766		
00:43:51	2000	2100	2215	2278	1214	0.96126	4.85915	2.19766		
00:44:01	2000	2100	2212	2190	1240	0.95973	4.85923	2.19386		
00:44:11	2000	2100	2216	2190	1240	0.95973	4.85923	2.19386		
00:44:31	2000	2200	2231	2245	1277	0.96071	4.85908	2.19625		
00:44:41	2000	2200	2246	2245	1277	0.96071	4.85908	2.19625		
00:44:51	2000	2200	2229	2160	1302	0.95919	4.86246	2.19395		
00:45:01	2000	2100	2213	2160	1302	0.95919	4.86246	2.19395		
00:45:11	2000	2100	2202	2127	1325	0.95857	4.86417	2.19315		
00:45:21	2000	2100	2173	1954	1338	0.95499	4.86385	2.18399		
00:45:31	2000	2100	2157	2134	1351	0.95870	4.86318	2.19305		
00:45:41	2000	2100	2141	2138	1363	0.95877	4.86330	2.19327		
00:45:51	2000	2100	2133	2121	1377	0.95846	4.86378	2.19270		
00:46:01	2000	2000	2114	2012	1390	0.95625	4.86306	2.18681		
00:46:11	2000	2000	2099	2012	1390	0.95625	4.86306	2.18681		
00:46:21	2000	2000	2114	2129	1418	0.95861	4.86226	2.19239		
00:46:31	2000	2000	2100	2029	1431	0.95660	4.86318	2.18776		
00:46:41	2000	2000	2084	2020	1445	0.95642	4.86176	2.18667		
00:46:51	2000	2000	2076	2081	1460	0.95768	4.86314	2.19046		
00:47:01	2000	2000	2081	2081	1460	0.95768	4.86314	2.19046		
00:47:21	2000	2000	2081	2058	1504	0.95721	4.86665	2.19086		
00:47:31	2000	2000	2070	2058	1504	0.95721	4.86665	2.19086		
00:47:41	2000	2000	2063	2003	1532	0.95606	4.86454	2.18701		
00:47:51	2000	2000	2058	2003	1532	0.95606	4.86454	2.18701		
00:48:11	2000	2000	2047	2026	1576	0.95656	4.86364	2.18786		
00:48:21	2000	2000	2041	2052	1590	0.95709	4.86438	2.18953		
00:48:31	2000	2000	2040	2052	1590	0.95709	4.86438	2.18953		
00:48:41	2000	1900	2013	1845	1619	0.95239	4.86460	2.17779		
00:48:51	2000	1900	2013	2023	1633	0.95648	4.86535	2.18842		
00:49:01	2000	2000	2030	2121	1648	0.95846	4.86434	2.19296		
00:49:11	2000	2000	2047	2133	1660	0.95867	4.86456	2.19360		
00:49:21	2000	2000	2067	2169	1675	0.95936	4.86453	2.19532		
00:49:31	2000	2000	2103	2270	1690	0.96112	4.86455	2.19976		
00:49:41	2000	2100	2164	2270	1690	0.96112	4.86455	2.19976		
00:50:01	2000	2100	2190	2182	1727	0.95959	4.86380	2.19556		
00:50:11	2000	2200	2201	2182	1727	0.95959	4.86380	2.19556		
00:50:21	2000	2100	2197	2114	1755	0.95832	4.86352	2.19223		
00:50:31	2000	2100	2171	2012	1768	0.95625	4.86438	2.18741		
00:50:41	2000	2100	2145	2112	1782	0.95828	4.86384	2.19228		
00:50:51	2000	2100	2136	2216	1795	0.96020	4.86435	2.19734		
00:51:01	2000	2100	2135	2175	1810	0.95946	4.86425	2.19543		
00:51:11	2000	2100	2137	2193	1825	0.95979	4.86414	2.19622		
00:51:21	2000	2100	2138	2122	1841	0.95848	4.86472	2.19317		
00:51:31	2000	2100	2153	2105	1857	0.95815	4.86677	2.19328		
00:51:41	2000	2100	2168	2201	1873	0.95994	4.86547	2.19720		
00:51:51	2000	2100	2157	2150	1888	0.95901	4.86372	2.19407		
00:52:01	2000	2100	2154	2157	1904	0.95913	4.86480	2.19486		
00:52:11	2000	2100	2132	2060	1924	0.95725	4.86452	2.18999		
00:52:21	2000	2100	2120	2049	1944	0.95702	4.86569	2.18995		
00:52:31	2000	2100	2121	2112	1962	0.95828	4.86351	2.19212		
00:52:41	2000	2000	2097	2054	1981	0.95713	4.86326	2.18913		
00:52:51	2000	2000	2086	2086	2001	0.95777	4.86329	2.19074		
00:53:01	2000	2000	2074	2086	2001	0.95777	4.86329	2.19074		
00:53:11	2000	2000	2071	2041	2042	0.95685	4.86319	2.18840		
00:53:21	2000	2000	2094	2186	2060	0.95967	4.86333	2.19554		
00:53:31	2000	2100	2104	2174	2081	0.95944	4.86362	2.19510		
00:53:41	2000	2100	2123	2167	2098	0.95932	4.86246	2.19427		
00:53:51	2000	2100	2132	2140	2119	0.95881	4.86237	2.19295		
00:54:01	2000	2100	2145	2167	2140	0.95932	4.86225	2.19417		
00:54:11	2000	2100	2166	2167	2140	0.95932	4.86225	2.19417		
00:54:21	2000	2100	2129	1961	2178	0.95513	4.86157	2.18334		
00:54:31	2000	2100	2126	2154	2197	0.95908	4.86280	2.19383		
00:54:41	2000	2100	2127	2173	2217	0.95943	4.86138	2.19406		
00:54:51	2000	2100	2140	2219	2239	0.96025	4.86118	2.19604		
00:55:01	2000	2100	2122	2060	2258	0.95726	4.86201	2.18888		
00:55:11	2000	2100	2104	2060	2258	0.95726	4.86201	2.18888		
00:55:21	2000	2100	2137	2161	2299	0.95921	4.86174	2.19368		
00:55:31	2000	2100	2181	2418	2325	0.96346	4.86216	2.20457		
00:55:41	2000	2100	2182	2174	2351	0.95946	4.86120	2.19405		
00:55:51	2000	2100	2184	2234	2375	0.96052	4.86219	2.19717		
00:56:01	2000	2200	2213	2234	2375	0.96052	4.86219	2.19717		
00:56:11	2000	2200	2245	2250	2422	0.96079	4.86131	2.19746		
00:56:21	2000	2200	2260	2255	2446	0.96088	4.86104	2.19755		
00:56:31	2000	2200	2218	2163	2467	0.95925	4.86190	2.19385		
00:56:41	2000	2200	2216	2163	2467	0.95925	4.86190	2.19385		
00:56:51	2000	2100	2200	2135	2510	0.95872	4.86209	2.19259		
00:57:01	2000	2100	2176	2090	2527	0.95786	4.86205	2.19041		
00:57:11	2000	2100	2149	2090	2527	0.95786	4.86205	2.19041		
00:57:21	2000	2100	2102	1975	2569	0.95546	4.86215	2.18443		
00:57:31	2000	2000	2090	2092	2589	0.95789	4.86146	2.19023		
00:57:41	2000	2000	2079	2092	2589	0.95789	4.86146	2.19023		
00:57:51	2000	2000	2075	2114	2630	0.95831	4.86175	2.19142		
00:58:01	2000	2000	2079	2114	2630	0.95831	4.86175	2.19142		
00:58:11	2000	2000	2060	1978	2665	0.95552	4.86157	2.18430		
00:58:21	2000	2000	2068	2023	2687	0.95649	4.86325	2.18752		
00:58:31	2000	2000	2068	2089	2705	0.95783	4.86142	2.19005		
00:58:41	2000	2000	2067	2089	2705	0.95783	4.86142	2.19005		
00:58:51	2000	2000	2051	2017	2743	0.95636	4.86165	2.18647		
00:59:01	2000	2000	2031	1993	2760	0.95586	4.86160	2.18517		
00:59:11	2000	2000	2059	2144	2779	0.95888	4.86135	2.19268		
00:59:21	2000	2000	2078	2140	2801	0.95882	4.86138	2.19254		
00:59:31	2000	2000	2067	2023	2818	0.95649	4.86274	2.18729		
00:59:41	2000	2000	2056	2023	2818	0.95649	4.86274	2.18729		
00:59:51	2000	2000	2062	2053	2853	0.95712	4.86178	2.18843		
01:00:01	2000	2000	2062	1993	2876	0.95584	4.86187	2.18525		
01:00:11	2000	2000	2071	2197	2897	0.95987	4.86191	2.19541		
01:00:21	2000	2000	2081	2197	2897	0.95987	4.86191	2.19541		
01:00:31	2000	2000	2080	2018	2945	0.95637	4.86131	2.18634		
01:00:41	2000	2000	2079	2018	2945	0.95637	4.86131	2.18634		
01:01:01	2000	2000	2075	2030	3022	0.95664	4.86177	2.18722		
01:01:11	2000	2000	2081	2030	3022	0.95664	4.86177	2.18722		
01:01:21	2000	2000	2061	2077	3082	0.95759	4.86081	2.18917		
01:01:31	2000	2000	2025	1980	3103	0.95555	4.86073	2.18402		
01:01:41	2000	2000	2059	2220	3130	0.96027	4.86149	2.19624		
01:01:51	2000	2000	2092	2220	3130	0.96027	4.86149	2.19624		
01:02:21	2000	2000	2083	1974	3245	0.95543	4.85868	2.18280		
01:02:31	2000	2000	2074	1974	3245	0.95543	4.85868	2.18280		
01:02:51	2000	2000	2021	1763	3327	0.95024	4.85876	2.16977		
01:03:01	1900	1900	1985	1763	3327	0.95024	4.85876	2.16977		
01:03:11	1900	1900	1963	2084	3375	0.95773	4.85819	2.18836		
01:03:21	1900	1900	1932	2034	3397	0.95672	4.85893	2.18615		
01:03:31	1900	1900	1934	1986	3422	0.95570	4.85797	2.18316		
01:03:41	1900	1900	1934	1975	3445	0.95544	4.85801	2.18252		
01:03:51	1900	1900	1969	1975	3445	0.95544	4.85801	2.18252		
01:04:01	2000	2000	2008	1998	3499	0.95595	4.85833	2.18393		
01:04:11	1900	1900	1994	1998	3499	0.95595	4.85833	2.18393		
01:04:21	1900	1900	1990	2013	3536	0.95629	4.85946	2.18529		
01:04:31	2000	2000	2006	2077	3558	0.95760	4.85905	2.18841		
01:04:41	2000	2000	2017	2042	3578	0.95688	4.85911	2.18664		
01:04:51	2000	2000	2064	2261	3599	0.96097	4.85993	2.19729		
01:05:01	2000	2000	2076	2069	3627	0.95744	4.85909	2.18803		
01:05:11	2000	2000	2092	2090	3642	0.95785	4.85966	2.18931		
01:05:21	2000	2100	2104	2090	3642	0.95785	4.85966	2.18931		
01:05:31	2000	2100	2108	2096	3678	0.95798	4.85876	2.18923		
01:05:41	2000	2100	2117	2096	3678	0.95798	4.85876	2.18923		
01:06:01	2000	2000	2097	2143	3745	0.95888	4.85870	2.19147		
01:06:11	2000	2100	2112	2160	3769	0.95920	4.85979	2.19276		
01:06:21	2000	2100	2124	2160	3769	0.95920	4.85979	2.19276		
01:06:31	2000	2100	2167	2350	3828	0.96242	4.85861	2.20034		
01:06:41	2000	2200	2209	2350	3828	0.96242	4.85861	2.20034		
01:07:11	2000	2200	2234	2246	3943	0.96072	4.85832	2.19592		
01:07:21	2000	2200	2273	2375	3962	0.96282	4.85764	2.20089		
01:07:31	2000	2200	2285	2233	3984	0.96049	4.85720	2.19485		
01:07:41	2000	2200	2297	2233	3984	0.96049	4.85720	2.19485		
01:07:51	2000	2200	2269	2182	4035	0.95959	4.85745	2.19270		
01:08:01	2000	2200	2237	2156	4060	0.95912	4.85780	2.19166		
01:08:11	2000	2200	2222	2156	4060	0.95912	4.85780	2.19166		
01:08:21	2000	2200	2210	2302	4107	0.96166	4.85939	2.19877		
01:08:31	2000	2200	2227	2334	4127	0.96217	4.85758	2.19925		
01:08:41	2000	2200	2244	2334	4127	0.96217	4.85758	2.19925		
01:08:51	2000	2200	2259	2273	4177	0.96119	4.85768	2.19681		
01:09:01	2000	2300	2305	2433	4201	0.96369	4.85821	2.20334		
01:09:11	2000	2300	2330	2309	4224	0.96177	4.85844	2.19862		
01:09:21	2000	2300	2336	2334	4256	0.96217	4.85730	2.19911		
01:09:31	2000	2300	2329	2294	4293	0.96152	4.85761	2.19762		
01:09:41	2000	2300	2322	2294	4293	0.96152	4.85761	2.19762		
01:09:51	2000	2300	2328	2309	4349	0.96176	4.85654	2.19775		
01:10:01	2000	2300	2308	2309	4349	0.96176	4.85654	2.19775		
01:10:21	2000	2200	2296	2236	4444	0.96054	4.85669	2.19475		
01:10:31	2000	2200	2267	2162	4481	0.95923	4.85668	2.19143		
01:10:41	2000	2200	2270	2315	4508	0.96186	4.85693	2.19817		
01:10:51	2000	2200	2273	2309	4536	0.96178	4.85651	2.19777		
01:11:01	2000	2200	2271	2295	4568	0.96155	4.85816	2.19794		
01:11:11	2000	2200	2260	2245	4604	0.96070	4.85708	2.19531		
01:11:21	2000	2200	2254	2203	4632	0.95998	4.85665	2.19331		
01:11:31	2000	2200	2277	2299	4671	0.96160	4.85640	2.19728		
01:11:41	2000	2200	2270	2269	4691	0.96112	4.85683	2.19626		
01:11:51	2000	2200	2263	2269	4691	0.96112	4.85683	2.19626		
01:12:21	2000	2200	2279	2390	4837	0.96305	4.85586	2.20067		
01:12:31	2000	2300	2303	2390	4837	0.96305	4.85586	2.20067		
01:12:51	2000	2300	2360	2544	4928	0.96524	4.85612	2.20630		
01:13:01	2000	2400	2401	2544	4928	0.96524	4.85612	2.20630		
01:13:11	2000	2400	2432	2457	5023	0.96403	4.85578	2.20311		
01:13:21	2000	2400	2463	2457	5023	0.96403	4.85578	2.20311		
01:13:31	2000	2400	2479	2486	5123	0.96445	4.85581	2.20417		
01:13:41	2000	2400	2495	2486	5123	0.96445	4.85581	2.20417		
01:13:51	2000	2400	2474	2417	5211	0.96345	4.85519	2.20137		
01:14:01	2000	2400	2453	2417	5211	0.96345	4.85519	2.20137		
01:14:11	2000	2400	2439	2375	5319	0.96282	4.85578	2.20006		
01:14:21	2000	2400	2426	2375	5319	0.96282	4.85578	2.20006		
01:14:31	2000	2300	2400	2335	5428	0.96218	4.85426	2.19777		
01:14:41	2000	2300	2375	2335	5428	0.96218	4.85426	2.19777		
01:15:21	2000	2300	2356	2300	5634	0.96162	4.85371	2.19610		
01:15:31	2000	2300	2353	2399	5659	0.96319	4.85338	2.19989		
01:15:41	2000	2300	2345	2326	5689	0.96205	4.85319	2.19696		
01:15:51	2000	2300	2336	2326	5689	0.96205	4.85319	2.19696		
01:16:01	2000	2300	2343	2374	5710	0.96281	4.85392	2.19918		
01:16:11	2000	2300	2349	2374	5710	0.96281	4.85392	2.19918		
01:16:41	2000	2400	2403	2624	5696	0.96629	4.85352	2.20775		
01:16:51	2000	2400	2452	2690	5682	0.96710	4.85312	2.20960		
01:17:01	2000	2500	2512	2685	5675	0.96703	4.85327	2.20951		
01:17:11	2000	2500	2572	2685	5675	0.96703	4.85327	2.20951		
01:17:21	2000	2600	2604	2569	5686	0.96557	4.85328	2.20583		
01:17:31	2000	2600	2619	2465	5697	0.96415	4.85320	2.20222		
01:17:41	2000	2500	2581	2392	5708	0.96307	4.85337	2.19960		
01:17:51	2000	2500	2539	2439	5722	0.96377	4.85357	2.20144		
01:18:01	2000	2400	2494	2416	5745	0.96343	4.85362	2.20062		
01:18:11	2000	2400	2453	2439	5773	0.96377	4.85381	2.20156		
01:18:21	2000	2400	2431	2440	5810	0.96379	4.85337	2.20140		
01:18:31	2000	2400	2427	2440	5810	0.96379	4.85337	2.20140		
01:18:41	2000	2400	2451	2535	5896	0.96512	4.85310	2.20462		
01:18:51	2000	2400	2466	2527	5940	0.96501	4.85312	2.20436		
01:19:01	2000	2400	2468	2429	5981	0.96363	4.85315	2.20090		
01:19:11	2000	2400	2488	2558	6033	0.96542	4.85332	2.20548		
01:19:21	2000	2500	2507	2558	6033	0.96542	4.85332	2.20548		
01:19:31	2000	2500	2524	2538	6140	0.96516	4.85391	2.20510		
01:19:41	2000	2500	2524	2538	6140	0.96516	4.85391	2.20510		
01:19:51	2000	2500	2504	2403	6238	0.96323	4.85395	2.20027		
01:20:01	2000	2400	2499	2403	6238	0.96323	4.85395	2.20027		
01:20:11	2000	2400	2478	2429	6305	0.96362	4.85433	2.20141		
01:20:21	2000	2400	2471	2517	6326	0.96488	4.85469	2.20473		
01:20:31	2000	2400	2471	2538	6342	0.96516	4.85503	2.20561		
01:20:41	2000	2400	2471	2538	6342	0.96516	4.85503	2.20561		
01:21:11	2000	2400	2491	2524	6369	0.96498	4.85515	2.20519		
01:21:21	2000	2500	2512	2526	6374	0.96500	4.85566	2.20549		
01:21:31	2000	2500	2528	2526	6374	0.96500	4.85566	2.20549		
01:22:11	2000	2500	2557	2695	6421	0.96715	4.85528	2.21072		
01:22:21	2000	2500	2584	2695	6421	0.96715	4.85528	2.21072		
01:22:31	2000	2500	2598	2624	6449	0.96628	4.85555	2.20865		
01:22:41	2000	2600	2627	2696	6495	0.96717	4.85570	2.21096		
01:22:51	2000	2600	2649	2658	6511	0.96671	4.85551	2.20972		
01:23:01	2000	2600	2671	2658	6511	0.96671	4.85551	2.20972		
01:23:11	2000	2600	2661	2640	6561	0.96648	4.85594	2.20933		
01:23:21	2000	2600	2654	2653	6583	0.96665	4.85563	2.20962		
01:23:31	2000	2600	2659	2653	6583	0.96665	4.85563	2.20962		
01:23:51	2000	2600	2641	2585	6732	0.96579	4.85778	2.20843		
01:24:01	2000	2600	2624	2559	6781	0.96544	4.85650	2.20698		
01:24:11	2000	2600	2614	2594	6816	0.96590	4.85689	2.20830		
01:24:21	2000	2600	2608	2607	6857	0.96607	4.85867	2.20953		
01:24:31	2000	2500	2600	2607	6857	0.96607	4.85867	2.20953		
01:24:51	2000	2600	2612	2724	6976	0.96750	4.85782	2.21275		
01:25:01	2000	2600	2635	2724	6976	0.96750	4.85782	2.21275		
01:25:21	2000	2600	2639	2583	7062	0.96575	4.85795	2.20842		
01:25:31	2000	2600	2638	2583	7062	0.96575	4.85795	2.20842		
01:25:41	2000	2600	2632	2571	7081	0.96560	4.85799	2.20804		
01:25:51	2000	2600	2626	2571	7081	0.96560	4.85799	2.20804		
01:26:21	2000	2600	2679	3047	6958	0.97090	4.85861	2.22165		
01:26:31	2000	2800	2809	3502	6821	0.97463	4.85946	2.23142		
01:26:41	2000	2900	2962	3502	6821	0.97463	4.85946	2.23142		
01:26:51	2000	3000	3023	2949	6603	0.96994	4.85951	2.21967		
01:27:01	2000	3000	3089	2968	6478	0.97013	4.85913	2.21996		
01:27:11	2000	3000	3156	2968	6478	0.97013	4.85913	2.21996		
01:27:31	2000	3000	3164	3098	6021	0.97137	4.85935	2.22318		
01:27:41	2000	3000	3111	3186	5888	0.97214	4.85914	2.22503		
01:27:51	2000	3000	3080	3316	5784	0.97323	4.85943	2.22789		
01:28:01	2000	3000	3153	3382	5691	0.97374	4.85953	2.22922		
01:28:11	2000	3000	3183	3152	5524	0.97185	4.85914	2.22430		
01:28:21	2000	3000	3256	3402	5282	0.97389	4.85923	2.22947		
01:28:31	2000	3000	3287	3284	5037	0.97297	4.85980	2.22741		
01:28:41	2000	3000	3303	3284	5037	0.97297	4.85980	2.22741		
01:29:11	2000	3000	3266	3094	3778	0.97133	4.86042	2.22357		
01:29:21	2000	3000	3215	3079	3544	0.97119	4.86241	2.22414		
01:29:31	2000	3000	3189	2994	3334	0.97039	4.86039	2.22119		
01:29:41	2000	3000	3161	3234	3122	0.97255	4.86089	2.22686		
01:29:51	2000	3000	3166	3314	2923	0.97321	4.85906	2.22768		
01:30:01	2000	3000	3193	3447	2782	0.97423	4.85971	2.23054		
01:30:11	2000	3000	3253	3452	2744	0.97426	4.85912	2.23035		
01:30:21	2000	3000	3277	3221	2827	0.97245	4.86000	2.22619		
01:30:31	2000	3000	3314	3221	2827	0.97245	4.86000	2.22619		
01:30:41	2000	3000	3314	3230	3022	0.97252	4.86056	2.22663		
01:30:51	2000	3000	3292	3186	3027	0.97214	4.86009	2.22547		
01:31:01	2000	3000	3240	3135	3039	0.97170	4.85981	2.22422		
01:31:11	2000	3000	3194	3175	3128	0.97205	4.85969	2.22505		
01:31:21	2000	3000	3187	3175	3128	0.97205	4.85969	2.22505		
01:31:31	2000	3000	3154	3023	3464	0.97067	4.86009	2.22175		
01:31:41	2000	3000	3119	3025	3374	0.97069	4.85963	2.22159		
01:31:51	2000	3000	3093	3025	3374	0.97069	4.85963	2.22159		
01:32:11	2000	3000	3080	3061	3117	0.97103	4.85940	2.22235		
01:32:21	2000	3000	3061	3061	3117	0.97103	4.85940	2.22235		
01:32:31	2000	3000	3030	2990	3161	0.97034	4.85965	2.22074		
01:32:41	2000	3000	3025	2990	3161	0.97034	4.85965	2.22074		
01:32:51	2000	3000	3015	2966	3141	0.97011	4.85925	2.21996		
01:33:01	2000	3000	3005	2966	3141	0.97011	4.85925	2.21996		
01:33:11	2000	3000	3016	3125	3280	0.97161	4.85980	2.22399		
01:33:21	2000	3000	3027	3125	3280	0.97161	4.85980	2.22399		
01:33:31	2000	3000	3021	2955	3219	0.97001	4.85895	2.21957		
01:33:41	2000	2900	2989	2797	3080	0.96833	4.85954	2.21563		
01:33:51	2000	2900	2960	2797	3080	0.96833	4.85954	2.21563		
01:34:01	2000	2900	2968	3009	2932	0.97053	4.85981	2.22128		
01:34:11	2000	2900	2934	2921	3301	0.96966	4.85915	2.21878		
01:34:21	2000	2800	2894	2885	3517	0.96928	4.86045	2.21843		
01:34:31	2000	2800	2882	2887	3349	0.96931	4.86097	2.21873		
01:34:41	2000	2900	2901	2907	3330	0.96951	4.86109	2.21931		
01:34:51	2000	2900	2930	2971	3309	0.97017	4.86059	2.22072		
01:35:01	2000	2800	2869	2647	3073	0.96658	4.86149	2.21210		
01:35:11	2000	2800	2865	2896	2913	0.96940	4.86168	2.21930		
01:35:21	2000	2800	2866	2891	2783	0.96935	4.86024	2.21851		
01:35:31	2000	2800	2876	2948	2671	0.96993	4.85921	2.21949		
01:35:41	2000	2800	2888	2975	2587	0.97020	4.86056	2.22080		
01:35:51	2000	2900	2909	3097	2524	0.97136	4.85994	2.22343		
01:36:01	2000	2900	2956	2929	2495	0.96974	4.86164	2.22013		
01:36:11	2000	2900	2961	2929	2495	0.96974	4.86164	2.22013		
01:36:21	2000	2900	2949	2817	2576	0.96856	4.85973	2.21628		
01:36:31	2000	2900	2905	2686	2675	0.96705	4.85989	2.21255		
01:36:41	2000	2800	2857	2686	2675	0.96705	4.85989	2.21255		
01:37:01	2000	2700	2785	2668	3057	0.96682	4.85966	2.21189		
01:37:11	2000	2700	2754	2742	3173	0.96771	4.85931	2.21397		
01:37:21	2000	2700	2723	2742	3173	0.96771	4.85931	2.21397		
01:37:31	2000	2700	2708	2729	3299	0.96756	4.86017	2.21398		
01:37:41	2000	2700	2723	2772	3881	0.96805	4.85961	2.21496		
01:37:51	2000	2700	2737	2772	3881	0.96805	4.85961	2.21496		
01:38:01	2000	2700	2791	2990	3444	0.97035	4.85975	2.22079		
01:38:11	2000	2800	2832	2990	3444	0.97035	4.85975	2.22079		
01:38:21	2000	2800	2865	2937	3499	0.96982	4.85977	2.21948		
01:38:31	2000	2800	2889	2874	3542	0.96917	4.85939	2.21766		
01:38:41	2000	2900	2906	2874	3542	0.96917	4.85939	2.21766		
01:38:51	2000	2800	2890	2675	3834	0.96691	4.85992	2.21223		
01:39:01	2000	2800	2844	2714	4143	0.96738	4.85933	2.21313		
01:39:11	2000	2700	2798	2714	4143	0.96738	4.85933	2.21313		
01:39:31	2000	2700	2770	2770	4895	0.96803	4.85898	2.21461		
01:39:41	2000	2700	2752	2770	4895	0.96803	4.85898	2.21461		
01:41:01	2000	2700	2728	2729	5226	0.96755	4.85792	2.21293		
01:41:11	2000	2700	2730	2687	5530	0.96706	4.85821	2.21183		
01:41:21	2000	2700	2716	2629	5835	0.96635	4.85829	2.21007		
01:41:31	2000	2700	2702	2629	5835	0.96635	4.85829	2.21007		
01:41:51	2000	2600	2682	2649	6406	0.96660	4.85842	2.21076		
01:42:01	2000	2600	2676	2734	6533	0.96762	4.85808	2.21316		
01:42:11	2000	2600	2651	2581	6685	0.96573	4.85881	2.20875		
01:42:21	2000	2600	2633	2581	6685	0.96573	4.85881	2.20875		
01:42:51	2000	2600	2621	2556	7092	0.96540	4.85978	2.20836		
01:43:01	2000	2600	2606	2540	7320	0.96518	4.85945	2.20766		
01:43:11	2000	2600	2623	2748	7322	0.96778	4.85875	2.21387		
01:43:21	2000	2600	2625	2748	7322	0.96778	4.85875	2.21387		
01:43:31	2000	2600	2645	2699	7661	0.96720	4.85906	2.21256		
01:43:41	2000	2600	2665	2699	7661	0.96720	4.85906	2.21256		
01:43:51	2000	2600	2693	2726	8012	0.96753	4.85923	2.21346		
01:44:01	2000	2700	2721	2706	8192	0.96729	4.85804	2.21233		
01:44:11	2000	2700	2711	2690	8388	0.96710	4.85923	2.21238		
01:44:21	2000	2700	2701	2690	8388	0.96710	4.85923	2.21238		
01:44:41	2000	2600	2698	2677	8935	0.96693	4.86017	2.21240		
01:44:51	2000	2600	2688	2644	9076	0.96653	4.85817	2.21048		
01:45:01	2000	2600	2686	2714	9222	0.96738	4.85848	2.21275		
01:45:11	2000	2600	2688	2714	9222	0.96738	4.85848	2.21275		
01:45:21	2000	2600	2676	2618	9989	0.96621	4.85866	2.20989		
01:45:31	2000	2600	2678	2706	9814	0.96728	4.85798	2.21228		
01:45:41	2000	2600	2683	2706	9814	0.96728	4.85798	2.21228		
01:45:51	2000	2600	2683	2643	9550	0.96652	4.85807	2.21041		
01:46:01	2000	2600	2671	2643	9550	0.96652	4.85807	2.21041		
01:46:21	2000	2600	2649	2578	9959	0.96569	4.85752	2.20807		
01:46:31	2000	2600	2642	2578	9959	0.96569	4.85752	2.20807		
01:46:41	2000	2600	2622	2586	9989	0.96580	4.85740	2.20829		
01:46:51	2000	2600	2605	2606	9989	0.96605	4.85696	2.20871		
01:47:01	2000	2500	2599	2606	9989	0.96605	4.85696	2.20871		
01:47:11	2000	2500	2587	2569	9989	0.96558	4.85654	2.20733		
01:47:21	2000	2500	2580	2537	9989	0.96514	4.85600	2.20600		
01:47:31	2000	2500	2581	2587	9989	0.96581	4.85634	2.20783		
01:47:41	2000	2500	2582	2587	9989	0.96581	4.85634	2.20783		
01:48:01	2000	2500	2580	2597	9989	0.96593	4.85588	2.20793		
01:48:11	2000	2500	2585	2633	9989	0.96639	4.85584	2.20906		
01:48:21	2000	2500	2584	2566	9989	0.96553	4.85575	2.20686		
01:48:31	2000	2500	2589	2566	9989	0.96553	4.85575	2.20686		
01:49:01	2000	2600	2619	2766	9989	0.96798	4.85578	2.21304		
01:49:11	2000	2600	2649	2766	9989	0.96798	4.85578	2.21304		
01:49:21	2000	2600	2672	2736	9989	0.96764	4.85523	2.21193		
01:49:31	2000	2600	2689	2736	9989	0.96764	4.85523	2.21193		
01:49:41	2000	2700	2716	2729	9989	0.96755	4.85528	2.21173		
01:49:51	2000	2700	2743	2729	9989	0.96755	4.85528	2.21173		
01:50:01	2000	2700	2750	2806	9989	0.96843	4.85488	2.21375		
01:50:11	2000	2700	2757	2808	9989	0.96846	4.85483	2.21379		
01:50:21	2000	2700	2754	2720	9989	0.96745	4.85474	2.21123		
01:50:31	2000	2700	2748	2699	9989	0.96720	4.85464	2.21056		
01:50:41	2000	2700	2746	2715	9989	0.96739	4.85497	2.21118		
01:50:51	2000	2700	2743	2715	9989	0.96739	4.85497	2.21118		
01:51:11	2000	2700	2738	2772	9989	0.96805	4.85424	2.21251		
01:51:21	2000	2700	2716	2675	9989	0.96692	4.85420	2.20964		
01:51:31	2000	2700	2711	2692	9989	0.96712	4.85471	2.21037		
01:51:41	2000	2700	2710	2692	9989	0.96712	4.85471	2.21037		
01:51:51	2000	2700	2705	2686	9989	0.96704	4.85350	2.20964		
01:52:01	2000	2600	2700	2686	9989	0.96704	4.85350	2.20964		
01:52:11	2000	2700	2707	2815	9989	0.96853	4.85378	2.21351		
01:52:21	2000	2700	2724	2773	9989	0.96806	4.85378	2.21232		
01:52:31	2000	2700	2730	2732	9989	0.96759	4.85330	2.21092		
01:52:41	2000	2700	2751	2817	9989	0.96856	4.85319	2.21330		
01:52:51	2000	2700	2759	2733	9989	0.96760	4.85309	2.21085		
01:53:01	2000	2700	2758	2682	9989	0.96700	4.85285	2.20924		
01:53:11	2000	2700	2736	2682	9989	0.96700	4.85285	2.20924		
01:53:21	2000	2700	2728	2723	9989	0.96749	4.85320	2.21063		
01:53:31	2000	2700	2726	2723	9989	0.96749	4.85320	2.21063		
01:54:01	2000	2700	2709	2716	9989	0.96740	4.85242	2.21005		
01:54:11	2000	2700	2712	2748	9989	0.96778	4.85112	2.21040		
01:54:21	2000	2700	2725	2761	9989	0.96793	4.85119	2.21082		
01:54:31	2000	2700	2725	2679	9989	0.96697	4.85119	2.20839		
01:54:41	2000	2700	2721	2699	9989	0.96721	4.85162	2.20919		
01:54:51	2000	2700	2707	2643	9989	0.96652	4.85126	2.20731		
01:55:01	2000	2600	2695	2643	9989	0.96652	4.85126	2.20731		
01:55:11	2000	2600	2671	2602	9989	0.96600	4.85140	2.20606		
01:55:21	2000	2600	2660	2696	9989	0.96717	4.85189	2.20921		
01:55:31	2000	2600	2663	2696	9989	0.96717	4.85189	2.20921		
01:55:41	2000	2600	2660	2685	9989	0.96703	4.85154	2.20872		
01:55:51	2000	2600	2667	2685	9989	0.96703	4.85154	2.20872		
01:56:11	2000	2600	2683	2739	9989	0.96768	4.85196	2.21053		
01:56:21	2000	2700	2706	2739	9989	0.96768	4.85196	2.21053		
01:56:31	2000	2600	2698	2649	9989	0.96660	4.85303	2.20831		
01:56:41	2000	2600	2693	2665	9989	0.96680	4.85349	2.20901		
01:56:51	2000	2700	2702	2739	9989	0.96768	4.85215	2.21061		
01:57:01	2000	2700	2711	2739	9989	0.96768	4.85215	2.21061		
01:57:11	2000	2600	2694	2636	9989	0.96643	4.85225	2.20753		
01:57:21	2000	2600	2677	2636	9989	0.96643	4.85225	2.20753		
01:57:41	2000	2600	2682	2679	9989	0.96696	4.85364	2.20950		
01:57:51	2000	2600	2686	2690	9989	0.96709	4.85215	2.20915		
01:58:01	2000	2600	2683	2718	9989	0.96743	4.85236	2.21009		
01:58:11	2000	2600	2677	2708	9989	0.96732	4.85233	2.20979		
01:58:21	2000	2600	2694	2737	9989	0.96765	4.85216	2.21055		
01:58:31	2000	2700	2711	2737	9989	0.96765	4.85216	2.21055		
01:58:51	2000	2700	2718	2722	9989	0.96747	4.85322	2.21059		
01:59:01	2000	2700	2724	2722	9989	0.96747	4.85322	2.21059		
01:59:21	2000	2700	2740	2819	9989	0.96858	4.85256	2.21306		
01:59:31	2000	2700	2759	2819	9989	0.96858	4.85256	2.21306		
01:59:41	2000	2700	2776	2839	9989	0.96880	4.85396	2.21426		
01:59:51	2000	2700	2794	2846	9989	0.96888	4.85449	2.21469		
02:00:01	2000	2800	2815	2846	9989	0.96888	4.85449	2.21469		
02:00:21	2000	2800	2838	2859	9989	0.96901	4.85330	2.21449		
02:00:31	2000	2800	2848	2881	9989	0.96924	4.85411	2.21543		
02:00:41	2000	2800	2858	2881	9989	0.96924	4.85411	2.21543		
02:00:51	2000	2800	2861	2854	9989	0.96896	4.85314	2.21429		
02:01:01	2000	2800	2870	2900	9989	0.96944	4.85323	2.21553		
02:01:11	2000	2800	2879	2900	9989	0.96944	4.85323	2.21553		
02:01:21	2000	2800	2879	2863	9989	0.96905	4.85358	2.21471		
02:01:31	2000	2800	2876	2863	9989	0.96905	4.85358	2.21471		
02:01:41	2000	2800	2884	2927	9989	0.96972	4.85374	2.21646		
02:01:51	2000	2800	2869	2764	9989	0.96796	4.85463	2.21245		
02:02:01	2000	2800	2846	2764	9989	0.96796	4.85463	2.21245		
02:02:11	2000	2800	2842	2872	9989	0.96915	4.85458	2.21542		
02:02:21	2000	2800	2852	2926	9989	0.96971	4.85451	2.21680		
02:02:31	2000	2800	2846	2827	9989	0.96866	4.85449	2.21416		
02:02:41	2000	2800	2844	2911	9989	0.96956	4.85508	2.21668		
02:02:51	2000	2800	2868	2911	9989	0.96956	4.85508	2.21668		
02:03:31	2000	2800	2896	2930	9989	0.96975	4.85573	2.21746		
02:03:41	2000	2900	2913	2975	9989	0.97020	4.85589	2.21865		
02:03:51	2000	2900	2921	2974	9989	0.97019	4.85658	2.21896		
02:04:01	2000	2900	2945	2974	9989	0.97019	4.85658	2.21896		
02:04:21	2000	2900	2963	3016	9989	0.97060	4.85711	2.22022		
02:04:31	2000	2900	2980	3016	9989	0.97060	4.85711	2.22022		
02:04:41	2000	3000	3009	3102	9989	0.97140	4.86002	2.22357		
02:04:51	2000	3000	3030	3102	9989	0.97140	4.86002	2.22357		
02:05:01	2000	3000	3057	3133	9989	0.97169	4.85872	2.22369		
02:05:11	2000	3000	3083	3133	9989	0.97169	4.85872	2.22369		
02:05:21	2000	3000	3093	3072	9989	0.97113	4.85850	2.22218		
02:05:31	2000	3000	3102	3072	9989	0.97113	4.85850	2.22218		
02:05:41	2000	3000	3091	3036	9989	0.97079	4.85845	2.22131		
02:05:51	2000	3000	3080	3036	9989	0.97079	4.85845	2.22131		
02:06:11	2000	3000	3083	3154	9989	0.97187	4.85831	2.22396		
02:06:21	2000	3000	3087	3154	9989	0.97187	4.85831	2.22396		
02:06:31	2000	3000	3130	3330	9989	0.97333	4.85848	2.22772		
02:06:41	2000	3000	3173	3330	9989	0.97333	4.85848	2.22772		
02:06:51	2000	3000	3191	3143	9989	0.97177	4.85746	2.22333		
02:07:01	2000	3000	3209	3143	9989	0.97177	4.85746	2.22333		
02:07:11	2000	3000	3217	3204	9989	0.97230	4.85854	2.22516		
02:07:21	2000	3000	3227	3217	9989	0.97241	4.85852	2.22543		
02:07:31	2000	3000	3224	3311	9989	0.97318	4.85829	2.22725		
02:07:41	2000	3000	3210	3243	9989	0.97263	4.85784	2.22566		
02:07:51	2000	3000	3233	3282	9989	0.97295	4.85850	2.22677		
02:08:01	2000	3000	3247	3227	9989	0.97250	4.85800	2.22540		
02:08:11	2000	3000	3268	3331	9989	0.97334	4.85757	2.22733		
02:08:21	2000	3000	3252	3118	9989	0.97155	4.85780	2.22293		
02:08:31	2000	3000	3242	3251	9989	0.97269	4.85758	2.22570		
02:08:41	2000	3000	3228	3159	9989	0.97191	4.85784	2.22385		
02:08:51	2000	3000	3212	3186	9989	0.97215	4.85750	2.22429		
02:09:01	2000	3000	3205	3186	9989	0.97215	4.85750	2.22429		
02:09:11	2000	3000	3189	3239	9989	0.97259	4.85747	2.22540		
02:09:21	2000	3000	3210	3239	9989	0.97259	4.85747	2.22540		
02:09:31	2000	3000	3221	3320	9989	0.97325	4.85765	2.22714		
02:09:41	2000	3000	3248	3320	9989	0.97325	4.85765	2.22714		
02:09:51	2000	3000	3276	3356	9989	0.97354	4.85699	2.22755		
02:10:01	2000	3000	3305	3356	9989	0.97354	4.85699	2.22755		
02:10:11	2000	3000	3316	3306	9989	0.97315	4.85710	2.22662		
02:10:21	2000	3000	3327	3306	9989	0.97315	4.85710	2.22662		
02:11:21	2000	3000	3316	3255	9989	0.97273	4.86152	2.22760		
02:11:31	2000	3000	3305	3255	9989	0.97273	4.86152	2.22760		
02:12:01	2000	3000	3298	3315	9989	0.97322	4.85762	2.22703		
02:12:11	2000	3000	3291	3312	9989	0.97319	4.85780	2.22705		
02:12:21	2000	3000	3292	3312	9989	0.97319	4.85780	2.22705		
02:12:31	2000	3000	3274	3200	9989	0.97227	4.85778	2.22472		
02:12:41	2000	3000	3299	3405	9989	0.97391	4.85690	2.22845		
02:12:51	2000	3000	3299	3255	9989	0.97273	4.85716	2.22559		
02:13:01	2000	3000	3291	3262	9989	0.97278	4.85685	2.22559		
02:13:11	2000	3000	3294	3330	9989	0.97333	4.85656	2.22684		
02:13:21	2000	3000	3300	3348	9989	0.97348	4.85635	2.22711		
02:13:31	2000	3000	3319	3318	9989	0.97324	4.85651	2.22659		
02:13:41	2000	3000	3305	3318	9989	0.97324	4.85651	2.22659		
02:13:51	2000	3000	3308	3274	9989	0.97289	4.85679	2.22582		
02:14:01	2000	3000	3310	3274	9989	0.97289	4.85679	2.22582		
02:14:11	2000	3000	3333	3578	9989	0.97516	4.85677	2.23153		
02:14:21	2000	3000	3333	3375	9989	0.97369	4.85593	2.22744		
02:14:31	2000	3000	3333	3375	9989	0.97369	4.85593	2.22744		
02:15:01	2000	3000	3333	3305	9989	0.97313	4.85673	2.22642		
02:15:11	2000	3000	3333	3259	9989	0.97276	4.85668	2.22545		
02:15:21	2000	3000	3333	3263	9989	0.97279	4.85616	2.22530		
02:15:31	2000	3000	3306	3263	9989	0.97279	4.85616	2.22530		
02:15:41	2000	3000	3301	3346	9989	0.97346	4.85587	2.22684		
02:15:51	2000	3000	3297	3346	9989	0.97346	4.85587	2.22684		
02:16:01	2000	3000	3301	3329	9989	0.97332	4.85641	2.22675		
02:16:11	2000	3000	3312	3329	9989	0.97332	4.85641	2.22675		
02:16:31	2000	3000	3309	3245	9989	0.97265	4.85638	2.22503		
02:16:41	2000	3000	3306	3245	9989	0.97265	4.85638	2.22503		
02:17:01	2000	3000	3274	3151	9989	0.97184	4.85646	2.22305		
02:17:11	2000	3000	3241	3151	9989	0.97184	4.85646	2.22305		
02:17:31	2000	3000	3226	3239	9989	0.97259	4.85547	2.22448		
02:17:41	2000	3000	3221	3299	9989	0.97308	4.85550	2.22573		
02:17:51	2000	3000	3230	3299	9989	0.97308	4.85550	2.22573		
02:18:21	2000	3000	3226	3221	9989	0.97244	4.85513	2.22395		
02:18:31	2000	3000	3238	3221	9989	0.97244	4.85513	2.22395		
02:18:51	2000	3000	3244	3188	9989	0.97216	4.85508	2.22322		
02:19:01	2000	3000	3236	3188	9989	0.97216	4.85508	2.22322		
02:19:31	2000	3000	3215	3177	9989	0.97207	4.85465	2.22279		
02:19:41	2000	3000	3195	3177	9989	0.97207	4.85465	2.22279		
02:20:01	2000	3000	3212	3324	9989	0.97329	4.85496	2.22599		
02:20:11	2000	3000	3235	3358	9989	0.97355	4.85516	2.22675		
02:20:21	2000	3000	3253	3294	9989	0.97305	4.85478	2.22531		
02:20:31	2000	3000	3270	3294	9989	0.97305	4.85478	2.22531		
02:20:41	2000	3000	3289	3288	9989	0.97300	4.85491	2.22525		
02:20:51	2000	3000	3306	3279	9989	0.97292	4.85493	2.22506		
02:21:01	2000	3000	3303	3309	9989	0.97317	4.85452	2.22549		
02:21:11	2000	3000	3295	3309	9989	0.97317	4.85452	2.22549		
02:21:21	2000	3000	3275	3171	9989	0.97202	4.85563	2.22311		
02:21:31	2000	3000	3254	3171	9989	0.97202	4.85563	2.22311		
02:22:01	2000	3000	3243	3221	9989	0.97245	4.85513	2.22396		
02:22:11	2000	3000	3233	3221	9989	0.97245	4.85513	2.22396		
02:22:21	2000	3000	3221	3237	9989	0.97258	4.85573	2.22456		
02:22:31	2000	3000	3208	3230	9989	0.97252	4.85675	2.22488		
02:22:41	2000	3000	3227	3284	9989	0.97297	4.85551	2.22544		
02:22:51	2000	3000	3246	3284	9989	0.97297	4.85551	2.22544		
02:23:11	2000	3000	3248	3232	9989	0.97254	4.85635	2.22474		
02:23:21	2000	3000	3249	3232	9989	0.97254	4.85635	2.22474		
02:23:51	2000	3000	3232	3133	9989	0.97168	4.85607	2.22246		
02:24:01	2000	3000	3216	3133	9989	0.97168	4.85607	2.22246		
02:24:11	2000	3000	3192	3142	9989	0.97177	4.85603	2.22266		
02:24:21	2000	3000	3169	3142	9989	0.97177	4.85603	2.22266		
02:25:51	2000	3000	3167	3222	9989	0.97245	4.85576	2.22426		
02:26:01	2000	3000	3172	3263	9989	0.97279	4.85565	2.22507		
02:26:11	2000	3000	3187	3221	9989	0.97245	4.85534	2.22405		
02:26:21	2000	3000	3204	3236	9989	0.97257	4.85520	2.22431		
02:26:31	2000	3000	3220	3236	9989	0.97257	4.85520	2.22431		
02:26:41	2000	3000	3218	3135	9989	0.97170	4.85562	2.22231		
02:26:51	2000	3000	3204	3135	9989	0.97170	4.85562	2.22231		
02:27:11	2000	3000	3204	3263	9989	0.97280	4.85522	2.22488		
02:27:21	2000	3000	3211	3263	9989	0.97280	4.85522	2.22488		
02:27:31	2000	3000	3205	3200	9989	0.97227	4.85432	2.22314		
02:27:41	2000	3000	3199	3200	9989	0.97227	4.85432	2.22314		
02:28:11	2000	3000	3204	3165	9989	0.97197	4.85548	2.22291		
02:28:21	2000	3000	3212	3185	9989	0.97214	4.85560	2.22340		
02:28:31	2000	3000	3199	3185	9989	0.97214	4.85560	2.22340		
02:28:51	2000	3000	3181	3151	9989	0.97184	4.85471	2.22224		
02:29:01	2000	3000	3187	3241	9989	0.97261	4.85491	2.22427		
02:29:11	2000	3000	3194	3241	9989	0.97261	4.85491	2.22427		
02:29:31	2000	3000	3201	3203	9989	0.97229	4.85450	2.22328		
02:29:41	2000	3000	3198	3171	9989	0.97202	4.85411	2.22241		
02:29:51	2000	3000	3204	3221	9989	0.97244	4.85362	2.22326		
02:30:01	2000	3000	3213	3203	9989	0.97230	4.85411	2.22311		
02:30:11	2000	3000	3207	3203	9989	0.97230	4.85411	2.22311		
02:30:21	2000	3000	3208	3247	9989	0.97266	4.85435	2.22414		
02:30:31	2000	3000	3207	3201	9989	0.97227	4.85424	2.22311		
02:30:41	2000	3000	3207	3171	9989	0.97202	4.85402	2.22237		
02:30:51	2000	3000	3218	3287	9989	0.97299	4.85413	2.22486		
02:31:01	2000	3000	3206	3128	9989	0.97163	4.85398	2.22139		
02:31:11	2000	3000	3193	3128	9989	0.97163	4.85398	2.22139		
02:31:21	2000	3000	3183	3188	9989	0.97216	4.85394	2.22270		
02:31:31	2000	3000	3179	3172	9989	0.97202	4.85381	2.22229		
02:31:41	2000	3000	3179	3172	9989	0.97202	4.85381	2.22229		
02:32:01	2000	3000	3154	3140	9989	0.97174	4.85605	2.22261		
02:32:11	2000	3000	3155	3133	9989	0.97168	4.85848	2.22356		
02:32:21	2000	3000	3150	3096	9989	0.97135	4.85817	2.22258		
02:32:31	2000	3000	3126	3046	9989	0.97089	4.85915	2.22188		
02:32:41	2000	3000	3105	3046	9989	0.97089	4.85915	2.22188		
02:32:51	2000	3000	3092	3093	9989	0.97133	4.85854	2.22270		
02:33:01	2000	3000	3084	3093	9989	0.97133	4.85854	2.22270		
02:33:11	2000	3000	3068	3036	9989	0.97079	4.85864	2.22141		
02:33:21	2000	3000	3061	3052	9989	0.97094	4.85279	2.21910		
02:33:31	2000	3000	3062	3052	9989	0.97094	4.85279	2.21910		
02:33:51	2000	3000	3060	3038	9989	0.97081	4.85265	2.21871		
02:34:01	2000	3000	3051	3038	9989	0.97081	4.85265	2.21871		
02:35:41	2000	3000	3043	3045	9989	0.97087	4.85543	2.22014		
02:35:51	2000	3000	3045	3045	9989	0.97087	4.85543	2.22014		
02:36:01	2000	3000	3037	3007	9989	0.97051	4.85495	2.21901		
02:36:11	2000	3000	3027	2992	9989	0.97037	4.85443	2.21842		
02:36:21	2000	3000	3024	3022	9989	0.97065	4.85532	2.21954		
02:36:31	2000	3000	3031	3076	9989	0.97117	4.85542	2.22088		
02:36:41	2000	3000	3042	3111	9989	0.97148	4.85488	2.22142		
02:36:51	2000	3000	3053	3111	9989	0.97148	4.85488	2.22142		
02:37:21	2000	3000	3085	3200	9989	0.97227	4.85248	2.22230		
02:37:31	2000	3000	3122	3214	9989	0.97238	4.85268	2.22268		
02:37:41	2000	3000	3154	3212	9989	0.97237	4.85275	2.22267		
02:37:51	2000	3000	3176	3210	9989	0.97235	4.85305	2.22277		
02:38:01	2000	3000	3192	3210	9989	0.97235	4.85305	2.22277		
02:38:11	2000	3000	3203	3175	9989	0.97205	4.85321	2.22208		
02:38:21	2000	3000	3203	3199	9989	0.97225	4.85309	2.22254		
02:38:31	2000	3000	3200	3199	9989	0.97225	4.85309	2.22254		
02:40:01	2000	3000	3221	3334	9989	0.97336	4.85419	2.22583		
02:40:11	2000	3000	3241	3334	9989	0.97336	4.85419	2.22583		
02:40:21	2000	3000	3254	3288	9989	0.97300	4.85492	2.22525		
02:40:31	2000	3000	3278	3315	9989	0.97321	4.85506	2.22585		
02:40:41	2000	3000	3298	3323	9989	0.97328	4.85560	2.22626		
02:40:51	2000	3000	3319	3323	9989	0.97328	4.85560	2.22626		
02:41:31	2000	3000	3333	3558	9989	0.97502	4.85615	2.23090		
02:41:41	2000	3000	3333	3558	9989	0.97502	4.85615	2.23090		
02:42:41	2000	3000	3333	3347	9989	0.97347	4.85658	2.22720		
02:42:51	2000	3000	3333	3325	9989	0.97330	4.85636	2.22666		
02:43:01	2000	3000	3333	3325	9989	0.97330	4.85636	2.22666		
02:43:21	2000	3000	3333	3358	9989	0.97356	4.85798	2.22805		
02:43:31	2000	3000	3333	3386	9989	0.97377	4.85648	2.22791		
02:43:41	2000	3000	3333	3329	9989	0.97333	4.85690	2.22699		
02:43:51	2000	3000	3333	3357	9989	0.97355	4.85697	2.22757		
02:44:01	2000	3000	3333	3292	9989	0.97303	4.85657	2.22608		
02:44:11	2000	3000	3333	3292	9989	0.97303	4.85657	2.22608		
02:44:21	2000	3000	3333	3347	9989	0.97347	4.85631	2.22706		
02:44:31	2000	3000	3320	3303	9989	0.97312	4.85694	2.22648		
02:44:41	2000	3000	3311	3276	9989	0.97290	4.85669	2.22581		
02:44:51	2000	3000	3309	3347	9989	0.97347	4.85692	2.22734		
02:45:01	2000	3000	3318	3347	9989	0.97347	4.85692	2.22734		
02:45:31	2000	3000	3330	3361	9989	0.97358	4.85802	2.22813		
02:45:41	2000	3000	3324	3315	9989	0.97321	4.85800	2.22720		
02:45:51	2000	3000	3326	3315	9989	0.97321	4.85800	2.22720		
02:46:01	2000	3000	3316	3211	9989	0.97236	4.85707	2.22463		
02:46:11	2000	3000	3299	3246	9989	0.97265	4.85677	2.22523		
02:46:21	2000	3000	3282	3246	9989	0.97265	4.85677	2.22523		
02:46:31	2000	3000	3269	3283	9989	0.97296	4.85656	2.22590		
02:46:41	2000	3000	3264	3283	9989	0.97296	4.85656	2.22590		
02:47:11	2000	3000	3254	3255	9989	0.97273	4.85639	2.22525		
02:47:21	2000	3000	3246	3166	9989	0.97197	4.85670	2.22348		
02:47:31	2000	3000	3230	3150	9989	0.97183	4.85605	2.22284		
02:47:41	2000	3000	3236	3279	9989	0.97293	4.85600	2.22557		
02:47:51	2000	3000	3235	3279	9989	0.97293	4.85600	2.22557		
02:48:01	2000	3000	3219	3186	9989	0.97214	4.85592	2.22356		
02:48:11	2000	3000	3223	3283	9989	0.97296	4.85616	2.22571		
02:48:21	2000	3000	3237	3249	9989	0.97268	4.85605	2.22497		
02:48:31	2000	3000	3254	3249	9989	0.97268	4.85605	2.22497		
02:48:51	2000	3000	3247	3238	9989	0.97259	4.85599	2.22470		
02:49:01	2000	3000	3230	3179	9989	0.97208	4.85614	2.22351		
02:49:11	2000	3000	3214	3086	9989	0.97126	4.85580	2.22128		
02:49:21	2000	3000	3181	3086	9989	0.97126	4.85580	2.22128		
02:49:31	2000	3000	3164	3150	9989	0.97183	4.85550	2.22258		
02:49:41	2000	3000	3148	3150	9989	0.97183	4.85550	2.22258		
02:49:51	2000	3000	3119	3064	9989	0.97105	4.85545	2.22060		
02:50:01	2000	3000	3115	3158	9989	0.97191	4.85489	2.22249		
02:50:11	2000	3000	3113	3072	9989	0.97113	4.85489	2.22053		
02:50:21	2000	3000	3112	3078	9989	0.97119	4.85554	2.22098		
02:50:31	2000	3000	3094	3046	9989	0.97088	4.85492	2.21993		
02:50:41	2000	3000	3069	2998	9989	0.97042	4.85568	2.21912		
02:50:51	2000	3000	3051	2955	9989	0.97000	4.85512	2.21780		
02:51:01	2000	3000	3017	2955	9989	0.97000	4.85512	2.21780		
02:51:11	2000	3000	3011	3035	9989	0.97078	4.85565	2.22000		
02:51:21	2000	3000	3004	3035	9989	0.97078	4.85565	2.22000		
02:51:31	2000	2900	2998	3013	9989	0.97057	4.85610	2.21969		
02:51:41	2000	3000	3001	3013	9989	0.97057	4.85610	2.21969		
02:52:01	2000	3000	3016	3049	9989	0.97091	4.85582	2.22042		
02:52:11	2000	3000	3044	3124	9989	0.97160	4.85549	2.22200		
02:52:21	2000	3000	3040	3008	9989	0.97052	4.85581	2.21943		
02:52:31	2000	3000	3047	3075	9989	0.97116	4.85541	2.22084		
02:52:41	2000	3000	3057	3075	9989	0.97116	4.85541	2.22084		
02:52:51	2000	3000	3059	3024	9989	0.97068	4.85492	2.21942		
02:53:01	2000	3000	3055	3024	9989	0.97068	4.85492	2.21942		
02:53:21	2000	3000	3049	3088	9989	0.97128	4.85473	2.22083		
02:53:31	2000	3000	3060	3077	9989	0.97117	4.85485	2.22063		
02:53:41	2000	3000	3060	3077	9989	0.97117	4.85485	2.22063		
02:54:11	2000	3000	3047	2995	9989	0.97040	4.85458	2.21856		
02:54:21	2000	3000	3048	3028	9989	0.97072	4.85470	2.21942		
02:54:31	2000	3000	3053	3053	9989	0.97095	4.85485	2.22007		
02:54:41	2000	3000	3047	3053	9989	0.97095	4.85485	2.22007		
02:55:11	2000	3000	3037	3021	9989	0.97065	4.85418	2.21900		
02:55:21	2000	3000	3041	3100	9989	0.97138	4.85406	2.22079		
02:55:31	2000	3000	3059	3100	9989	0.97138	4.85406	2.22079		
02:55:41	2000	3000	3064	3057	9989	0.97098	4.85451	2.22000		
02:55:51	2000	3000	3069	3085	9989	0.97125	4.85393	2.22039		
02:56:01	2000	3000	3071	3067	9989	0.97108	4.85416	2.22008		
02:56:11	2000	3000	3079	3067	9989	0.97108	4.85416	2.22008		
02:56:21	2000	3000	3072	3060	9989	0.97102	4.85442	2.22004		
02:56:31	2000	3000	3061	3032	9989	0.97076	4.85460	2.21947		
02:56:41	2000	3000	3058	3037	9989	0.97080	4.85451	2.21953		
02:56:51	2000	3000	3068	3145	9989	0.97179	4.85438	2.22197		
02:57:01	2000	3000	3081	3145	9989	0.97179	4.85438	2.22197		
02:57:11	2000	3000	3072	3015	9989	0.97059	4.85436	2.21895		
02:57:21	2000	3000	3064	3015	9989	0.97059	4.85436	2.21895		
02:57:41	2000	3000	3062	3016	9989	0.97060	4.85424	2.21890		
02:57:51	2000	3000	3060	3025	9989	0.97068	4.85426	2.21913		
02:58:01	2000	3000	3040	3025	9989	0.97068	4.85426	2.21913		
02:58:21	2000	3000	3025	3054	9989	0.97096	4.85412	2.21976		
02:58:31	2000	3000	3031	3054	9989	0.97096	4.85412	2.21976		
02:58:41	2000	3000	3045	3098	9989	0.97137	4.85476	2.22107		
02:58:51	2000	3000	3059	3098	9989	0.97137	4.85476	2.22107		
02:59:21	2000	3000	3069	3089	9989	0.97128	4.85322	2.22016		
02:59:31	2000	3000	3070	3029	9989	0.97073	4.85360	2.21894		
02:59:41	2000	3000	3072	3064	9989	0.97105	4.85428	2.22007		
02:59:51	2000	3000	3073	3064	9989	0.97105	4.85428	2.22007		
03:00:11	2000	3000	3064	3043	9989	0.97086	4.85316	2.21907		
03:00:21	2000	3000	3055	3043	9989	0.97086	4.85316	2.21907		
03:00:31	2000	3000	3044	3025	9989	0.97069	4.85271	2.21843		
03:00:41	2000	3000	3049	3057	9989	0.97098	4.85248	2.21907		
03:00:51	2000	3000	3049	3064	9989	0.97106	4.85232	2.21918		
03:01:01	2000	3000	3050	3068	9989	0.97109	4.85228	2.21925		
03:01:11	2000	3000	3063	3125	9989	0.97161	4.85233	2.22058		
03:01:21	2000	3000	3077	3125	9989	0.97161	4.85233	2.22058		
03:01:31	2000	3000	3083	3059	9989	0.97101	4.85271	2.21923		
03:01:41	2000	3000	3087	3085	9989	0.97124	4.85184	2.21943		
03:01:51	2000	3000	3093	3101	9989	0.97139	4.85223	2.21998		
03:02:01	2000	3000	3089	3044	9989	0.97086	4.85231	2.21869		
03:02:11	2000	3000	3063	2964	9989	0.97009	4.85293	2.21704		
03:02:21	2000	3000	3050	3051	9989	0.97093	4.85197	2.21871		
03:02:31	2000	3000	3047	3041	9989	0.97084	4.85237	2.21865		
03:02:41	2000	3000	3031	2986	9989	0.97031	4.85284	2.21755		
03:02:51	2000	3000	3020	3034	9989	0.97077	4.85232	2.21847		
03:03:01	2000	3000	3018	3034	9989	0.97077	4.85232	2.21847		
03:03:11	2000	3000	3033	3053	9989	0.97095	4.85246	2.21897		
03:03:21	2000	3000	3025	3003	9989	0.97048	4.85222	2.21768		
03:03:31	2000	3000	3033	3092	9989	0.97131	4.85233	2.21982		
03:03:41	2000	3000	3041	3033	9989	0.97076	4.85182	2.21821		
03:03:51	2000	3000	3067	3190	9989	0.97218	4.85180	2.22176		
03:04:01	2000	3000	3093	3190	9989	0.97218	4.85180	2.22176		
03:04:11	2000	3000	3089	3031	9989	0.97074	4.85220	2.21834		
03:04:21	2000	3000	3094	3031	9989	0.97074	4.85220	2.21834		
03:04:31	2000	3000	3084	3030	9989	0.97073	4.85206	2.21825		
03:04:41	2000	3000	3083	3030	9989	0.97073	4.85206	2.21825		
03:05:01	2000	3000	3049	2983	9989	0.97028	4.85240	2.21727		
03:05:11	2000	3000	3014	2983	9989	0.97028	4.85240	2.21727		
03:05:31	2000	3000	3016	3041	9989	0.97084	4.85223	2.21860		
03:05:41	2000	3000	3003	2955	9989	0.97000	4.85263	2.21666		
03:05:51	2000	2900	2995	2983	9989	0.97028	4.85222	2.21718		
03:06:01	2000	3000	3014	3143	9989	0.97177	4.85206	2.22085		
03:06:11	2000	3000	3015	2987	9989	0.97032	4.85189	2.21713		
03:06:21	2000	3000	3022	3028	9989	0.97071	4.85197	2.21816		
03:06:31	2000	3000	3020	3028	9989	0.97071	4.85197	2.21816		
03:06:41	2000	3000	3033	3033	9989	0.97076	4.85170	2.21816		
03:06:51	2000	3000	3033	2984	9989	0.97029	4.85141	2.21684		
03:07:01	2000	3000	3030	3121	9989	0.97158	4.85163	2.22017		
03:07:11	2000	3000	3052	3121	9989	0.97158	4.85163	2.22017		
03:07:21	2000	3000	3051	3021	9989	0.97065	4.85259	2.21828		
03:07:31	2000	3000	3056	3057	9989	0.97099	4.85254	2.21911		
03:07:41	2000	3000	3049	2992	9989	0.97037	4.85249	2.21752		
03:07:51	2000	3000	3054	3013	9989	0.97057	4.85227	2.21793		
03:08:01	2000	3000	3028	2964	9989	0.97009	4.85261	2.21689		
03:08:11	2000	3000	3001	2964	9989	0.97009	4.85261	2.21689		
03:08:21	2000	2900	3000	3012	9989	0.97056	4.85263	2.21807		
03:08:31	2000	2900	2987	2977	9989	0.97022	4.85282	2.21731		
03:08:41	2000	2900	2988	3000	9989	0.97044	4.85238	2.21766		
03:08:51	2000	2900	2977	2947	9989	0.96992	4.85207	2.21622		
03:09:01	2000	2900	2985	3011	9989	0.97055	4.85181	2.21768		
03:09:11	2000	2900	2993	3011	9989	0.97055	4.85181	2.21768		
03:09:21	2000	2900	2988	2987	9989	0.97032	4.85189	2.21713		
03:09:31	2000	2900	2990	2987	9989	0.97032	4.85189	2.21713		
03:09:51	2000	2900	2981	2943	9989	0.96988	4.85153	2.21587		
03:10:01	2000	2900	2980	2943	9989	0.96988	4.85153	2.21587		
03:10:11	2000	2900	2971	2957	9989	0.97002	4.85186	2.21637		
03:10:21	2000	2900	2971	3012	9989	0.97056	4.85145	2.21754		
03:10:31	2000	2900	2973	2997	9989	0.97042	4.85225	2.21754		
03:10:41	2000	2900	2954	2874	9989	0.96917	4.85228	2.21443		
03:10:51	2000	2900	2942	2874	9989	0.96917	4.85228	2.21443		
03:11:11	2000	2900	2952	2999	9989	0.97044	4.85123	2.21713		
03:11:21	2000	2900	2965	3038	9989	0.97081	4.85115	2.21802		
03:11:31	2000	2900	2970	3038	9989	0.97081	4.85115	2.21802		
03:11:41	2000	2900	2976	3034	9989	0.97077	4.85116	2.21794		
03:11:51	2000	2900	2994	2985	9989	0.97030	4.85086	2.21661		
03:12:01	2000	3000	3013	2985	9989	0.97030	4.85086	2.21661		
03:12:11	2000	3000	3007	2962	9989	0.97007	4.85113	2.21616		
03:12:21	2000	2900	2992	2948	9989	0.96993	4.85118	2.21584		
03:12:31	2000	2900	2998	3078	9989	0.97118	4.85116	2.21897		
03:12:41	2000	3000	3014	3126	9989	0.97162	4.85125	2.22010		
03:12:51	2000	3000	3027	3067	9989	0.97108	4.85097	2.21862		
03:13:01	2000	3000	3041	3067	9989	0.97108	4.85097	2.21862		
03:13:11	2000	3000	3050	3016	9989	0.97060	4.85098	2.21741		
03:13:21	2000	3000	3068	3058	9989	0.97100	4.85057	2.21824		
03:13:31	2000	3000	3060	3031	9989	0.97074	4.85110	2.21783		
03:13:41	2000	3000	3040	3001	9989	0.97045	4.85123	2.21716		
03:13:51	2000	3000	3025	2979	9989	0.97024	4.85116	2.21659		
03:14:01	2000	3000	3010	2979	9989	0.97024	4.85116	2.21659		
03:14:11	2000	3000	3007	2995	9989	0.97039	4.85085	2.21684		
03:14:21	2000	2900	2994	2984	9989	0.97029	4.85101	2.21665		
03:14:31	2000	2900	2987	2984	9989	0.97029	4.85101	2.21665		
03:14:41	2000	2900	2987	3003	9989	0.97047	4.85041	2.21684		
03:14:51	2000	2900	2989	2994	9989	0.97038	4.84983	2.21635		
03:15:01	2000	2900	2991	2991	9989	0.97036	4.84953	2.21615		
03:15:11	2000	2900	2991	2991	9989	0.97036	4.84953	2.21615		
03:15:31	2000	2900	2992	2992	9989	0.97037	4.84925	2.21605		
03:15:41	2000	2900	2993	2992	9989	0.97037	4.84925	2.21605		
03:15:51	2000	3000	3001	3046	9989	0.97088	4.84909	2.21727		
03:16:01	2000	3000	3005	3021	9989	0.97065	4.84920	2.21672		
03:16:11	2000	3000	3002	2970	9989	0.97016	4.84911	2.21545		
03:16:21	2000	2900	2998	2970	9989	0.97016	4.84911	2.21545		
03:16:31	2000	2900	2997	2986	9989	0.97031	4.84885	2.21571		
03:16:41	2000	2900	2996	2986	9989	0.97031	4.84885	2.21571		
03:17:01	2000	2900	2982	2961	9989	0.97007	4.84879	2.21508		
03:17:11	2000	2900	2974	2973	9989	0.97018	4.84913	2.21553		
03:17:21	2000	2900	2972	2960	9989	0.97005	4.84902	2.21514		
03:17:31	2000	2900	2971	2960	9989	0.97005	4.84902	2.21514		
03:17:51	2000	2900	2967	2965	9989	0.97011	4.84945	2.21548		
03:18:01	2000	2900	2961	2949	9989	0.96994	4.84882	2.21478		
03:18:11	2000	2900	2959	2949	9989	0.96994	4.84882	2.21478		
03:18:51	2000	2900	2958	2969	9989	0.97015	4.84956	2.21563		
03:19:01	2000	2900	2963	2988	9989	0.97033	4.84993	2.21626		
03:19:11	2000	2900	2975	3035	9989	0.97078	4.84973	2.21731		
03:19:21	2000	2900	2987	3035	9989	0.97078	4.84973	2.21731		
03:19:31	2000	2900	2994	2991	9989	0.97036	4.84914	2.21597		
03:19:41	2000	3000	3001	2991	9989	0.97036	4.84914	2.21597		
03:19:51	2000	3000	3006	3001	9989	0.97046	4.84961	2.21644		
03:20:01	2000	3000	3004	2972	9989	0.97017	4.84995	2.21588		
03:20:11	2000	3000	3008	3063	9989	0.97105	4.85009	2.21814		
03:20:21	2000	3000	3013	3063	9989	0.97105	4.85009	2.21814		
03:20:41	2000	3000	3048	3202	9989	0.97228	4.84974	2.22108		
03:20:51	2000	3000	3079	3178	9989	0.97208	4.84981	2.22059		
03:21:01	2000	3000	3109	3178	9989	0.97208	4.84981	2.22059		
03:21:11	2000	3000	3150	3220	9989	0.97244	4.85017	2.22166		
03:21:21	2000	3000	3178	3230	9989	0.97252	4.85070	2.22211		
03:21:31	2000	3000	3197	3174	9989	0.97205	4.85080	2.22097		
03:21:41	2000	3000	3180	3105	9989	0.97143	4.85113	2.21958		
03:21:51	2000	3000	3168	3105	9989	0.97143	4.85113	2.21958		
03:22:01	2000	3000	3164	3154	9989	0.97187	4.85124	2.22073		
03:22:11	2000	3000	3156	3172	9989	0.97202	4.85160	2.22128		
03:22:21	2000	3000	3152	3204	9989	0.97230	4.85176	2.22204		
03:22:31	2000	3000	3157	3204	9989	0.97230	4.85176	2.22204		
03:22:41	2000	3000	3184	3267	9989	0.97282	4.85193	2.22344		
03:22:51	2000	3000	3212	3272	9989	0.97287	4.85200	2.22359		
03:23:01	2000	3000	3222	3214	9989	0.97239	4.85228	2.22250		
03:23:11	2000	3000	3251	3350	9989	0.97349	4.85243	2.22534		
03:23:21	2000	3000	3276	3350	9989	0.97349	4.85243	2.22534		
03:23:31	2000	3000	3296	3324	9989	0.97329	4.85390	2.22551		
03:23:41	2000	3000	3311	3358	9989	0.97355	4.85266	2.22560		
03:23:51	2000	3000	3325	3358	9989	0.97355	4.85266	2.22560		
03:24:01	2000	3000	3333	3296	9989	0.97307	4.85290	2.22449		
03:24:11	2000	3000	3330	3296	9989	0.97307	4.85290	2.22449		
03:24:31	2000	3000	3333	3516	9989	0.97472	4.85345	2.22891		
03:24:41	2000	3000	3333	3390	9989	0.97380	4.85357	2.22665		
03:24:51	2000	3000	3333	3390	9989	0.97380	4.85357	2.22665		
03:25:11	2000	3000	3333	3439	9989	0.97417	4.85342	2.22751		
03:25:21	2000	3000	3333	3439	9989	0.97417	4.85375	2.22765		
03:25:31	2000	3000	3333	3439	9989	0.97417	4.85375	2.22765		
03:26:01	2000	3000	3333	3480	9989	0.97447	4.85355	2.22832		
03:26:11	2000	3000	3333	3576	9989	0.97514	4.85344	2.22996		
03:26:21	2000	3000	3333	3576	9989	0.97514	4.85344	2.22996		
03:26:41	2000	3000	3333	3401	9989	0.97389	4.85349	2.22682		
03:26:51	2000	3000	3333	3377	9989	0.97370	4.85374	2.22648		
03:27:01	2000	3000	3333	3356	9989	0.97354	4.85495	2.22661		
03:27:11	2000	3000	3333	3356	9989	0.97354	4.85495	2.22661		
03:27:31	2000	3000	3333	3341	9989	0.97343	4.85431	2.22604		
03:27:41	2000	3000	3333	3357	9989	0.97354	4.85455	2.22645		
03:27:51	2000	3000	3333	3463	9989	0.97435	4.85413	2.22827		
03:28:01	2000	3000	3333	3502	9989	0.97462	4.85406	2.22894		
03:28:11	2000	3000	3333	3502	9989	0.97462	4.85406	2.22894		
03:28:21	2000	3000	3333	3328	9989	0.97332	4.85410	2.22568		
03:28:31	2000	3000	3333	3328	9989	0.97332	4.85410	2.22568		
03:28:41	2000	3000	3333	3501	9989	0.97462	4.85410	2.22894		
03:28:51	2000	3000	3333	3382	9989	0.97374	4.85381	2.22661		
03:29:01	2000	3000	3333	3382	9989	0.97374	4.85381	2.22661		
03:29:11	2000	3000	3333	3485	9989	0.97451	4.85444	2.22882		
03:29:21	2000	3000	3333	3485	9989	0.97451	4.85444	2.22882		
03:30:11	2000	3000	3333	3402	9989	0.97389	4.85452	2.22731		
03:30:21	2000	3000	3333	3378	9989	0.97371	4.85404	2.22662		
03:30:31	2000	3000	3333	3377	9989	0.97370	4.85443	2.22678		
03:30:41	2000	3000	3333	3377	9989	0.97370	4.85443	2.22678		
03:31:51	2000	3000	3333	3299	9989	0.97308	4.85384	2.22497		
03:32:01	2000	3000	3333	3352	9989	0.97351	4.85444	2.22631		
03:32:11	2000	3000	3333	3352	9989	0.97351	4.85444	2.22631		
03:32:21	2000	3000	3333	3498	9989	0.97460	4.85436	2.22901		
03:32:31	2000	3000	3333	3498	9989	0.97460	4.85436	2.22901		
03:32:51	2000	3000	3333	3469	9989	0.97439	4.85442	2.22852		
03:33:01	2000	3000	3333	3469	9989	0.97439	4.85442	2.22852		
03:33:21	2000	3000	3333	3376	9989	0.97369	4.85410	2.22661		
03:33:31	2000	3000	3333	3377	9989	0.97370	4.85459	2.22687		
03:33:41	2000	3000	3333	3377	9989	0.97370	4.85459	2.22687		
03:35:51	2000	3000	3333	3404	9989	0.97391	4.85440	2.22730		
03:36:01	2000	3000	3333	3389	9989	0.97379	4.85470	2.22714		
03:36:11	2000	3000	3333	3389	9989	0.97379	4.85470	2.22714		
03:36:31	2000	3000	3333	3390	9989	0.97380	4.85406	2.22687		
03:36:41	2000	3000	3333	3442	9989	0.97419	4.85369	2.22768		
03:36:51	2000	3000	3333	3442	9989	0.97419	4.85369	2.22768		
03:37:11	2000	3000	3333	3429	9989	0.97409	4.85369	2.22743		
03:37:21	2000	3000	3333	3429	9989	0.97409	4.85369	2.22743		
03:37:41	2000	3000	3333	3377	9989	0.97370	4.85419	2.22667		
03:37:51	2000	3000	3333	3377	9989	0.97370	4.85419	2.22667		
03:38:01	2000	3000	3333	3374	9989	0.97368	4.85388	2.22648		
03:38:11	2000	3000	3333	3368	9989	0.97363	4.85363	2.22624		
03:38:21	2000	3000	3333	3368	9989	0.97363	4.85363	2.22624		
03:38:51	2000	3000	3333	3411	9989	0.97396	4.85344	2.22698		
03:39:01	2000	3000	3333	3333	9989	0.97336	4.85342	2.22546		
03:39:11	2000	3000	3333	3358	9989	0.97355	4.85349	2.22599		
03:39:21	2000	3000	3333	3358	9989	0.97355	4.85349	2.22599		
03:39:41	2000	3000	3333	3313	9989	0.97320	4.85302	2.22489		
03:39:51	2000	3000	3333	3313	9989	0.97320	4.85302	2.22489		
04:37:01	2000	3000	3320	3249	9661	0.97268	4.85149	2.22287		
04:37:11	2000	3000	3297	3194	9678	0.97221	4.85115	2.22155		
04:37:21	2000	3000	3270	3194	9678	0.97221	4.85115	2.22155		
04:37:31	2000	3000	3245	3207	9650	0.97233	4.85156	2.22203		
04:37:41	2000	3000	3227	3207	9650	0.97233	4.85156	2.22203		
04:38:11	2000	3000	3239	3387	9219	0.97378	4.85086	2.22535		
04:38:21	2000	3000	3234	3215	9109	0.97240	4.85157	2.22220		
04:38:31	2000	3000	3237	3215	9109	0.97240	4.85157	2.22220		
04:38:51	2000	3000	3236	3187	9053	0.97216	4.85043	2.22108		
04:39:01	2000	3000	3220	3113	9296	0.97151	4.85064	2.21954		
04:39:11	2000	3000	3203	3102	9445	0.97141	4.85102	2.21946		
04:39:21	2000	3000	3185	3280	9510	0.97293	4.85058	2.22309		
04:39:31	2000	3000	3173	3144	9608	0.97178	4.85040	2.22012		
04:39:41	2000	3000	3161	3144	9608	0.97178	4.85040	2.22012		
04:40:01	2000	3000	3196	3397	9989	0.97385	4.85040	2.22532		
04:40:11	2000	3000	3244	3397	9989	0.97385	4.85040	2.22532		
04:40:31	2000	3000	3272	3272	9989	0.97287	4.84918	2.22230		
04:40:41	2000	3000	3271	3272	9989	0.97287	4.84918	2.22230		
04:41:11	2000	3000	3288	3250	9419	0.97269	4.84838	2.22147		
04:41:21	2000	3000	3287	3136	9097	0.97171	4.84863	2.21912		
04:41:31	2000	3000	3249	3172	9282	0.97203	4.84912	2.22015		
04:41:41	2000	3000	3212	3172	9282	0.97203	4.84912	2.22015		
04:41:51	2000	3000	3189	3137	9428	0.97172	4.84865	2.21917		
04:42:01	2000	3000	3164	3122	9483	0.97159	4.84793	2.21850		
04:42:11	2000	3000	3143	3122	9483	0.97159	4.84793	2.21850		
04:42:51	2000	3000	3158	3227	9641	0.97250	4.84836	2.22098		
04:43:01	2000	3000	3161	3191	9549	0.97219	4.84895	2.22049		
04:43:11	2000	3000	3164	3186	9186	0.97215	4.84869	2.22026		
04:43:21	2000	3000	3179	3228	8660	0.97250	4.84864	2.22112		
04:43:31	2000	3000	3197	3228	8660	0.97250	4.84864	2.22112		
04:44:01	2000	3000	3210	3203	7950	0.97229	4.84862	2.22058		
04:44:11	2000	3000	3215	3258	7961	0.97275	4.84944	2.22212		
04:44:21	2000	3000	3219	3212	8083	0.97237	4.84921	2.22105		
04:44:31	2000	3000	3224	3218	8601	0.97242	4.84875	2.22096		
04:44:41	2000	3000	3222	3218	8601	0.97242	4.84875	2.22096		
04:44:51	2000	3000	3224	3235	9210	0.97256	4.84925	2.22155		
04:45:01	2000	3000	3230	3241	9318	0.97262	4.84971	2.22190		
04:45:11	2000	3000	3227	3241	9318	0.97262	4.84971	2.22190		
04:45:21	2000	3000	3243	3306	9511	0.97314	4.84973	2.22323		
04:45:31	2000	3000	3279	3435	9597	0.97414	4.84949	2.22563		
04:45:41	2000	3000	3315	3435	9597	0.97414	4.84949	2.22563		
04:46:11	2000	3000	3333	3379	9153	0.97372	4.85045	2.22500		
04:46:21	2000	3000	3333	3988	8831	0.97769	4.84932	2.23445		
04:46:31	2000	3000	3333	3988	8831	0.97769	4.84932	2.23445		
04:46:51	2000	3000	3333	3339	8318	0.97340	4.85135	2.22463		
04:47:01	2000	3000	3333	3319	8270	0.97325	4.85114	2.22414		
04:47:11	2000	3000	3333	3319	8270	0.97325	4.85114	2.22414		
04:47:21	2000	3000	3333	3436	8225	0.97414	4.85064	2.22616		
04:47:31	2000	3000	3333	3458	8273	0.97431	4.85213	2.22727		
04:47:41	2000	3000	3333	3401	8680	0.97388	4.85123	2.22578		
04:47:51	2000	3000	3333	3401	8680	0.97388	4.85123	2.22578		
04:48:01	2000	3000	3333	3399	9195	0.97387	4.85268	2.22640		
04:48:11	2000	3000	3333	3399	9195	0.97387	4.85268	2.22640		
04:48:41	2000	3000	3333	3460	9219	0.97432	4.85261	2.22751		
04:48:51	2000	3000	3333	3491	9229	0.97455	4.85265	2.22810		
04:49:01	2000	3000	3333	3491	9229	0.97455	4.85265	2.22810		
04:51:01	2000	3000	3333	3540	9331	0.97490	4.85489	2.23001		
04:51:11	2000	3000	3333	3539	9318	0.97489	4.87278	2.23820		
04:51:21	2000	3000	3333	3539	9318	0.97489	4.87278	2.23820		
04:52:01	2000	3000	3333	3635	9259	0.97554	4.85612	2.23219		
04:52:11	2000	3000	3333	3649	9254	0.97563	4.85350	2.23122		
04:52:21	2000	3000	3333	3649	9254	0.97563	4.85350	2.23122		
04:52:31	2000	3000	3333	3637	9303	0.97556	4.85371	2.23112		
04:52:41	2000	3000	3333	3637	9303	0.97556	4.85371	2.23112		
04:53:21	2000	3000	3333	3652	9563	0.97566	4.85507	2.23200		
04:53:31	2000	3000	3333	3626	9651	0.97549	4.85577	2.23189		
04:53:41	2000	3000	3333	3626	9651	0.97549	4.85577	2.23189		
04:54:21	2000	3000	3333	3695	9396	0.97594	4.85516	2.23275		
04:54:31	2000	3000	3333	3649	9309	0.97564	4.85413	2.23152		
04:54:41	2000	3000	3333	3649	9309	0.97564	4.85413	2.23152		
04:55:11	2000	3000	3333	3579	9760	0.97517	4.85365	2.23011		
04:55:21	2000	3000	3333	3579	9760	0.97517	4.85365	2.23011		
04:55:31	2000	3000	3333	3612	9600	0.97539	4.85463	2.23113		
04:55:41	2000	3000	3333	3612	9600	0.97539	4.85463	2.23113		
04:55:51	2000	3000	3333	3732	9443	0.97617	4.85337	2.23251		
04:56:01	2000	3000	3333	3585	9405	0.97521	4.85377	2.23028		
04:56:11	2000	3000	3333	3585	9405	0.97521	4.85377	2.23028		
04:56:31	2000	3000	3333	3597	9297	0.97529	4.85375	2.23047		
04:56:41	2000	3000	3333	3597	9297	0.97529	4.85375	2.23047		
04:56:51	2000	3000	3333	3694	9245	0.97593	4.85349	2.23196		
04:57:01	2000	3000	3333	3694	9245	0.97593	4.85349	2.23196		
04:57:31	2000	3000	3333	3552	9212	0.97498	4.85325	2.22946		
04:57:41	2000	3000	3333	3552	9212	0.97498	4.85325	2.22946		
04:58:01	2000	3000	3333	3621	9147	0.97545	4.85301	2.23053		
04:58:11	2000	3000	3333	3621	9147	0.97545	4.85301	2.23053		
04:58:51	2000	3000	3333	3416	9129	0.97400	4.85356	2.22714		
04:59:01	2000	3000	3333	3454	9213	0.97428	4.85399	2.22804		
04:59:11	2000	3000	3333	3454	9213	0.97428	4.85399	2.22804		
05:00:01	2000	3000	3333	3594	9196	0.97527	4.85498	2.23098		
05:00:11	2000	3000	3333	3594	9196	0.97527	4.85498	2.23098		
05:00:41	2000	3000	3333	3538	8899	0.97488	4.86125	2.23289		
05:00:51	2000	3000	3333	3538	8899	0.97488	4.86125	2.23289		
05:01:01	2000	3000	3333	3539	8768	0.97489	4.85994	2.23230		
05:01:11	2000	3000	3333	3633	8732	0.97553	4.86030	2.23409		
05:01:21	2000	3000	3333	3633	8732	0.97553	4.86030	2.23409		
05:01:31	2000	3000	3333	3521	8694	0.97476	4.85846	2.23131		
05:01:41	2000	3000	3333	3659	8682	0.97570	4.85913	2.23398		
05:01:51	2000	3000	3333	3659	8682	0.97570	4.85913	2.23398		
05:03:11	2000	3000	3333	3455	9384	0.97429	4.85805	2.22993		
05:03:21	2000	3000	3333	3448	9529	0.97424	4.85750	2.22954		
05:03:31	2000	3000	3333	3448	9529	0.97424	4.85750	2.22954		
05:03:41	2000	3000	3333	3367	9687	0.97362	4.85856	2.22848		
05:03:51	2000	3000	3333	3367	9687	0.97362	4.85856	2.22848		
05:04:01	2000	3000	3333	3441	9612	0.97419	4.85818	2.22973		
05:04:11	2000	3000	3333	3441	9612	0.97419	4.85818	2.22973		
05:04:31	2000	3000	3333	3474	9678	0.97443	4.85621	2.22943		
05:04:41	2000	3000	3333	3474	9678	0.97443	4.85621	2.22943		
05:05:31	2000	3000	3333	3449	9477	0.97424	4.85561	2.22869		
05:05:41	2000	3000	3333	3449	9477	0.97424	4.85561	2.22869		
05:05:51	2000	3000	3333	3441	9285	0.97418	4.85532	2.22841		
05:06:01	2000	3000	3333	3441	9285	0.97418	4.85532	2.22841		
05:28:51	2000	3000	3333	3159	7920	0.97191	4.85429	2.22222		
05:29:01	2000	3000	3333	3159	7920	0.97191	4.85429	2.22222		
05:29:21	2000	3000	3306	3188	7373	0.97216	4.85488	2.22313		
05:29:31	2000	3000	3258	3162	7138	0.97193	4.85537	2.22278		
05:29:41	2000	3000	3210	3152	6916	0.97185	4.85487	2.22234		
05:29:51	2000	3000	3162	3152	6916	0.97185	4.85487	2.22234		
05:30:41	2000	3000	3126	2948	6381	0.96993	4.85535	2.21774		
05:30:51	2000	3000	3108	3051	6658	0.97093	4.85427	2.21975		
05:31:01	2000	3000	3088	3063	6990	0.97104	4.85435	2.22007		
05:31:11	2000	3000	3071	3063	6990	0.97104	4.85435	2.22007		
05:32:31	2000	3000	3052	3037	9032	0.97080	4.85336	2.21900		
05:32:41	2000	3000	3055	3172	8820	0.97203	4.85373	2.22226		
05:32:51	2000	3000	3059	2968	8643	0.97013	4.85359	2.21743		
05:33:01	2000	3000	3066	3095	8496	0.97134	4.85363	2.22050		
05:33:11	2000	3000	3061	3033	8371	0.97076	4.85313	2.21881		
05:33:21	2000	3000	3056	3033	8371	0.97076	4.85313	2.21881		
05:33:31	2000	3000	3058	3051	8263	0.97093	4.85352	2.21942		
05:33:41	2000	3000	3038	3051	8263	0.97093	4.85352	2.21942		
05:34:11	2000	3000	3056	3078	7884	0.97118	4.85361	2.22008		
05:34:21	2000	3000	3054	3078	7884	0.97118	4.85361	2.22008		
05:34:31	2000	3000	3073	3150	7489	0.97183	4.85394	2.22186		
05:34:41	2000	3000	3083	3093	7623	0.97132	4.85415	2.22069		
05:34:51	2000	3000	3090	3093	7623	0.97132	4.85415	2.22069		
05:35:01	2000	3000	3120	3229	8037	0.97251	4.85439	2.22378		
05:35:11	2000	3000	3126	3116	8260	0.97153	4.85460	2.22142		
05:35:21	2000	3000	3132	3116	8260	0.97153	4.85460	2.22142		
05:36:01	2000	3000	3159	3312	9752	0.97319	4.85595	2.22621		
05:36:11	2000	3000	3196	3312	9752	0.97319	4.85595	2.22621		
05:36:31	2000	3000	3205	3147	9989	0.97181	4.85730	2.22334		
05:36:41	2000	3000	3191	3147	9989	0.97181	4.85730	2.22334		
05:37:01	2000	3000	3217	3272	9940	0.97287	4.85463	2.22478		
05:37:11	2000	3000	3246	3289	9989	0.97301	4.85506	2.22533		
05:37:21	2000	3000	3242	3289	9989	0.97301	4.85506	2.22533		
05:37:41	2000	3000	3244	3322	9989	0.97327	4.85549	2.22620		
05:37:51	2000	3000	3273	3322	9989	0.97327	4.85549	2.22620		
05:38:11	2000	3000	3316	3402	9989	0.97389	4.85585	2.22791		
05:38:21	2000	3000	3333	3402	9989	0.97389	4.85585	2.22791		
05:38:31	2000	3000	3333	3342	9816	0.97343	4.85602	2.22684		
05:38:41	2000	3000	3333	3330	9800	0.97333	4.85644	2.22679		
05:38:51	2000	3000	3333	3527	9712	0.97481	4.85643	2.23049		
05:39:01	2000	3000	3333	3527	9712	0.97481	4.85643	2.23049		
05:39:51	2000	3000	3333	3435	8328	0.97414	4.85797	2.22951		
05:40:01	2000	3000	3333	3435	8328	0.97414	4.85797	2.22951		
05:42:21	2000	3000	3333	3412	8610	0.97397	4.85818	2.22918		
05:42:31	2000	3000	3333	3412	8610	0.97397	4.85818	2.22918		
05:42:41	2000	3000	3333	3668	8797	0.97576	4.85815	2.23368		
05:42:51	2000	3000	3333	3668	8797	0.97576	4.85815	2.23368		
05:43:21	2000	3000	3333	3264	8958	0.97280	4.86384	2.22884		
05:43:31	2000	3000	3333	3264	8958	0.97280	4.86384	2.22884		
05:45:01	2000	3000	3333	3522	9091	0.97477	4.85856	2.23137		
05:45:11	2000	3000	3333	3592	8798	0.97525	4.85881	2.23270		
05:45:21	2000	3000	3333	3592	8798	0.97525	4.85881	2.23270		
05:45:41	2000	3000	3333	3441	8438	0.97419	4.85859	2.22992		
05:45:51	2000	3000	3333	3441	8438	0.97419	4.85859	2.22992		
05:46:41	2000	3000	3333	3344	8469	0.97344	4.85801	2.22778		
05:46:51	2000	3000	3333	3344	8469	0.97344	4.85801	2.22778		
05:47:01	2000	3000	3333	3370	8095	0.97365	4.85870	2.22862		
05:47:11	2000	3000	3333	3376	7967	0.97369	4.85871	2.22873		
05:47:21	2000	3000	3333	3376	7967	0.97369	4.85871	2.22873		
05:49:51	2000	3000	3333	3507	7972	0.97467	4.85743	2.23059		
05:50:01	2000	3000	3333	3425	7936	0.97407	4.85696	2.22887		
05:50:11	2000	3000	3333	3425	7936	0.97407	4.85696	2.22887		
05:50:51	2000	3000	3333	3422	8127	0.97404	4.85563	2.22820		
05:51:01	2000	3000	3333	3422	8127	0.97404	4.85563	2.22820		
05:51:11	2000	3000	3333	3416	8453	0.97400	4.85561	2.22807		
05:51:21	2000	3000	3333	3416	8453	0.97400	4.85561	2.22807		
05:52:31	2000	3000	3333	3577	9650	0.97515	4.85588	2.23110		
05:52:41	2000	3000	3333	3577	9650	0.97515	4.85588	2.23110		
05:53:31	2000	3000	3333	3420	9989	0.97403	4.85594	2.22831		
05:53:41	2000	3000	3333	3420	9989	0.97403	4.85594	2.22831		
05:53:51	2000	3000	3333	3492	9989	0.97455	4.85637	2.22982		
05:54:01	2000	3000	3333	3492	9989	0.97455	4.85637	2.22982		
05:54:11	2000	3000	3333	3484	9989	0.97450	4.85662	2.22979		
05:54:21	2000	3000	3333	3484	9989	0.97450	4.85662	2.22979		
05:54:31	2000	3000	3333	3292	9989	0.97303	4.85625	2.22593		
05:54:41	2000	3000	3333	3362	9989	0.97359	4.85604	2.22724		
05:54:51	2000	3000	3333	3362	9989	0.97359	4.85604	2.22724		
05:55:11	2000	3000	3333	3465	9908	0.97436	4.85617	2.22925		
05:55:21	2000	3000	3333	3465	9908	0.97436	4.85617	2.22925		
05:55:51	2000	3000	3333	3485	9732	0.97451	4.85653	2.22978		
05:56:01	2000	3000	3333	3485	9732	0.97451	4.85653	2.22978		
05:56:21	2000	3000	3333	3552	9766	0.97498	4.85634	2.23088		
05:56:31	2000	3000	3333	3552	9766	0.97498	4.85634	2.23088		
05:57:41	2000	3000	3333	3707	8947	0.97601	4.85441	2.23259		
05:57:51	2000	3000	3333	3707	8947	0.97601	4.85441	2.23259		
05:58:41	2000	3000	3333	3395	8063	0.97384	4.85403	2.22695		
05:58:51	2000	3000	3333	3395	8063	0.97384	4.85403	2.22695		
05:59:31	2000	3000	3333	3490	7780	0.97454	4.85321	2.22834		
05:59:41	2000	3000	3333	3490	7780	0.97454	4.85321	2.22834		
06:00:11	2000	3000	3333	3451	7548	0.97426	4.85277	2.22743		
06:00:21	2000	3000	3333	3451	7548	0.97426	4.85277	2.22743		
06:01:41	2000	3000	3333	3520	9122	0.97476	4.85309	2.22883		
06:01:51	2000	3000	3333	3520	9122	0.97476	4.85309	2.22883		
06:02:21	2000	3000	3333	3439	9194	0.97417	4.85266	2.22715		
06:02:31	2000	3000	3333	3370	8907	0.97365	4.85250	2.22577		
06:02:41	2000	3000	3333	3492	8554	0.97455	4.85227	2.22794		
06:02:51	2000	3000	3333	3437	8359	0.97415	4.85246	2.22702		
06:03:01	2000	3000	3333	3360	8190	0.97357	4.85234	2.22551		
06:03:11	2000	3000	3333	3360	8190	0.97357	4.85234	2.22551		
06:03:31	2000	3000	3333	3310	7830	0.97317	4.85252	2.22459		
06:03:41	2000	3000	3333	3310	7830	0.97317	4.85252	2.22459		
06:04:21	2000	3000	3333	3329	7889	0.97333	4.85276	2.22508		
06:04:31	2000	3000	3333	3405	8078	0.97391	4.85302	2.22667		
06:04:41	2000	3000	3333	3520	8388	0.97476	4.85282	2.22870		
06:04:51	2000	3000	3333	3520	8388	0.97476	4.85282	2.22870		
06:05:21	2000	3000	3333	3449	8969	0.97424	4.85259	2.22731		
06:05:31	2000	3000	3333	3449	8969	0.97424	4.85259	2.22731		
06:05:41	2000	3000	3333	3375	8945	0.97369	4.85270	2.22596		
06:05:51	2000	3000	3333	3375	8945	0.97369	4.85270	2.22596		
06:06:11	2000	3000	3333	3375	9064	0.97368	4.85272	2.22596		
06:06:21	2000	3000	3333	3441	9223	0.97418	4.85255	2.22713		
06:06:31	2000	3000	3333	3441	9223	0.97418	4.85255	2.22713		
06:07:01	2000	3000	3333	3249	9742	0.97268	4.85238	2.22328		
06:07:11	2000	3000	3333	3249	9742	0.97268	4.85238	2.22328		
06:07:21	2000	3000	3333	3502	9936	0.97463	4.85242	2.22820		
06:07:31	2000	3000	3333	3502	9936	0.97463	4.85242	2.22820		
06:08:11	2000	3000	3333	3570	9989	0.97511	4.85250	2.22943		
06:08:21	2000	3000	3333	3581	9989	0.97518	4.85309	2.22989		
06:08:31	2000	3000	3333	3581	9989	0.97518	4.85309	2.22989		
06:08:41	2000	3000	3333	3277	9784	0.97291	4.85278	2.22405		
06:08:51	2000	3000	3333	3388	9689	0.97378	4.85267	2.22619		
06:09:01	2000	3000	3333	3389	9692	0.97380	4.85280	2.22628		
06:09:11	2000	3000	3333	3389	9692	0.97380	4.85280	2.22628		
06:09:41	2000	3000	3333	3334	8683	0.97337	4.85296	2.22528		
06:09:51	2000	3000	3333	3334	8683	0.97337	4.85296	2.22528		
06:10:31	2000	3000	3333	3395	7640	0.97384	4.85383	2.22686		
06:10:41	2000	3000	3333	3395	7640	0.97384	4.85383	2.22686		
06:13:11	2000	3000	3333	3387	9023	0.97378	4.85227	2.22599		
06:13:21	2000	3000	3333	3354	9221	0.97352	4.85218	2.22530		
06:13:31	2000	3000	3333	3354	9221	0.97352	4.85218	2.22530		
06:14:11	2000	3000	3333	3450	9238	0.97425	4.85226	2.22717		
06:14:21	2000	3000	3333	3695	9085	0.97593	4.85186	2.23122		
06:14:31	2000	3000	3333	3370	8919	0.97364	4.85171	2.22540		
06:14:41	2000	3000	3333	3367	8775	0.97362	4.85184	2.22540		
06:14:51	2000	3000	3333	3367	8775	0.97362	4.85184	2.22540		
06:15:41	2000	3000	3333	3399	8719	0.97387	4.85184	2.22602		
06:15:51	2000	3000	3333	3399	8719	0.97387	4.85184	2.22602		
06:17:01	2000	3000	3333	3359	7461	0.97356	4.85165	2.22517		
06:17:11	2000	3000	3333	3359	7461	0.97356	4.85165	2.22517		
06:17:41	2000	3000	3333	3431	7416	0.97411	4.85074	2.22612		
06:17:51	2000	3000	3333	3410	7153	0.97395	4.85034	2.22554		
06:18:01	2000	3000	3333	3410	7153	0.97395	4.85034	2.22554		
06:18:11	2000	3000	3333	3346	6846	0.97346	4.85128	2.22474		
06:18:21	2000	3000	3333	3346	6846	0.97346	4.85128	2.22474		
06:18:31	2000	3000	3333	3516	6469	0.97473	4.85113	2.22785		
06:18:41	2000	3000	3333	3516	6469	0.97473	4.85113	2.22785		
06:19:01	2000	3000	3333	3459	5913	0.97432	4.85092	2.22673		
06:19:11	2000	3000	3333	3459	5913	0.97432	4.85092	2.22673		
06:19:41	2000	3000	3333	3429	5615	0.97409	4.85121	2.22630		
06:19:51	2000	3000	3333	3429	5615	0.97409	4.85121	2.22630		
06:20:41	2000	3000	3333	3464	5661	0.97435	4.85084	2.22677		
06:20:51	2000	3000	3333	3464	5661	0.97435	4.85084	2.22677		
06:21:11	2000	3000	3333	3421	5810	0.97404	4.85099	2.22605		
06:21:21	2000	3000	3333	3409	5853	0.97395	4.85096	2.22581		
06:21:31	2000	3000	3333	3409	5853	0.97395	4.85096	2.22581		
06:21:41	2000	3000	3333	3494	6039	0.97457	4.85100	2.22740		
06:21:51	2000	3000	3333	3494	6039	0.97457	4.85100	2.22740		
06:22:11	2000	3000	3333	3395	6488	0.97384	4.85106	2.22558		
06:22:21	2000	3000	3333	3395	6488	0.97384	4.85106	2.22558		
06:22:51	2000	3000	3333	3866	6764	0.97699	4.85123	2.23358		
06:23:01	2000	3000	3333	3507	6791	0.97466	4.85075	2.22751		
06:23:11	2000	3000	3333	3507	6791	0.97466	4.85075	2.22751		
06:23:21	2000	3000	3333	3470	6837	0.97440	4.85214	2.22749		
06:23:31	2000	3000	3333	3348	6864	0.97348	4.85124	2.22477		
06:23:41	2000	3000	3333	3348	6864	0.97348	4.85124	2.22477		
06:24:21	2000	3000	3333	3578	6849	0.97516	4.85150	2.22911		
06:24:31	2000	3000	3333	3578	6849	0.97516	4.85150	2.22911		
06:24:41	2000	3000	3333	3196	6419	0.97223	4.85197	2.22197		
06:24:51	2000	3000	3333	3196	6419	0.97223	4.85197	2.22197		
06:25:01	2000	3000	3333	3264	6277	0.97281	4.85124	2.22308		
06:25:11	2000	3000	3333	3305	6206	0.97314	4.85216	2.22433		
06:25:21	2000	3000	3307	3305	6206	0.97314	4.85216	2.22433		
06:25:41	2000	3000	3255	3267	5983	0.97283	4.85135	2.22319		
06:25:51	2000	3000	3267	3267	5983	0.97283	4.85135	2.22319		
06:26:01	2000	3000	3287	3314	5892	0.97321	4.85156	2.22423		
06:26:11	2000	3000	3290	3287	5856	0.97299	4.85234	2.22405		
06:26:21	2000	3000	3294	3327	5779	0.97331	4.85251	2.22492		
06:26:31	2000	3000	3323	3479	5755	0.97446	4.85243	2.22778		
06:26:41	2000	3000	3333	3396	5793	0.97385	4.85332	2.22665		
06:26:51	2000	3000	3333	3396	5793	0.97385	4.85332	2.22665		
06:27:01	2000	3000	3333	3271	5878	0.97286	4.85336	2.22418		
06:27:11	2000	3000	3333	3311	5892	0.97318	4.85291	2.22479		
06:27:21	2000	3000	3333	3311	5892	0.97318	4.85291	2.22479		
06:27:31	2000	3000	3333	3332	5970	0.97335	4.85312	2.22531		
06:27:41	2000	3000	3318	3290	6059	0.97302	4.85381	2.22479		
06:27:51	2000	3000	3300	3290	6059	0.97302	4.85381	2.22479		
06:28:01	2000	3000	3297	3249	6253	0.97268	4.85497	2.22446		
06:28:11	2000	3000	3296	3305	6353	0.97313	4.85383	2.22509		
06:28:21	2000	3000	3295	3305	6353	0.97313	4.85383	2.22509		
06:28:41	2000	3000	3284	3270	6413	0.97286	4.85645	2.22559		
06:28:51	2000	3000	3280	3262	6338	0.97279	4.85539	2.22493		
06:29:01	2000	3000	3277	3276	6296	0.97290	4.85577	2.22540		
06:29:11	2000	3000	3279	3260	6310	0.97277	4.85568	2.22503		
06:29:21	2000	3000	3272	3262	6431	0.97279	4.85561	2.22504		
06:29:31	2000	3000	3265	3262	6431	0.97279	4.85561	2.22504		
06:29:51	2000	3000	3263	3257	6770	0.97275	4.85470	2.22451		
06:30:01	2000	3000	3262	3257	6770	0.97275	4.85470	2.22451		
06:31:01	2000	3000	3254	3226	6381	0.97248	4.85489	2.22394		
06:31:11	2000	3000	3243	3199	6291	0.97226	4.85455	2.22321		
06:31:21	2000	3000	3234	3208	6291	0.97233	4.85516	2.22368		
06:31:31	2000	3000	3225	3208	6291	0.97233	4.85516	2.22368		
06:31:51	2000	3000	3221	3229	6660	0.97251	4.85537	2.22423		
06:32:01	2000	3000	3216	3229	6660	0.97251	4.85537	2.22423		


			DELHI AIRPORT : 30 m Base line


Time	RVR	 MOR	RVR	MOR	BLM	Trf	 Ref(v)	PD(v)
	(limited)	(limited)	(actual)	(actual)

07:46:08	2000	3000	550	3301	3819	0.97311	4.84737	2.22206		
07:46:18	2000	3000	1100	3301	3819	0.97311	4.84737	2.22206		
07:46:28	2000	3000	1650	3301	3819	0.97311	4.84737	2.22206		
07:47:08	2000	3000	2208	3349	3869	0.97349	4.84724	2.22295		
07:47:18	2000	3000	2766	3349	3869	0.97349	4.84724	2.22295		
07:47:28	2000	3000	3325	3349	3869	0.97349	4.84724	2.22295		
07:49:28	2000	3000	3333	3370	4354	0.97365	4.84661	2.22307		
07:49:38	2000	3000	3333	3428	4355	0.97409	4.84694	2.22432		
07:49:48	2000	3000	3333	3428	4355	0.97409	4.84694	2.22432		
07:49:58	2000	3000	3333	3428	4355	0.97409	4.84694	2.22432		
07:50:18	2000	3000	3333	3221	4238	0.97245	4.84849	2.22092		
07:50:28	2000	3000	3333	3221	4238	0.97245	4.84849	2.22092		
07:50:38	2000	3000	3324	3221	4238	0.97245	4.84849	2.22092		
07:52:08	2000	3000	3307	3323	5553	0.97328	4.84752	2.22257		
07:52:18	2000	3000	3289	3323	5553	0.97328	4.84752	2.22257		
07:52:28	2000	3000	3272	3323	5553	0.97328	4.84752	2.22257		
07:53:28	2000	3000	3270	3211	5186	0.97236	4.84760	2.22029		
07:53:38	2000	3000	3278	3271	4882	0.97286	4.84778	2.22162		
07:53:48	2000	3000	3286	3266	4595	0.97282	4.84690	2.22112		
07:53:58	2000	3000	3276	3266	4365	0.97282	4.84714	2.22124		
07:54:08	2000	3000	3268	3276	4195	0.97290	4.84760	2.22165		
07:54:18	2000	3000	3261	3276	4195	0.97290	4.84760	2.22165		
07:54:28	2000	3000	3254	3172	3988	0.97203	4.84822	2.21974		
07:54:38	2000	3000	3255	3277	3920	0.97291	4.84724	2.22151		
07:54:48	2000	3000	3237	3160	3828	0.97192	4.84736	2.21908		
07:54:58	2000	3000	3217	3143	3809	0.97177	4.84746	2.21874		
07:55:08	2000	3000	3220	3293	3701	0.97304	4.84812	2.22223		
07:55:18	2000	3000	3223	3293	3701	0.97304	4.84812	2.22223		
07:55:28	2000	3000	3244	3302	3635	0.97311	4.84831	2.22251		
07:55:38	2000	3000	3261	3377	3618	0.97370	4.84778	2.22374		
07:55:48	2000	3000	3294	3360	3581	0.97357	4.84761	2.22334		
07:55:58	2000	3000	3329	3352	3646	0.97351	4.84767	2.22321		
07:56:08	2000	3000	3333	3352	3646	0.97351	4.84767	2.22321		
07:56:18	2000	3000	3333	3315	3746	0.97321	4.84744	2.22236		
07:56:28	2000	3000	3333	3315	3746	0.97321	4.84744	2.22236		
07:56:38	2000	3000	3320	3228	3769	0.97250	4.84774	2.22071		
07:56:48	2000	3000	3298	3228	3769	0.97250	4.84774	2.22071		
07:56:58	2000	3000	3277	3228	3769	0.97250	4.84774	2.22071		
07:57:48	2000	3000	3263	3269	3805	0.97284	4.84787	2.22163		
07:57:58	2000	3000	3256	3269	3805	0.97284	4.84787	2.22163		
07:58:08	2000	3000	3248	3269	3805	0.97284	4.84787	2.22163		
07:58:28	2000	3000	3246	3214	3907	0.97239	4.84789	2.22049		
07:58:38	2000	3000	3243	3214	3907	0.97239	4.84789	2.22049		
07:58:48	2000	3000	3255	3297	4016	0.97307	4.84765	2.22210		
07:58:58	2000	3000	3260	3297	4016	0.97307	4.84765	2.22210		
07:59:08	2000	3000	3258	3260	4174	0.97277	4.84885	2.22189		
07:59:18	2000	3000	3257	3260	4174	0.97277	4.84885	2.22189		
07:59:28	2000	3000	3252	3186	4224	0.97215	4.84799	2.21993		
07:59:38	2000	3000	3251	3208	4215	0.97233	4.84821	2.22050		
07:59:48	2000	3000	3236	3208	4215	0.97233	4.84821	2.22050		
07:59:58	2000	3000	3221	3208	4215	0.97233	4.84821	2.22050		
08:00:38	2000	3000	3219	3248	4356	0.97267	4.84718	2.22088		
08:00:48	2000	3000	3217	3248	4356	0.97267	4.84718	2.22088		
08:00:58	2000	3000	3228	3248	4356	0.97267	4.84718	2.22088		
08:01:18	2000	3000	3246	3316	4325	0.97322	4.84749	2.22241		
08:01:28	2000	3000	3264	3316	4325	0.97322	4.84749	2.22241		
08:01:38	2000	3000	3282	3316	4325	0.97322	4.84749	2.22241		
08:02:38	2000	3000	3292	3311	4490	0.97318	4.84794	2.22251		
08:02:48	2000	3000	3303	3311	4490	0.97318	4.84794	2.22251		
08:02:58	2000	3000	3313	3311	4490	0.97318	4.84794	2.22251		
08:03:58	2000	3000	3311	3301	4728	0.97310	4.84717	2.22196		
08:04:08	2000	3000	3304	3277	4598	0.97291	4.84712	2.22144		
08:04:18	2000	3000	3298	3277	4598	0.97291	4.84712	2.22144		
08:04:28	2000	3000	3292	3277	4598	0.97291	4.84712	2.22144		
08:04:48	2000	3000	3276	3217	4136	0.97241	4.84686	2.22008		
08:04:58	2000	3000	3263	3231	4022	0.97253	4.84727	2.22056		
08:05:08	2000	3000	3251	3231	4022	0.97253	4.84727	2.22056		
08:05:18	2000	3000	3244	3231	4022	0.97253	4.84727	2.22056		
08:06:08	2000	3000	3266	3409	3764	0.97395	4.84742	2.22419		
08:06:18	2000	3000	3284	3385	3745	0.97376	4.84751	2.22376		
08:06:28	2000	3000	3312	3385	3745	0.97376	4.84751	2.22376		
08:06:38	2000	3000	3333	3385	3745	0.97376	4.84751	2.22376		


			DELHI AIRPORT : 30 m Base line


Time	RVR	 MOR	RVR	MOR	BLM	Trf	 Ref(v)	PD(v)
	(limited)	(limited)	(actual)	(actual)

09:45:30	2000	3000	581	3490	3297	0.97454	4.84601	2.22504		
09:45:40	2000	3000	1180	3593	3338	0.97527	4.84616	2.22692		
09:45:50	2000	3000	1779	3593	3359	0.97526	4.84672	2.22717		
09:46:00	2000	3000	2378	3593	3359	0.97526	4.84672	2.22717		
09:46:20	2000	3000	2967	3535	3295	0.97486	4.84585	2.22577		
09:46:30	2000	3000	3333	3535	3295	0.97486	4.84585	2.22577		
09:47:30	2000	3000	3333	3652	3999	0.97566	4.84592	2.22779		
09:47:40	2000	3000	3333	3652	3999	0.97566	4.84592	2.22779		
09:48:30	2000	3000	3333	3595	5102	0.97528	4.84613	2.22693		
09:48:40	2000	3000	3333	3595	5102	0.97528	4.84613	2.22693		
09:48:50	2000	3000	3333	3576	5385	0.97515	4.84663	2.22684		
09:49:00	2000	3000	3333	3558	5514	0.97502	4.84629	2.22637		
09:49:10	2000	3000	3333	3562	5613	0.97505	4.84694	2.22674		
09:49:20	2000	3000	3333	3562	5613	0.97505	4.84694	2.22674		
09:49:30	2000	3000	3333	3676	5702	0.97582	4.84648	2.22845		
09:49:40	2000	3000	3333	3652	5715	0.97566	4.84688	2.22823		
09:49:50	2000	3000	3333	4215	5713	0.97887	4.84683	2.23628		
09:50:00	2000	3000	3333	4215	5713	0.97887	4.84683	2.23628		


			DELHI AIRPORT : 30 m Base line


Time	RVR	 MOR	RVR	MOR	BLM	Trf	 Ref(v)	PD(v)
	(limited)	(limited)	(actual)	(actual)

10:24:31	2000	3000	653	3921	3880	0.97731	4.84362	2.23087		
10:24:41	2000	3000	1305	3912	3888	0.97726	4.84286	2.23040		
10:24:51	2000	3000	1957	3912	3888	0.97726	4.84286	2.23040		
10:25:11	2000	3000	2654	4184	3937	0.97872	4.84405	2.23461		
10:25:21	2000	3000	3333	4184	3937	0.97872	4.84405	2.23461		
10:25:41	2000	3000	3333	3980	4109	0.97764	4.84348	2.23164		
10:25:51	2000	3000	3333	3980	4109	0.97764	4.84348	2.23164		
10:26:11	2000	3000	3333	4134	4388	0.97846	4.84380	2.23385		
10:26:21	2000	3000	3333	4134	4388	0.97846	4.84380	2.23385		
10:26:31	2000	3000	3333	4024	4573	0.97788	4.84390	2.23244		
10:26:41	2000	3000	3333	4024	4573	0.97788	4.84390	2.23244		


			DELHI AIRPORT : 30 m Base line


Time	RVR	 MOR	RVR	MOR	BLM	Trf	 Ref(v)	PD(v)
	(limited)	(limited)	(actual)	(actual)

10:42:17	2000	3000	706	4239	4627	0.97899	4.84247	2.23457		
10:42:27	2000	3000	1410	4221	4600	0.97891	4.84291	2.23455		
10:42:37	2000	3000	2086	4057	4569	0.97806	4.84307	2.23250		
10:42:47	2000	3000	2771	4110	4531	0.97834	4.84265	2.23301		
10:42:57	2000	3000	3333	4110	4531	0.97834	4.84265	2.23301		
10:43:07	2000	3000	3333	4359	4477	0.97956	4.84273	2.23612		
10:43:17	2000	3000	3333	4041	4455	0.97797	4.84329	2.23239		
10:43:27	2000	3000	3333	4041	4455	0.97797	4.84329	2.23239		
10:43:37	2000	3000	3333	4041	4455	0.97797	4.84329	2.23239		
10:44:27	2000	3000	3333	4028	4375	0.97791	4.84314	2.23215		
10:44:37	2000	3000	3333	4028	4375	0.97791	4.84314	2.23215		
10:44:47	2000	3000	3333	4028	4375	0.97791	4.84314	2.23215		
10:45:17	2000	3000	3333	4197	4330	0.97879	4.84336	2.23446		
10:45:27	2000	3000	3333	4072	4329	0.97814	4.84354	2.23292		
10:45:37	2000	3000	3333	4227	4351	0.97893	4.84334	2.23482		
10:45:47	2000	3000	3333	4200	4380	0.97880	4.84332	2.23447		
10:45:57	2000	3000	3333	4180	4421	0.97870	4.84365	2.23438		
10:46:07	2000	3000	3333	4248	4462	0.97904	4.84390	2.23534		
10:46:17	2000	3000	3333	4408	4517	0.97979	4.84368	2.23712		
10:46:27	2000	3000	3333	4273	4543	0.97916	4.84388	2.23563		
10:46:37	2000	3000	3333	4147	4580	0.97853	4.84377	2.23401		
10:46:47	2000	3000	3333	4147	4580	0.97853	4.84377	2.23401		
10:46:57	2000	3000	3333	4147	4580	0.97853	4.84377	2.23401		


			DELHI AIRPORT : 30 m Base line


Time	RVR	 MOR	RVR	MOR	BLM	Trf	 Ref(v)	PD(v)
	(limited)	(limited)	(actual)	(actual)



			DELHI AIRPORT : 30 m Base line


Time	RVR	 MOR	RVR	MOR	BLM	Trf	 Ref(v)	PD(v)
	(limited)	(limited)	(actual)	(actual)

