

			DELHI AIRPORT : 30 m Base line


Time	RVR	 MOR	RVR	MOR	BLM	Trf	 Ref(v)	PD(v)
	(limited)	(limited)	(actual)	(actual)

05:07:42	2000	3000	704	4228	9924	0.97894	4.84920	2.23754		
05:07:52	2000	3000	1409	4228	9924	0.97894	4.84920	2.23754		
05:08:02	2000	3000	2085	4059	9923	0.97807	4.84872	2.23514		
05:08:12	2000	3000	2762	4059	9923	0.97807	4.84872	2.23514		
05:08:22	2000	3000	3333	4059	9923	0.97807	4.84872	2.23514		


			DELHI AIRPORT : 30 m Base line


Time	RVR	 MOR	RVR	MOR	BLM	Trf	 Ref(v)	PD(v)
	(limited)	(limited)	(actual)	(actual)



			DELHI AIRPORT : 30 m Base line


Time	RVR	 MOR	RVR	MOR	BLM	Trf	 Ref(v)	PD(v)
	(limited)	(limited)	(actual)	(actual)

06:58:59	2000	3000	561	3366	9714	0.97361	4.84277	2.22122		
06:59:09	2000	3000	1126	3392	9689	0.97382	4.84264	2.22167		
06:59:19	2000	3000	1689	3379	9668	0.97372	4.84293	2.22156		
06:59:29	2000	3000	2266	3463	9665	0.97434	4.84305	2.22318		
06:59:39	2000	3000	2837	3422	9608	0.97404	4.84365	2.22270		
06:59:49	2000	3000	3333	3334	9565	0.97336	4.84355	2.22095		
06:59:59	2000	3000	3333	3340	9558	0.97341	4.84399	2.22128		
07:00:09	2000	3000	3333	3295	9544	0.97306	4.84357	2.22019		
07:00:19	2000	3000	3333	3359	9527	0.97356	4.84322	2.22129		
07:00:29	2000	3000	3333	3394	9510	0.97383	4.84294	2.22184		
07:00:39	2000	3000	3333	3394	9510	0.97383	4.84294	2.22184		
07:00:49	2000	3000	3333	3429	9475	0.97410	4.84298	2.22253		
07:00:59	2000	3000	3333	3378	9463	0.97371	4.84311	2.22162		
07:01:09	2000	3000	3333	3399	9477	0.97387	4.84307	2.22200		
07:01:19	2000	3000	3333	3399	9477	0.97387	4.84307	2.22200		
07:01:39	2000	3000	3333	3422	9578	0.97404	4.84428	2.22298		
07:01:49	2000	3000	3333	3370	9627	0.97365	4.84314	2.22147		
07:01:59	2000	3000	3333	3370	9627	0.97365	4.84314	2.22147		
07:02:09	2000	3000	3333	3287	9772	0.97299	4.84344	2.21996		
07:02:19	2000	3000	3333	3293	9778	0.97304	4.84313	2.21995		
07:02:29	2000	3000	3333	3387	9783	0.97378	4.84363	2.22202		
07:02:39	2000	3000	3333	3404	9784	0.97391	4.84302	2.22207		
07:02:49	2000	3000	3333	3404	9784	0.97391	4.84302	2.22207		
07:02:59	2000	3000	3333	3460	9775	0.97432	4.84274	2.22299		
07:03:09	2000	3000	3333	3457	9742	0.97430	4.84264	2.22289		
07:03:19	2000	3000	3333	3457	9742	0.97430	4.84264	2.22289		
07:03:29	2000	3000	3333	3400	9666	0.97387	4.84353	2.22222		
07:03:39	2000	3000	3333	3418	9628	0.97402	4.84369	2.22265		
07:03:49	2000	3000	3333	3331	9582	0.97335	4.84347	2.22087		
07:03:59	2000	3000	3333	3726	9528	0.97614	4.84368	2.22796		
07:04:09	2000	3000	3333	3392	9472	0.97382	4.84419	2.22238		
07:04:19	2000	3000	3333	3348	9421	0.97348	4.84401	2.22145		
07:04:29	2000	3000	3333	3335	9379	0.97338	4.84446	2.22140		
07:04:39	2000	3000	3333	3274	9342	0.97289	4.84325	2.21962		
07:04:49	2000	3000	3333	3253	9306	0.97271	4.84296	2.21904		
07:04:59	2000	3000	3320	3318	9277	0.97324	4.84285	2.22033		
07:05:09	2000	3000	3319	3389	9246	0.97380	4.84245	2.22153		
07:05:19	2000	3000	3326	3389	9246	0.97380	4.84245	2.22153		
07:05:29	2000	3000	3333	3375	9175	0.97369	4.84308	2.22155		
07:05:39	2000	3000	3333	3424	9140	0.97405	4.84302	2.22244		
07:05:49	2000	3000	3333	3417	9101	0.97400	4.84317	2.22238		
07:05:59	2000	3000	3333	3417	9101	0.97400	4.84317	2.22238		
07:06:19	2000	3000	3333	3407	9015	0.97393	4.84164	2.22150		
07:06:29	2000	3000	3333	3407	9015	0.97393	4.84164	2.22150		
07:06:39	2000	3000	3333	3420	8963	0.97403	4.84141	2.22163		
07:06:49	2000	3000	3333	3333	8944	0.97336	4.84148	2.21999		
07:06:59	2000	3000	3333	3333	8944	0.97336	4.84148	2.21999		
07:07:09	2000	3000	3333	3365	8914	0.97361	4.84215	2.22093		
07:07:19	2000	3000	3333	3467	8884	0.97437	4.84141	2.22250		
07:07:29	2000	3000	3333	3390	8846	0.97380	4.84049	2.22065		
07:07:39	2000	3000	3333	3390	8846	0.97380	4.84049	2.22065		
07:07:49	2000	3000	3333	3507	8764	0.97466	4.83997	2.22257		
07:07:59	2000	3000	3333	3507	8764	0.97466	4.83997	2.22257		


			DELHI AIRPORT : 30 m Base line


Time	RVR	 MOR	RVR	MOR	BLM	Trf	 Ref(v)	PD(v)
	(limited)	(limited)	(actual)	(actual)



			DELHI AIRPORT : 30 m Base line


Time	RVR	 MOR	RVR	MOR	BLM	Trf	 Ref(v)	PD(v)
	(limited)	(limited)	(actual)	(actual)



			DELHI AIRPORT : 30 m Base line


Time	RVR	 MOR	RVR	MOR	BLM	Trf	 Ref(v)	PD(v)
	(limited)	(limited)	(actual)	(actual)

