

			DELHI AIRPORT : 30 m Base line


Time	RVR	 MOR	RVR	MOR	BLM	Trf	 Ref(v)	PD(v)
	(limited)	(limited)	(actual)	(actual)

00:00:15	2000	850	2495	877	2	0.90249	1.00296	4.03542		
00:00:25	2000	850	2496	879	2	0.90272	1.00213	4.03326		
00:00:35	2000	850	2514	914	2	0.90623	1.00204	4.05023		
00:00:45	2000	850	2526	912	2	0.90606	1.00238	4.05077		
00:00:55	2000	850	2524	888	2	0.90362	1.00198	4.03707		
00:01:05	2000	850	2524	886	2	0.90338	1.00240	4.03757		
00:01:15	2000	850	2534	905	2	0.90529	1.00188	4.04495		
00:01:25	2000	850	2534	898	2	0.90461	1.00180	4.04124		
00:01:35	2000	850	2535	899	2	0.90478	1.00146	4.04071		
00:01:45	2000	850	2531	902	2	0.90501	1.00181	4.04328		
00:01:55	2000	850	2535	898	2	0.90466	1.00209	4.04266		
00:02:05	2000	850	2541	901	2	0.90497	1.00190	4.04346		
00:02:15	2000	850	2537	894	2	0.90420	1.00210	4.04043		
00:02:25	2000	900	2556	947	2	0.90934	1.00177	4.06453		
00:02:35	2000	900	2576	954	2	0.90993	1.00188	4.06791		
00:02:45	2000	900	2589	935	2	0.90823	1.00216	4.06061		
00:02:55	2000	900	2604	939	2	0.90859	1.00191	4.06140		
00:03:05	2000	900	2619	940	2	0.90868	1.00176	4.06121		
00:04:51	2000	900	2619	916	2	0.90642	1.00131	4.04821		
00:05:01	2000	900	2611	904	2	0.90525	1.00158	4.04354		
00:05:11	2000	900	2582	876	2	0.90241	1.00159	4.02954		
00:05:21	2000	900	2556	866	2	0.90126	1.00195	4.02529		
00:05:31	2000	900	2556	908	2	0.90567	1.00196	4.04715		
00:05:41	2000	900	2512	855	2	0.90008	1.00193	4.01935		
00:05:51	2000	850	2516	928	2	0.90761	1.00265	4.05952		
00:06:01	2000	850	2523	922	2	0.90704	1.00183	4.05342		
00:06:11	2000	900	2543	929	2	0.90763	1.00137	4.05446		
00:06:21	2000	900	2556	898	2	0.90463	1.00059	4.03649		
00:06:31	2000	900	2535	856	2	0.90015	1.00131	4.01725		
00:06:41	2000	850	2533	850	2	0.89950	1.00156	4.01502		
00:06:51	2000	850	2504	851	2	0.89962	1.00197	4.01728		
00:07:01	2000	850	2474	843	2	0.89875	1.00265	4.01567		
00:07:11	2000	850	2437	832	2	0.89747	1.00154	4.00490		
00:07:21	2000	800	2412	833	2	0.89756	1.00111	4.00362		
00:07:31	2000	800	2407	845	2	0.89895	1.00198	4.01397		
00:07:41	2000	850	2433	917	2	0.90656	1.00220	4.05253		
00:07:51	2000	850	2467	940	2	0.90870	1.00078	4.05735		
00:08:01	2000	850	2512	960	2	0.91049	1.00083	4.06639		
00:08:11	2000	850	2533	886	2	0.90345	1.00075	4.03129		
00:08:21	2000	900	2556	894	2	0.90424	1.00095	4.03599		
00:08:31	2000	900	2558	850	2	0.89955	1.00092	4.01272		
00:08:41	2000	900	2558	860	2	0.90061	1.00119	4.01903		
00:08:51	2000	850	2508	865	2	0.90120	1.00097	4.02106		
00:09:01	2000	850	2475	875	2	0.90223	1.00177	4.02936		
00:09:11	2000	850	2468	867	2	0.90141	1.00235	4.02762		
00:09:21	2000	850	2464	884	2	0.90320	1.00151	4.03309		
00:09:31	2000	850	2501	947	2	0.90931	1.00255	4.06752		
00:09:41	2000	850	2538	959	2	0.91039	1.00151	4.06867		
00:09:51	2000	900	2577	967	2	0.91115	1.00187	4.07390		
00:10:01	2000	900	2577	952	2	0.90981	1.00275	4.07083		
00:10:11	2000	900	2631	930	2	0.90781	1.00262	4.06038		
00:10:21	2000	900	2634	892	2	0.90405	1.00287	4.04278		
00:10:31	2000	900	2634	879	2	0.90265	1.00301	4.03641		
00:10:41	2000	900	2580	885	2	0.90328	1.00098	4.03138		
00:10:51	2000	900	2560	914	2	0.90621	1.00288	4.05353		
00:11:01	2000	900	2574	989	2	0.91302	1.00301	4.08776		
00:11:11	2000	900	2589	970	2	0.91143	1.00296	4.07972		
00:11:21	2000	900	2618	969	2	0.91128	1.00273	4.07803		
00:11:31	2000	900	2618	952	2	0.90979	1.00266	4.07038		
00:11:41	2000	950	2659	919	2	0.90674	1.00247	4.05448		
00:11:51	2000	950	2668	939	2	0.90861	1.00108	4.05813		
00:12:01	2000	950	2668	929	2	0.90765	1.00027	4.05008		
00:12:11	2000	900	2631	933	2	0.90801	1.00051	4.05287		
00:12:21	2000	900	2618	935	2	0.90819	1.00037	4.05318		
00:12:31	2000	900	2606	920	2	0.90682	1.00021	4.04574		
00:12:41	2000	900	2604	915	2	0.90629	1.00086	4.04576		
00:12:51	2000	900	2604	896	2	0.90441	1.00199	4.04103		
00:13:01	2000	900	2568	877	2	0.90247	1.00164	4.03001		
00:13:11	2000	900	2551	887	2	0.90353	1.00002	4.02874		
00:13:21	2000	850	2540	905	2	0.90530	1.00210	4.04587		
00:13:31	2000	850	2537	912	2	0.90604	1.00185	4.04855		
00:13:41	2000	850	2563	985	2	0.91271	1.00007	4.07429		
00:13:51	2000	900	2605	1006	2	0.91438	1.00097	4.08621		
00:14:01	2000	900	2605	1003	2	0.91415	1.00052	4.08321		
00:14:11	2000	900	2652	1010	2	0.91477	1.00101	4.08830		
00:14:21	2000	950	2705	921	2	0.90695	1.00023	4.04646		
00:14:31	2000	950	2705	950	2	0.90963	1.00026	4.05982		
00:14:41	2000	950	2700	936	2	0.90832	0.99996	4.05216		
00:14:51	2000	950	2691	979	2	0.91218	1.00108	4.07576		
00:15:01	2000	950	2689	998	2	0.91378	1.00144	4.08515		
00:15:11	2000	950	2706	1057	2	0.91838	1.00123	4.10702		
00:15:21	2000	950	2734	996	2	0.91356	1.00128	4.08340		
00:15:31	2000	950	2749	989	2	0.91298	1.00139	4.08096		
00:15:41	2000	950	2752	944	2	0.90904	1.00105	4.06012		
00:15:51	2000	950	2754	986	2	0.91279	1.00107	4.07872		
00:16:01	2000	950	2754	949	2	0.90955	1.00125	4.06345		
00:16:11	2000	950	2707	978	2	0.91204	1.00083	4.07406		
00:16:21	2000	950	2693	960	2	0.91053	0.99905	4.05935		
00:16:31	2000	950	2686	968	2	0.91125	1.00010	4.06717		
00:16:41	2000	950	2684	939	2	0.90864	1.00010	4.05431		
00:16:51	2000	950	2659	921	2	0.90687	0.99917	4.04178		
00:17:01	2000	950	2659	948	2	0.90944	0.99762	4.04817		
00:17:11	2000	950	2643	935	2	0.90824	0.99791	4.04343		
00:17:21	2000	900	2633	933	2	0.90809	0.99825	4.04407		
00:17:31	2000	900	2621	936	2	0.90832	0.99862	4.04670		
00:17:41	2000	900	2623	945	2	0.90917	0.99977	4.05559		
00:17:51	2000	900	2630	940	2	0.90868	0.99879	4.04920		
00:18:01	2000	900	2623	928	2	0.90758	0.99883	4.04391		
00:18:11	2000	900	2622	933	2	0.90805	0.99643	4.03652		
00:18:21	2000	900	2626	946	2	0.90920	0.99841	4.05022		
00:18:31	2000	900	2632	949	2	0.90955	0.99863	4.05283		
00:18:41	2000	900	2623	923	2	0.90712	0.99843	4.04002		
00:18:51	2000	900	2621	933	2	0.90805	0.99898	4.04684		
00:19:01	2000	900	2624	937	2	0.90838	0.99916	4.04920		
00:19:11	2000	900	2622	928	2	0.90755	0.99853	4.04255		
00:19:21	2000	900	2617	932	2	0.90793	0.99864	4.04489		
00:19:31	2000	900	2617	930	2	0.90780	0.99869	4.04445		
00:19:41	2000	900	2613	932	2	0.90794	0.99923	4.04732		
00:19:51	2000	900	2608	920	2	0.90677	0.99959	4.04302		
00:20:01	2000	900	2605	928	2	0.90760	0.99928	4.04583		
00:20:11	2000	900	2606	932	2	0.90797	1.00006	4.05084		
00:20:21	2000	900	2607	934	2	0.90811	0.99969	4.05004		
00:20:31	2000	900	2607	931	2	0.90782	0.99955	4.04800		
00:20:41	2000	900	2605	926	2	0.90737	1.00016	4.04829		
00:20:51	2000	900	2608	929	2	0.90767	1.00022	4.04999		
00:21:01	2000	900	2608	910	2	0.90581	0.99997	4.03982		
00:21:11	2000	900	2594	912	2	0.90607	1.00034	4.04256		
00:21:21	2000	900	2589	921	2	0.90687	1.00063	4.04772		
00:21:31	2000	900	2581	910	2	0.90585	1.00028	4.04125		
00:21:41	2000	900	2583	931	2	0.90790	0.99825	4.04313		
00:21:51	2000	900	2589	945	2	0.90912	0.99919	4.05296		
00:22:01	2000	900	2589	915	2	0.90629	0.99902	4.03832		
00:22:11	2000	900	2592	915	2	0.90632	1.00010	4.04283		
00:22:21	2000	900	2589	912	2	0.90607	1.00004	4.04138		
00:22:31	2000	900	2596	928	2	0.90759	1.00048	4.05064		
00:22:41	2000	900	2600	942	2	0.90886	1.00060	4.05740		
00:22:51	2000	900	2586	909	2	0.90575	0.99786	4.03096		
00:23:01	2000	900	2599	948	2	0.90941	1.00037	4.05917		
00:23:11	2000	900	2605	932	2	0.90792	1.00018	4.05106		
00:23:21	2000	900	2605	923	2	0.90705	1.00046	4.04790		
00:23:31	2000	900	2611	933	2	0.90808	1.00076	4.05421		
00:23:41	2000	900	2608	933	2	0.90808	1.00076	4.05421		
00:23:51	2000	900	2616	931	2	0.90788	1.00043	4.05186		
00:24:01	2000	900	2606	920	2	0.90685	1.00132	4.05040		
00:24:11	2000	900	2607	934	2	0.90815	1.00058	4.05384		
00:24:21	2000	900	2607	941	2	0.90882	0.99980	4.05399		
00:24:31	2000	900	2639	1000	2	0.91395	0.99833	4.07329		
00:24:41	2000	950	2663	998	2	0.91380	0.99866	4.07390		
00:24:51	2000	950	2663	957	2	0.91026	1.00077	4.06501		
00:25:01	2000	950	2685	954	2	0.90993	1.00077	4.06341		
00:25:12	2000	950	2686	935	2	0.90818	1.00070	4.05448		
00:25:22	2000	950	2696	970	2	0.91138	1.00085	4.07087		
00:25:32	2000	950	2678	951	2	0.90974	1.00088	4.06290		
00:25:42	2000	950	2674	989	2	0.91304	1.00075	4.07865		
00:25:52	2000	950	2669	942	2	0.90889	1.00094	4.05893		
00:26:02	2000	950	2666	946	2	0.90926	1.00083	4.06032		
00:26:12	2000	950	2682	977	2	0.91198	1.00084	4.07382		
00:26:22	2000	950	2682	938	2	0.90854	1.00077	4.05650		
00:26:32	2000	950	2666	940	2	0.90866	1.00075	4.05704		
00:26:42	2000	900	2643	929	2	0.90771	1.00017	4.04997		
00:26:52	2000	900	2637	925	2	0.90725	1.00024	4.04798		
00:27:02	2000	900	2629	926	2	0.90742	0.99933	4.04515		
00:27:12	2000	900	2612	930	2	0.90775	0.99743	4.03910		
00:27:22	2000	900	2601	909	2	0.90578	0.99732	4.02895		
00:27:32	2000	900	2586	899	2	0.90477	0.99755	4.02491		
00:27:42	2000	900	2574	899	2	0.90477	0.99755	4.02491		
00:27:52	2000	900	2574	909	2	0.90569	0.99952	4.03738		
00:28:02	2000	900	2563	912	2	0.90605	1.00003	4.04124		
00:28:12	2000	900	2544	882	2	0.90300	1.00012	4.02653		
00:28:22	2000	900	2543	905	2	0.90535	1.00053	4.03978		
00:28:32	2000	900	2549	916	2	0.90639	1.00048	4.04471		
00:28:42	2000	900	2557	920	2	0.90683	0.99927	4.04200		
00:28:52	2000	900	2561	919	2	0.90671	1.00009	4.04474		
00:29:02	2000	900	2561	912	2	0.90603	1.00016	4.04163		
00:29:12	2000	900	2583	940	2	0.90873	0.99963	4.05284		
00:29:22	2000	900	2607	970	2	0.91137	0.99798	4.05913		
00:29:32	2000	900	2631	979	2	0.91217	0.99902	4.06734		
00:29:42	2000	900	2635	931	2	0.90786	0.99804	4.04209		
00:29:52	2000	900	2639	931	2	0.90787	0.99778	4.04109		
00:30:02	2000	900	2653	947	2	0.90938	0.99799	4.04940		
00:30:12	2000	900	2640	906	2	0.90541	0.99768	4.02856		
00:30:22	2000	900	2602	871	2	0.90182	0.99787	4.01168		
00:30:32	2000	900	2555	853	2	0.89984	0.99774	4.00138		
00:30:42	2000	850	2531	869	2	0.90158	0.99862	4.01347		
00:30:52	2000	850	2531	878	2	0.90253	0.99890	4.01929		
00:31:02	2000	850	2487	885	2	0.90330	0.99823	4.02039		
00:31:12	2000	850	2479	885	2	0.90329	0.99914	4.02402		
00:31:22	2000	850	2479	890	2	0.90382	0.99923	4.02701		
00:31:32	2000	850	2486	899	2	0.90478	0.99926	4.03187		
00:31:42	2000	850	2507	878	2	0.90253	0.99962	4.02222		
00:31:52	2000	850	2507	878	2	0.90253	0.99963	4.02224		
00:32:02	2000	850	2506	882	2	0.90299	0.99945	4.02376		
00:32:12	2000	850	2513	903	2	0.90513	0.99957	4.03482		
00:32:22	2000	850	2513	916	2	0.90639	0.99769	4.03342		
00:32:32	2000	850	2526	907	2	0.90552	0.99908	4.03475		
00:32:42	2000	850	2539	914	2	0.90619	0.99935	4.03916		
00:32:52	2000	850	2552	911	2	0.90597	0.99960	4.03910		
00:33:02	2000	900	2570	927	2	0.90746	0.99979	4.04722		
00:33:12	2000	900	2570	926	2	0.90739	0.99843	4.04135		
00:33:22	2000	900	2584	931	2	0.90784	0.99776	4.04085		
00:33:32	2000	900	2600	948	2	0.90943	0.99858	4.05201		
00:33:42	2000	900	2621	970	2	0.91139	0.99815	4.05993		
00:33:52	2000	900	2621	937	2	0.90840	0.99838	4.04614		
00:34:02	2000	900	2631	930	2	0.90774	0.99684	4.03663		
00:34:12	2000	900	2638	944	2	0.90910	0.99739	4.04558		
00:34:22	2000	900	2638	931	2	0.90781	0.99757	4.03996		
00:34:32	2000	900	2623	907	2	0.90555	0.99736	4.02796		
00:34:42	2000	900	2601	912	2	0.90599	0.99773	4.03163		
00:34:52	2000	900	2588	902	2	0.90504	0.99783	4.02737		
00:35:02	2000	900	2578	905	2	0.90533	0.99942	4.03519		
00:35:12	2000	900	2570	921	2	0.90694	0.99968	4.04421		
00:35:22	2000	900	2556	895	2	0.90432	0.99931	4.02980		
00:35:32	2000	900	2556	908	2	0.90559	0.99946	4.03664		
00:35:42	2000	900	2567	941	2	0.90881	0.99989	4.05426		
00:35:52	2000	900	2592	968	2	0.91124	1.00018	4.06746		
00:36:02	2000	900	2592	960	2	0.91055	1.00031	4.06459		
00:36:12	2000	900	2616	928	2	0.90758	0.99980	4.04784		
00:36:22	2000	900	2616	919	2	0.90667	0.99874	4.03909		
00:36:32	2000	900	2636	937	2	0.90839	0.99910	4.04900		
00:36:42	2000	900	2643	960	2	0.91055	0.99845	4.05703		
00:36:52	2000	900	2640	960	2	0.91051	0.99794	4.05474		
00:37:02	2000	900	2642	966	2	0.91104	0.99861	4.06009		
00:37:12	2000	900	2641	925	2	0.90730	0.99843	4.04094		
00:37:22	2000	900	2644	925	2	0.90727	0.99817	4.03973		
00:37:32	2000	900	2644	925	2	0.90732	0.99814	4.03983		
00:37:42	2000	900	2622	915	2	0.90635	0.99864	4.03710		
00:37:52	2000	900	2605	914	2	0.90619	0.99892	4.03743		
00:38:02	2000	900	2581	903	2	0.90514	0.99883	4.03189		
00:38:12	2000	900	2581	916	2	0.90639	0.99874	4.03769		
00:38:22	2000	900	2577	925	2	0.90726	0.99859	4.04137		
00:38:32	2000	900	2572	910	2	0.90585	0.99785	4.03144		
00:38:42	2000	900	2563	892	2	0.90405	0.99862	4.02568		
00:38:52	2000	900	2564	915	2	0.90637	0.99845	4.03642		
00:39:02	2000	900	2567	913	2	0.90615	0.99842	4.03522		
00:39:12	2000	900	2568	916	2	0.90642	0.99845	4.03668		
00:39:22	2000	900	2563	914	2	0.90620	0.99854	4.03595		
00:39:32	2000	900	2560	902	2	0.90507	0.99855	4.03042		
00:39:42	2000	900	2569	915	2	0.90630	0.99791	4.03388		
00:39:52	2000	900	2572	922	2	0.90703	0.99770	4.03665		
00:40:02	2000	900	2573	916	2	0.90641	0.99864	4.03738		
00:40:12	2000	900	2569	907	2	0.90556	0.99610	4.02291		
00:40:22	2000	900	2569	934	2	0.90812	0.99586	4.03454		
00:40:32	2000	900	2589	934	2	0.90812	0.99586	4.03454		
00:40:42	2000	900	2591	920	2	0.90679	0.99870	4.03952		
00:40:52	2000	900	2585	908	2	0.90566	0.99905	4.03532		
00:41:02	2000	900	2585	916	2	0.90643	0.99871	4.03776		
00:41:12	2000	900	2584	905	2	0.90539	1.00028	4.03896		
00:41:22	2000	900	2581	924	2	0.90718	0.99846	4.04046		
00:41:32	2000	900	2581	901	2	0.90493	1.00045	4.03737		
00:41:42	2000	900	2564	908	2	0.90566	0.99908	4.03546		
00:41:52	2000	900	2568	919	2	0.90671	0.99871	4.03913		
00:42:02	2000	900	2567	914	2	0.90626	0.99987	4.04161		
00:42:12	2000	900	2570	913	2	0.90616	0.99853	4.03573		
00:42:22	2000	900	2583	957	2	0.91021	1.00009	4.06203		
00:42:32	2000	900	2598	943	2	0.90893	0.99990	4.05493		
00:42:42	2000	900	2635	1006	2	0.91438	0.99987	4.08172		
00:42:52	2000	900	2684	1051	2	0.91791	1.00007	4.09995		
00:43:02	2000	950	2722	1014	2	0.91504	0.99988	4.08502		
00:43:12	2000	950	2771	1046	2	0.91754	1.00048	4.09978		
00:43:22	2000	1000	2771	1017	2	0.91530	1.00061	4.08924		
00:43:32	2000	1000	2809	983	2	0.91249	1.00025	4.07394		
00:43:42	2000	1000	2800	982	2	0.91240	0.99934	4.06976		
00:43:52	2000	1000	2783	1006	2	0.91443	0.99858	4.07666		
00:44:02	2000	1000	2795	1044	2	0.91744	0.99892	4.09289		
00:44:12	2000	1000	2779	1003	2	0.91418	0.99805	4.07326		
00:44:22	2000	1000	2790	1047	2	0.91759	0.99934	4.09539		
00:44:32	2000	1000	2803	1020	2	0.91551	0.99786	4.07904		
00:44:42	2000	1000	2813	1008	2	0.91455	0.99761	4.07332		
00:44:52	2000	1000	2798	965	2	0.91099	0.99752	4.05541		
00:45:02	2000	1000	2770	970	2	0.91142	0.99820	4.06029		
00:45:12	2000	950	2743	931	2	0.90783	0.99727	4.03884		
00:45:22	2000	950	2720	984	2	0.91261	0.99734	4.06263		
00:45:32	2000	950	2753	1109	2	0.92203	0.99789	4.11129		
00:45:42	2000	950	2815	1178	2	0.92642	0.99881	4.13672		
00:45:52	2000	1000	2854	1072	2	0.91950	0.99885	4.10276		
00:46:02	2000	1000	2872	1018	2	0.91539	0.99895	4.08291		
00:46:12	2000	1000	2909	1031	2	0.91643	0.99917	4.08895		
00:46:22	2000	1050	2922	1018	2	0.91541	0.99920	4.08406		
00:46:32	2000	1050	2879	991	2	0.91316	0.99969	4.07494		
00:46:42	2000	1050	2798	957	2	0.91028	0.99876	4.05694		
00:46:52	2000	950	2761	971	2	0.91148	0.99899	4.06378		
00:47:02	2000	950	2747	981	2	0.91233	0.99957	4.07036		
00:47:12	2000	950	2738	1007	2	0.91448	0.99965	4.08131		
00:47:22	2000	950	2737	1015	2	0.91515	0.99978	4.08514		
00:47:32	2000	950	2723	955	2	0.91007	0.99858	4.05517		
00:47:42	2000	950	2728	969	2	0.91134	0.99973	4.06611		
00:47:52	2000	950	2737	996	2	0.91362	0.99960	4.07686		
00:48:02	2000	950	2754	1027	2	0.91611	0.99885	4.08608		
00:48:12	2000	950	2746	984	2	0.91258	0.99980	4.07253		
00:48:22	2000	950	2747	1018	2	0.91542	0.99785	4.07856		
00:48:32	2000	950	2747	991	2	0.91318	0.99999	4.07624		
00:48:42	2000	1000	2775	1008	2	0.91458	0.99919	4.07992		
00:48:52	2000	1000	2773	992	2	0.91327	0.99956	4.07495		
00:49:02	2000	1000	2752	970	2	0.91141	0.99873	4.06242		
00:49:12	2000	950	2748	974	2	0.91172	0.99828	4.06209		
00:49:22	2000	950	2748	968	2	0.91117	1.00033	4.06774		
00:49:32	2000	950	2712	944	2	0.90904	0.99987	4.05535		
00:49:42	2000	950	2691	952	2	0.90978	0.99920	4.05628		
00:49:52	2000	950	2669	932	2	0.90797	0.99876	4.04556		
00:50:02	2000	900	2654	932	2	0.90797	0.99815	4.04308		
00:50:12	2000	900	2642	942	2	0.90889	0.99858	4.04935		
00:50:22	2000	900	2631	937	2	0.90839	0.99963	4.05114		
00:50:32	2000	900	2624	927	2	0.90746	0.99926	4.04509		
00:50:42	2000	900	2611	918	2	0.90661	0.99922	4.04069		
00:50:52	2000	900	2602	907	2	0.90558	0.99983	4.03811		
00:51:02	2000	900	2592	906	2	0.90545	0.99953	4.03625		
00:51:12	2000	900	2588	930	2	0.90774	0.99929	4.04655		
00:51:22	2000	900	2634	1061	2	0.91868	0.99854	4.09746		
00:51:32	2000	900	2659	995	2	0.91348	0.99742	4.06725		
00:51:42	2000	950	2680	974	2	0.91170	0.99964	4.06754		
00:51:52	2000	950	2684	917	2	0.90655	0.99977	4.04262		
00:52:02	2000	950	2695	936	2	0.90832	0.99981	4.05154		
00:52:12	2000	950	2684	902	2	0.90501	0.99967	4.03463		
00:52:22	2000	900	2619	886	2	0.90342	0.99916	4.02476		
00:52:32	2000	900	2629	1021	2	0.91566	0.99976	4.08757		
00:52:42	2000	900	2652	1036	2	0.91682	0.99977	4.09335		
00:52:52	2000	950	2697	1037	2	0.91688	1.00005	4.09476		
00:53:02	2000	950	2720	997	2	0.91370	1.00011	4.07934		
00:53:12	2000	950	2734	938	2	0.90852	0.99988	4.05279		
00:53:22	2000	950	2759	952	2	0.90978	0.99983	4.05883		
00:53:32	2000	950	2733	953	2	0.90990	0.99854	4.05419		
00:53:42	2000	950	2714	985	2	0.91271	0.99999	4.07392		
00:53:52	2000	950	2699	995	2	0.91350	1.00031	4.07915		
00:54:02	2000	950	2710	1027	2	0.91610	1.00002	4.09078		
00:54:12	2000	950	2746	1035	2	0.91669	0.99910	4.08995		
00:54:22	2000	950	2746	978	2	0.91205	0.99871	4.06545		
00:54:32	2000	950	2758	961	2	0.91062	0.99957	4.06194		
00:54:42	2000	950	2746	953	2	0.90986	0.99908	4.05618		
00:54:52	2000	950	2730	952	2	0.90978	0.99931	4.05670		
00:55:02	2000	950	2702	951	2	0.90970	0.99869	4.05380		
00:55:12	2000	950	2673	957	2	0.91021	0.99993	4.06137		
00:55:22	2000	950	2673	979	2	0.91217	0.99984	4.07067		
00:55:32	2000	950	2675	965	2	0.91098	0.99967	4.06408		
00:55:42	2000	950	2676	957	2	0.91028	0.99941	4.05961		
00:55:52	2000	950	2676	974	2	0.91173	1.00001	4.06921		
00:56:02	2000	950	2700	991	2	0.91318	0.99895	4.07202		
00:56:12	2000	950	2707	975	2	0.91180	1.00021	4.07037		
00:56:22	2000	950	2705	975	2	0.91180	1.00021	4.07037		
00:56:32	2000	950	2708	972	2	0.91156	0.99978	4.06741		
00:56:42	2000	950	2708	981	2	0.91234	0.99964	4.07070		
00:56:52	2000	950	2717	976	2	0.91187	0.99809	4.06208		
00:57:02	2000	950	2719	995	2	0.91351	0.99887	4.07331		
00:57:12	2000	950	2708	945	2	0.90919	0.99874	4.05148		
00:57:22	2000	950	2698	949	2	0.90956	0.99826	4.05135		
00:57:32	2000	950	2680	924	2	0.90716	1.00006	4.04683		
00:57:42	2000	950	2660	928	2	0.90757	1.00068	4.05134		
00:57:52	2000	900	2629	893	2	0.90412	0.99985	4.03095		
00:58:02	2000	900	2614	955	2	0.91004	1.00002	4.06090		
00:58:12	2000	900	2611	938	2	0.90856	0.99967	4.05214		
00:58:22	2000	900	2600	919	2	0.90671	0.99825	4.03729		
00:58:32	2000	900	2597	917	2	0.90653	0.99832	4.03670		
00:58:42	2000	900	2615	975	2	0.91183	0.99934	4.06695		
00:58:52	2000	900	2646	975	2	0.91183	0.99934	4.06695		
00:59:02	2000	900	2651	968	2	0.91119	0.99945	4.06426		
00:59:12	2000	900	2653	945	2	0.90912	0.99954	4.05439		
00:59:22	2000	950	2656	927	2	0.90745	0.99944	4.04574		
00:59:32	2000	900	2648	898	2	0.90463	1.00018	4.03480		
00:59:42	2000	900	2648	876	2	0.90234	1.00076	4.02585		
00:59:52	2000	900	2580	892	2	0.90401	1.00037	4.03250		
01:00:02	2000	900	2558	910	2	0.90587	1.00028	4.04136		
01:00:12	2000	900	2554	935	2	0.90825	1.00025	4.05297		
01:00:22	2000	900	2561	944	2	0.90906	1.00099	4.05998		
01:00:32	2000	900	2570	922	2	0.90703	1.00066	4.04861		
01:00:42	2000	900	2587	919	2	0.90674	0.99868	4.03919		
01:00:52	2000	900	2594	912	2	0.90603	0.99953	4.03913		
01:01:02	2000	900	2591	900	2	0.90488	0.99796	4.02710		
01:01:12	2000	900	2591	896	2	0.90446	0.99934	4.03058		
01:01:22	2000	900	2560	901	2	0.90494	1.00007	4.03592		
01:01:32	2000	900	2549	893	2	0.90408	0.99975	4.03036		
01:01:42	2000	900	2543	905	2	0.90531	1.00013	4.03797		
01:01:52	2000	900	2543	876	2	0.90234	0.99944	4.02054		
01:02:02	2000	850	2523	885	2	0.90327	0.99990	4.02700		
01:02:12	2000	850	2513	869	2	0.90164	0.99882	4.01459		
01:02:22	2000	850	2502	872	2	0.90194	0.99827	4.01385		
01:02:32	2000	850	2485	849	2	0.89945	0.99894	4.00428		
01:02:42	2000	850	2459	837	2	0.89808	0.99988	4.00130		
01:02:52	2000	850	2449	849	2	0.89946	0.99790	4.00014		
01:03:02	2000	850	2449	845	2	0.89899	0.99878	4.00138		
01:03:12	2000	800	2427	852	2	0.89974	0.99923	4.00687		
01:03:22	2000	800	2427	842	2	0.89864	0.99986	4.00394		
01:03:32	2000	800	2414	846	2	0.89905	1.00007	4.00685		
01:03:42	2000	800	2415	838	2	0.89816	0.99992	4.00184		
01:03:52	2000	800	2413	845	2	0.89897	1.00015	4.00677		
01:04:02	2000	800	2413	837	2	0.89806	1.00010	4.00204		
01:04:12	2000	800	2401	828	2	0.89705	1.00035	3.99809		
01:04:22	2000	800	2393	821	2	0.89613	0.99899	3.98810		
01:04:32	2000	800	2383	821	2	0.89613	1.00033	3.99347		
01:04:42	2000	800	2370	805	2	0.89427	0.99982	3.98222		
01:04:52	2000	800	2372	851	2	0.89961	0.99970	4.00812		
01:05:02	2000	800	2374	842	2	0.89864	0.99906	4.00077		
01:05:12	2000	800	2381	845	2	0.89899	0.99984	4.00559		
01:05:22	2000	800	2381	835	2	0.89777	0.99895	3.99603		
01:05:32	2000	800	2386	849	2	0.89939	0.99982	4.00748		
01:05:42	2000	800	2411	840	2	0.89843	0.99955	4.00167		
01:05:52	2000	800	2407	842	2	0.89866	0.99919	4.00136		
01:06:02	2000	800	2418	870	2	0.90174	0.99912	4.01627		
01:06:12	2000	850	2431	878	2	0.90258	0.99938	4.02150		
01:06:22	2000	850	2453	893	2	0.90409	1.00067	4.03415		
01:06:32	2000	850	2462	872	2	0.90196	0.99879	4.01607		
01:06:42	2000	850	2476	875	2	0.90227	0.99858	4.01671		
01:06:52	2000	850	2480	853	2	0.89985	1.00046	4.01235		
01:07:02	2000	850	2473	852	2	0.89979	0.99952	4.00826		
01:07:12	2000	850	2472	876	2	0.90240	0.99953	4.02118		
01:07:22	2000	850	2465	876	2	0.90232	0.99927	4.01973		
01:07:32	2000	850	2478	906	2	0.90547	0.99896	4.03402		
01:07:42	2000	850	2486	896	2	0.90443	0.99902	4.02917		
01:07:52	2000	850	2487	855	2	0.90004	0.99868	4.00613		
01:08:02	2000	850	2482	840	2	0.89842	0.99843	3.99714		
01:08:12	2000	850	2479	867	2	0.90144	0.99904	4.01450		
01:08:22	2000	850	2479	867	2	0.90144	0.99904	4.01450		
01:08:32	2000	850	2468	885	2	0.90335	1.00003	4.02791		
01:08:42	2000	850	2482	934	2	0.90815	0.99956	4.04967		
01:08:52	2000	850	2498	897	2	0.90449	0.99910	4.02975		
01:09:02	2000	850	2537	942	2	0.90887	0.99957	4.05326		
01:09:12	2000	900	2558	921	2	0.90692	1.00055	4.04760		
01:09:22	2000	900	2569	897	2	0.90449	0.99884	4.02874		
01:09:32	2000	900	2571	891	2	0.90391	0.99950	4.02854		
01:09:42	2000	900	2556	894	2	0.90422	1.00017	4.03275		
01:09:52	2000	900	2556	867	2	0.90144	0.99878	4.01343		
01:10:02	2000	900	2532	910	2	0.90579	0.99992	4.03949		
01:10:12	2000	850	2532	900	2	0.90480	1.00033	4.03627		
01:10:22	2000	850	2527	903	2	0.90516	1.00084	4.04012		
01:10:32	2000	850	2530	898	2	0.90466	1.00096	4.03809		
01:10:42	2000	850	2524	879	2	0.90269	0.99891	4.02015		
01:10:52	2000	850	2532	887	2	0.90356	0.99960	4.02719		
01:11:02	2000	850	2527	897	2	0.90451	0.99944	4.03126		
01:11:12	2000	850	2522	888	2	0.90358	0.99947	4.02678		
01:11:22	2000	850	2531	927	2	0.90745	0.99941	4.04564		
01:11:32	2000	850	2542	927	2	0.90745	0.99941	4.04564		
01:11:42	2000	850	2553	907	2	0.90557	0.99842	4.03234		
01:11:52	2000	900	2548	875	2	0.90229	0.99870	4.01732		
01:12:02	2000	900	2550	903	2	0.90511	0.99976	4.03551		
01:12:12	2000	900	2556	902	2	0.90509	0.99963	4.03485		
01:12:22	2000	900	2543	893	2	0.90417	0.99898	4.02771		
01:12:32	2000	850	2518	862	2	0.90080	0.99906	4.01143		
01:12:42	2000	850	2508	880	2	0.90275	0.99886	4.02023		
01:12:52	2000	850	2517	898	2	0.90467	0.99962	4.03274		
01:13:02	2000	850	2517	904	2	0.90526	0.99921	4.03403		
01:13:12	2000	850	2515	896	2	0.90441	0.99944	4.03073		
01:13:22	2000	850	2512	886	2	0.90342	0.99992	4.02781		
01:13:32	2000	850	2521	886	2	0.90342	0.99992	4.02781		
01:13:42	2000	850	2516	865	2	0.90119	0.99818	4.00980		
01:13:52	2000	850	2500	858	2	0.90041	0.99830	4.00646		
01:14:02	2000	850	2505	916	2	0.90642	0.99806	4.03509		
01:14:12	2000	850	2511	914	2	0.90620	0.99793	4.03349		
01:14:22	2000	850	2520	909	2	0.90577	0.99798	4.03156		
01:14:32	2000	850	2518	880	2	0.90278	0.99833	4.01822		
01:14:42	2000	850	2527	888	2	0.90362	0.99804	4.02120		
01:14:52	2000	850	2542	897	2	0.90457	0.99751	4.02376		
01:15:02	2000	850	2528	881	2	0.90285	0.99749	4.01519		
01:15:12	2000	850	2509	862	2	0.90086	0.99903	4.01161		
01:15:22	2000	850	2501	890	2	0.90378	0.99960	4.02827		
01:15:32	2000	850	2504	886	2	0.90342	0.99811	4.02050		
01:15:42	2000	850	2506	893	2	0.90417	0.99941	4.02942		
01:15:52	2000	850	2487	849	2	0.89947	0.99927	4.00570		
01:16:02	2000	850	2473	844	2	0.89880	1.00008	4.00565		
01:16:12	2000	850	2471	856	2	0.90025	0.99958	4.01078		
01:16:22	2000	850	2458	856	2	0.90024	0.99828	4.00550		
01:16:32	2000	850	2458	854	2	0.89998	0.99970	4.00994		
01:16:42	2000	850	2425	838	2	0.89816	1.00021	4.00298		
01:16:52	2000	800	2422	843	2	0.89874	1.00037	4.00651		
01:17:02	2000	800	2421	841	2	0.89851	1.00033	4.00518		
01:17:12	2000	800	2413	836	2	0.89797	0.99826	3.99424		
01:17:22	2000	800	2413	819	2	0.89596	0.99910	3.98768		
01:17:32	2000	800	2399	808	2	0.89457	0.99879	3.97960		
01:17:42	2000	800	2368	805	2	0.89422	0.99997	3.98257		
01:17:52	2000	800	2355	808	2	0.89464	0.99873	3.97971		
01:18:02	2000	800	2337	796	2	0.89305	0.99783	3.96828		
01:18:12	2000	800	2329	814	2	0.89537	0.99772	3.97926		
01:18:22	2000	800	2322	802	2	0.89387	0.99770	3.97182		
01:18:32	2000	800	2313	796	2	0.89305	0.99822	3.96984		
01:18:42	2000	800	2305	796	2	0.89305	0.99822	3.96984		
01:18:52	2000	800	2299	807	2	0.89446	0.99794	3.97566		
01:19:02	2000	800	2301	839	3	0.89824	0.99832	3.99581		
01:19:12	2000	800	2285	821	4	0.89618	0.99575	3.97540		
01:19:22	2000	800	2287	852	3	0.89970	0.99801	4.00178		
01:19:32	2000	800	2276	821	4	0.89613	0.99873	3.98705		
01:19:42	2000	800	2259	813	5	0.89515	0.99888	3.98284		
01:19:52	2000	800	2236	804	5	0.89407	0.99952	3.98006		
01:20:02	2000	800	2205	796	5	0.89307	0.99929	3.97418		
01:20:12	2000	800	2186	808	6	0.89458	0.99887	3.97997		
01:20:22	2000	800	2155	821	6	0.89614	1.00008	3.99252		
01:20:32	2000	800	2153	826	5	0.89678	0.99966	3.99400		
01:20:42	2000	800	2167	852	5	0.89980	0.99962	4.00872		
01:20:52	2000	800	2179	852	5	0.89979	0.99928	4.00731		
01:21:02	2000	800	2199	834	4	0.89768	1.00004	3.99993		
01:21:12	2000	800	2206	811	5	0.89501	1.00022	3.98747		
01:21:22	2000	800	2215	827	5	0.89691	1.00004	3.99613		
01:21:32	2000	800	2226	849	5	0.89941	0.99978	4.00745		
01:21:42	2000	800	2226	844	4	0.89891	0.99995	4.00565		
01:21:52	2000	800	2230	861	5	0.90073	0.99931	4.01208		
01:22:02	2000	800	2262	872	3	0.90198	0.99987	4.02050		
01:22:12	2000	800	2287	842	3	0.89860	0.99994	4.00406		
01:22:22	2000	800	2304	836	3	0.89795	0.99966	3.99976		
01:22:32	2000	800	2306	832	4	0.89752	0.99969	3.99774		
01:22:42	2000	800	2316	816	2	0.89554	0.99845	3.98303		
01:22:52	2000	800	2282	807	9	0.89448	0.99956	3.98221		
01:23:02	2000	800	2227	804	6	0.89404	0.99951	3.97985		
01:23:12	2000	800	2185	792	6	0.89262	0.99936	3.97228		
01:23:22	2000	800	2125	798	14	0.89340	0.99857	3.97295		
01:23:32	2000	800	2094	794	6	0.89286	0.99867	3.97070		
01:23:42	2000	775	2043	798	9	0.89335	0.99929	3.97558		
01:23:52	2000	775	2031	795	11	0.89298	0.99897	3.97247		
01:24:02	2000	775	2004	786	12	0.89175	0.99759	3.96095		
01:24:12	1900	775	1985	784	11	0.89159	0.99807	3.96205		
01:24:22	1900	775	1993	799	11	0.89341	0.99909	3.97508		
01:24:32	1900	775	1972	790	12	0.89229	0.99949	3.97113		
01:24:42	1900	775	1953	794	16	0.89290	0.99955	3.97437		
01:24:52	1900	775	1945	792	14	0.89263	0.99890	3.97049		
01:25:02	1900	775	1945	773	11	0.89007	0.99858	3.95661		
01:25:12	1900	775	1991	769	2	0.88949	0.99953	3.95750		
01:25:22	2000	775	2033	769	2	0.88952	0.99894	3.95532		
01:25:32	2000	775	2033	767	2	0.88934	0.99893	3.95437		
01:25:42	2000	750	2133	765	2	0.88900	0.99969	3.95572		
01:25:52	2000	750	2182	763	2	0.88878	0.99916	3.95250		
01:26:02	2000	750	2234	777	2	0.89063	0.99945	3.96278		
01:26:12	2000	750	2239	779	2	0.89092	0.99960	3.96480		
01:26:22	2000	750	2244	784	2	0.89152	0.99891	3.96505		
01:26:32	2000	750	2233	782	3	0.89135	0.99834	3.96195		
01:26:42	2000	775	2239	781	2	0.89112	0.99846	3.96128		
01:26:52	2000	775	2242	770	2	0.88975	0.99752	3.95083		
01:27:02	2000	775	2241	774	2	0.89019	0.99890	3.95846		
01:27:12	2000	775	2206	771	6	0.88986	0.99895	3.95701		
01:27:22	2000	750	2178	775	4	0.89040	0.99870	3.95871		
01:27:32	2000	750	2121	781	22	0.89118	0.99852	3.96182		
01:27:42	2000	750	2121	789	17	0.89225	0.99808	3.96534		
01:27:52	2000	775	2030	777	5	0.89063	0.99745	3.95485		
01:28:02	2000	775	2030	786	3	0.89180	0.99898	3.96668		
01:28:12	1900	775	1992	781	15	0.89117	0.99846	3.96153		
01:28:22	1900	775	1969	775	9	0.89037	0.99912	3.96022		
01:28:32	1900	775	1998	801	10	0.89374	0.99964	3.97888		
01:28:42	1900	775	1996	833	28	0.89759	0.99987	3.99882		
01:28:52	1900	800	1999	837	9	0.89809	0.99951	3.99984		
01:29:02	1900	800	1985	815	7	0.89543	0.99923	3.98560		
01:29:12	1900	800	1994	815	16	0.89543	0.99820	3.98147		
01:29:22	2000	800	2060	824	2	0.89649	0.99933	3.99121		
01:29:32	2000	800	2124	830	2	0.89721	0.99964	3.99600		
01:29:42	2000	800	2206	825	2	0.89667	0.99971	3.99363		
01:29:52	2000	800	2257	835	2	0.89780	0.99999	4.00034		
01:30:02	2000	800	2308	840	2	0.89837	0.99830	3.99637		
01:30:12	2000	800	2387	847	2	0.89918	0.99876	4.00221		
01:30:22	2000	800	2387	822	2	0.89632	0.99890	3.98869		
01:30:32	2000	800	2386	822	2	0.89633	0.99744	3.98288		
01:30:42	2000	800	2385	829	2	0.89710	0.99905	3.99310		
01:30:52	2000	800	2378	817	2	0.89568	0.99980	3.98913		
01:31:02	2000	800	2368	816	2	0.89557	0.99965	3.98797		
01:31:12	2000	800	2354	809	2	0.89475	0.99888	3.98085		
01:31:22	2000	800	2354	822	2	0.89625	0.99725	3.98175		
01:31:32	2000	800	2359	835	2	0.89781	0.99898	3.99635		
01:31:42	2000	800	2354	816	2	0.89561	0.99989	3.98910		
01:31:52	2000	800	2359	831	2	0.89730	0.99995	3.99770		
01:32:02	2000	800	2394	907	2	0.90557	1.00018	4.03944		
01:32:12	2000	800	2412	856	2	0.90022	0.99992	4.01202		
01:32:22	2000	800	2423	849	2	0.89944	0.99991	4.00813		
01:32:32	2000	800	2444	890	2	0.90380	0.99963	4.02852		
01:32:42	2000	850	2458	852	2	0.89974	0.99976	4.00901		
01:32:52	2000	850	2467	854	2	0.89999	0.99900	4.00718		
01:33:02	2000	850	2445	849	2	0.89945	0.99815	4.00111		
01:33:12	2000	850	2445	857	2	0.90033	0.99722	4.00169		
01:33:22	2000	850	2446	852	2	0.89975	0.99878	4.00511		
01:33:32	2000	850	2435	861	2	0.90073	0.99825	4.00781		
01:33:42	2000	850	2443	873	2	0.90208	0.99840	4.01509		
01:33:52	2000	850	2453	879	2	0.90269	0.99880	4.01969		
01:34:02	2000	850	2465	882	2	0.90299	0.99772	4.01684		
01:34:12	2000	850	2467	862	2	0.90089	0.99719	4.00434		
01:34:22	2000	850	2458	828	2	0.89695	0.99948	3.99411		
01:34:32	2000	850	2444	824	2	0.89658	0.99915	3.99098		
01:34:42	2000	850	2439	861	2	0.90077	0.99954	4.01318		
01:34:52	2000	850	2447	899	2	0.90470	0.99920	4.03123		
01:35:02	2000	850	2436	854	2	0.90002	0.99869	4.00607		
01:35:12	2000	850	2442	876	2	0.90239	0.99919	4.01980		
01:35:22	2000	850	2466	890	2	0.90386	0.99921	4.02712		
01:35:32	2000	850	2492	894	2	0.90421	1.00010	4.03240		
01:35:42	2000	850	2493	864	2	0.90109	0.99855	4.01078		
01:35:52	2000	850	2479	862	2	0.90082	0.99949	4.01326		
01:36:02	2000	850	2479	833	2	0.89760	0.99945	3.99717		
01:36:12	2000	850	2455	836	2	0.89795	0.99945	3.99889		
01:36:22	2000	850	2440	850	2	0.89957	0.99767	3.99975		
01:36:32	2000	800	2419	840	2	0.89837	0.99883	3.99849		
01:36:42	2000	800	2407	832	2	0.89748	0.99773	3.98971		
01:36:52	2000	800	2407	818	3	0.89587	0.99779	3.98201		
01:37:02	2000	800	2359	836	4	0.89798	0.99745	3.99104		
01:37:12	2000	800	2357	832	2	0.89742	0.99936	3.99596		
01:37:22	2000	800	2347	826	2	0.89674	0.99758	3.98547		
01:37:32	2000	800	2342	826	2	0.89677	0.99916	3.99194		
01:37:42	2000	800	2335	814	2	0.89539	0.99933	3.98578		
01:37:52	2000	800	2343	816	2	0.89563	0.99887	3.98514		
01:38:02	2000	800	2368	837	2	0.89808	0.99887	3.99723		
01:38:12	2000	800	2362	816	2	0.89563	0.99837	3.98315		
01:38:22	2000	800	2347	808	3	0.89460	0.99840	3.97820		
01:38:32	2000	800	2349	831	2	0.89737	0.99950	3.99623		
01:38:42	2000	800	2342	803	2	0.89401	0.99938	3.97918		
01:38:52	2000	800	2346	828	2	0.89699	0.99976	3.99544		
01:39:02	2000	800	2336	824	2	0.89647	0.99957	3.99210		
01:39:12	2000	800	2335	826	2	0.89672	0.99984	3.99438		
01:39:22	2000	800	2347	817	2	0.89570	0.99978	3.98915		
01:39:32	2000	800	2341	817	2	0.89565	0.99950	3.98778		
01:39:42	2000	800	2341	822	2	0.89630	1.00008	3.99327		
01:39:52	2000	800	2352	841	5	0.89853	0.99915	4.00057		
01:40:02	2000	800	2329	843	3	0.89874	0.99847	3.99888		
01:40:12	2000	800	2327	811	2	0.89501	0.99885	3.98204		
01:40:22	2000	800	2317	842	4	0.89859	0.99843	3.99798		
01:40:32	2000	800	2289	839	6	0.89832	0.99783	3.99424		
01:40:42	2000	800	2280	885	5	0.90329	0.99943	4.02516		
01:40:52	2000	800	2282	883	7	0.90309	0.99605	4.01057		
01:41:02	2000	800	2270	895	7	0.90429	0.99778	4.02348		
01:41:12	2000	850	2242	863	8	0.90094	0.99864	4.01043		
01:41:22	2000	850	2222	875	9	0.90221	0.99995	4.02193		
01:41:32	2000	850	2214	885	12	0.90335	1.00025	4.02876		
01:41:42	2000	850	2218	901	5	0.90490	0.99953	4.03353		
01:41:52	2000	850	2236	884	4	0.90322	1.00017	4.02782		
01:42:02	2000	850	2190	885	23	0.90331	1.00033	4.02890		
01:42:12	2000	850	2194	898	10	0.90467	1.00018	4.03501		
01:42:22	2000	850	2209	917	9	0.90653	1.00041	4.04512		
01:42:32	2000	900	2238	923	8	0.90705	1.00000	4.04603		
01:42:42	2000	900	2228	900	7	0.90481	0.99947	4.03286		
01:42:52	2000	850	2189	863	11	0.90096	0.99856	4.01020		
01:43:02	2000	850	2217	864	8	0.90107	0.99902	4.01256		
01:43:12	2000	850	2210	864	9	0.90105	0.99921	4.01324		
01:43:22	2000	850	2187	854	9	0.90003	0.99949	4.00934		
01:43:32	2000	850	2167	873	8	0.90203	0.99827	4.01431		
01:43:42	2000	850	2197	911	3	0.90591	0.99903	4.03650		
01:43:52	2000	850	2272	934	3	0.90813	0.99967	4.05004		
01:44:02	2000	850	2322	926	4	0.90734	1.00030	4.04867		
01:44:12	2000	900	2394	934	2	0.90818	1.00076	4.05470		
01:44:22	2000	900	2409	884	8	0.90324	1.00102	4.03135		
01:44:32	2000	900	2448	895	3	0.90437	1.00095	4.03663		
01:44:42	2000	900	2442	873	3	0.90208	1.00043	4.02325		
01:44:52	2000	850	2399	871	5	0.90179	1.00045	4.02190		
01:45:02	2000	850	2376	896	5	0.90438	0.99996	4.03272		
01:45:12	2000	850	2318	883	7	0.90312	1.00066	4.02929		
01:45:22	2000	850	2332	869	5	0.90167	0.99981	4.01870		
01:45:32	2000	850	2307	869	5	0.90159	1.00007	4.01935		
01:45:42	2000	850	2284	850	4	0.89956	1.00038	4.01059		
01:45:52	2000	850	2291	877	4	0.90247	1.00082	4.02672		
01:46:02	2000	850	2284	868	5	0.90156	1.00086	4.02238		
01:46:12	2000	850	2284	883	7	0.90307	1.00041	4.02803		
01:46:22	2000	850	2266	882	9	0.90301	1.00040	4.02770		
01:46:32	2000	850	2266	895	6	0.90438	1.00071	4.03571		
01:46:42	2000	850	2274	891	6	0.90397	1.00037	4.03235		
01:46:52	2000	850	2272	886	5	0.90345	1.00044	4.03003		
01:47:02	2000	850	2250	893	12	0.90417	1.00051	4.03386		
01:47:12	2000	850	2242	873	9	0.90207	1.00066	4.02410		
01:47:22	2000	850	2248	900	9	0.90488	1.00051	4.03737		
01:47:32	2000	850	2230	892	9	0.90403	0.99987	4.03060		
01:47:42	2000	850	2227	923	8	0.90714	0.99913	4.04295		
01:47:52	2000	850	2214	915	9	0.90633	0.99754	4.03252		
01:48:02	2000	850	2219	887	10	0.90351	0.99834	4.02190		
01:48:12	2000	900	2220	904	11	0.90521	0.99653	4.02295		
01:48:22	2000	900	2215	944	15	0.90909	0.99674	4.04291		
01:48:32	2000	900	2196	924	22	0.90721	0.99753	4.03684		
01:48:42	2000	900	2182	928	13	0.90761	0.99922	4.04566		
01:48:52	2000	900	2182	928	31	0.90756	0.99914	4.04506		
01:49:02	2000	900	2136	938	18	0.90854	0.99921	4.05018		
01:49:12	2000	900	2094	919	41	0.90668	0.99924	4.04115		
01:49:22	2000	900	2098	962	16	0.91069	0.99971	4.06283		
01:49:32	2000	900	2098	959	19	0.91043	0.99937	4.06015		
01:49:42	2000	900	2101	958	22	0.91029	0.99944	4.05976		
01:49:52	2000	900	2123	928	17	0.90758	0.99764	4.03908		
01:50:02	2000	900	2115	926	20	0.90737	0.99898	4.04349		
01:50:12	2000	900	2138	923	22	0.90708	0.99946	4.04402		
01:50:22	2000	900	2115	918	21	0.90661	0.99902	4.03991		
01:50:32	2000	900	2084	913	32	0.90608	0.99930	4.03842		
01:50:42	2000	900	2084	897	30	0.90451	0.99822	4.02634		
01:50:52	2000	900	2025	875	27	0.90228	0.99934	4.01986		
01:51:02	1900	900	2000	882	29	0.90304	0.99958	4.02453		
01:51:12	1900	900	1998	940	27	0.90871	0.99767	4.04481		
01:51:22	1900	900	1979	964	50	0.91087	0.99737	4.05422		
01:51:32	1900	900	1979	957	47	0.91021	0.99757	4.05178		
01:51:42	1900	900	1970	991	73	0.91317	0.99671	4.06286		
01:51:52	1900	900	1972	961	50	0.91064	0.99826	4.05669		
01:52:02	1900	900	1983	969	41	0.91127	0.99850	4.06075		
01:52:12	1900	950	1970	960	47	0.91048	0.99866	4.05752		
01:52:22	1900	950	1963	947	53	0.90931	0.99900	4.05315		
01:52:32	1900	950	1948	926	58	0.90736	0.99866	4.04215		
01:52:42	1900	900	1925	890	69	0.90387	0.99848	4.02420		
01:52:52	1900	900	1908	896	51	0.90448	0.99893	4.02903		
01:53:02	1800	900	1886	892	42	0.90401	0.99876	4.02602		
01:53:12	1800	900	1868	884	45	0.90324	0.99802	4.01926		
01:53:22	1800	850	1859	893	46	0.90409	0.99815	4.02396		
01:53:32	1800	850	1854	869	43	0.90164	0.99705	4.00747		
01:53:42	1800	850	1871	900	44	0.90480	0.99886	4.03033		
01:53:52	1800	850	1880	906	42	0.90548	0.99767	4.02886		
01:54:02	1800	850	1888	926	43	0.90735	0.99666	4.03402		
01:54:12	1800	900	1900	921	43	0.90692	0.99682	4.03254		
01:54:22	1900	900	1912	925	41	0.90729	0.99666	4.03369		
01:54:32	1900	900	1932	921	36	0.90686	0.99732	4.03426		
01:54:42	1900	900	1938	904	39	0.90520	0.99611	4.02121		
01:54:52	1900	900	1928	862	39	0.90087	0.99801	4.00752		
01:55:02	1900	900	1920	891	41	0.90389	0.99807	4.02266		
01:55:12	1900	850	1916	902	42	0.90504	0.99814	4.02860		
01:55:22	1900	850	1909	916	46	0.90640	0.99826	4.03578		
01:55:32	1900	850	1909	967	51	0.91116	0.99933	4.06362		
01:55:42	1900	900	1915	977	56	0.91197	0.99910	4.06666		
01:55:52	1900	900	1940	995	53	0.91352	0.99937	4.07539		
01:56:02	1900	950	1946	964	60	0.91082	0.99995	4.06446		
01:56:12	1900	950	1946	949	60	0.90955	0.99968	4.05710		
01:56:22	1900	950	1935	925	67	0.90732	0.99961	4.04578		
01:56:32	1900	950	1912	922	71	0.90698	0.99985	4.04508		
01:56:42	1800	900	1882	918	89	0.90665	0.99954	4.04219		
01:56:52	1800	900	1882	904	74	0.90527	0.99990	4.03684		
01:57:02	1800	900	1825	899	71	0.90478	0.99936	4.03223		
01:57:12	1700	850	1738	639	73	0.86871	0.99858	3.85127		
01:57:22	1700	850	1711	883	109	0.90312	0.99470	4.00529		
01:57:32	1700	850	1711	289	114	0.73222	0.99693	3.17313		
01:57:42	1500	750	1508	862	103	0.90089	0.99678	4.00272		
01:57:52	1400	700	1459	763	117	0.88879	0.99662	3.94251		
01:58:02	1400	700	1443	891	110	0.90389	0.99672	4.01721		
01:58:12	1400	700	1443	940	118	0.90869	0.99705	4.04217		
01:58:22	1500	750	1504	929	106	0.90768	0.99701	4.03706		
01:58:32	1600	850	1698	941	91	0.90876	0.99740	4.04396		
01:58:42	1600	850	1698	950	90	0.90957	0.99845	4.05219		
01:58:52	1700	900	1764	908	98	0.90562	0.99823	4.03183		
01:59:02	1700	900	1767	888	99	0.90362	0.99833	4.02238		
01:59:12	1700	900	1761	891	100	0.90393	0.99764	4.02115		
01:59:22	1700	900	1754	890	98	0.90379	0.99798	4.02179		
01:59:32	1700	900	1738	886	100	0.90338	0.99816	4.02049		
01:59:42	1700	850	1716	875	101	0.90222	0.99754	4.01231		
01:59:52	1700	850	1703	881	121	0.90290	0.99667	4.01217		
02:00:02	1600	850	1697	887	118	0.90353	0.99711	4.01701		
02:00:12	1600	850	1684	861	121	0.90078	0.99773	4.00599		
02:00:22	1600	850	1671	861	119	0.90070	0.99686	4.00208		
02:00:33	1600	850	1651	848	138	0.89927	0.99760	3.99800		
02:00:43	1600	850	1641	862	128	0.90082	0.99746	4.00510		
02:00:53	1600	850	1634	862	128	0.90082	0.99746	4.00510		
02:01:03	1600	850	1624	852	124	0.89973	0.99663	3.99639		
02:01:13	1600	850	1621	852	124	0.89973	0.99663	3.99639		
02:01:23	1600	850	1629	897	122	0.90455	0.99939	4.03126		
02:01:33	1600	850	1647	915	126	0.90636	0.99881	4.03783		
02:01:43	1600	850	1658	915	134	0.90633	0.99893	4.03817		
02:01:53	1600	850	1663	892	135	0.90399	0.99883	4.02624		
02:02:03	1600	850	1669	892	140	0.90400	0.99795	4.02270		
02:02:13	1600	900	1674	895	143	0.90435	0.99814	4.02521		
02:02:23	1600	900	1661	872	153	0.90192	0.99804	4.01282		
02:02:33	1600	850	1645	872	153	0.90192	0.99804	4.01282		
02:02:43	1600	850	1636	905	166	0.90535	0.99826	4.03063		
02:02:53	1600	850	1636	888	177	0.90357	0.99846	4.02268		
02:03:03	1600	850	1618	893	182	0.90414	0.99862	4.02612		
02:03:13	1600	850	1605	870	182	0.90169	0.99898	4.01546		
02:03:23	1500	850	1596	865	189	0.90116	0.99852	4.01101		
02:03:33	1500	850	1584	847	188	0.89915	0.99874	4.00197		
02:03:43	1500	850	1584	862	197	0.90089	0.99885	4.01103		
02:03:53	1500	850	1558	851	200	0.89970	0.99891	4.00537		
02:04:03	1500	850	1542	845	218	0.89891	0.99902	4.00195		
02:04:13	1500	800	1529	834	215	0.89770	0.99935	3.99730		
02:04:23	1500	800	1520	845	222	0.89899	0.99954	4.00443		
02:04:33	1500	800	1513	848	238	0.89936	0.99944	4.00582		
02:04:43	1500	800	1507	851	222	0.89959	0.99964	4.00779		
02:06:31	1500	800	1501	845	233	0.89896	0.99946	4.00393		
02:06:41	1400	800	1497	841	240	0.89853	0.99960	4.00239		
02:06:51	1400	800	1496	839	232	0.89826	0.99912	3.99911		
02:07:01	1400	800	1495	848	232	0.89925	0.99906	4.00377		
02:07:11	1400	800	1497	853	232	0.89982	0.99898	4.00624		
02:07:21	1400	800	1493	839	235	0.89833	0.99897	3.99885		
02:07:31	1400	800	1492	847	243	0.89914	0.99893	4.00272		
02:07:41	1400	800	1491	841	243	0.89853	0.99913	4.00048		
02:07:51	1400	800	1493	861	256	0.90071	0.99934	4.01207		
02:08:01	1400	800	1493	839	251	0.89830	0.99928	3.99996		
02:08:11	1400	800	1483	840	254	0.89834	0.99876	3.99810		
02:08:21	1400	800	1482	837	241	0.89805	0.99893	3.99734		
02:08:31	1400	800	1481	843	242	0.89869	0.99946	4.00262		
02:08:41	1400	800	1480	837	245	0.89808	0.99951	3.99978		
02:08:51	1400	800	1478	845	244	0.89899	0.99931	4.00349		
02:09:01	1400	800	1484	860	238	0.90063	0.99965	4.01294		
02:09:11	1400	800	1491	862	234	0.90082	0.99953	4.01341		
02:09:21	1400	800	1492	847	256	0.89916	0.99812	3.99955		
02:09:31	1400	800	1492	834	255	0.89765	0.99802	3.99171		
02:09:41	1400	800	1486	837	259	0.89803	0.99773	3.99245		
02:09:51	1400	800	1485	853	270	0.89988	0.99747	4.00050		
02:10:01	1400	800	1481	869	284	0.90159	0.99676	4.00607		
02:10:11	1400	850	1479	881	287	0.90284	0.99689	4.01273		
02:10:21	1400	850	1481	872	282	0.90192	0.99686	4.00809		
02:10:31	1400	850	1486	874	287	0.90211	0.99680	4.00878		
02:10:41	1400	850	1492	877	281	0.90246	0.99702	4.01139		
02:10:51	1400	850	1492	893	291	0.90417	0.99727	4.02083		
02:11:01	1500	850	1502	899	306	0.90472	0.99642	4.02010		
02:11:11	1400	850	1499	871	297	0.90184	0.99862	4.01476		
02:11:21	1500	850	1501	890	299	0.90387	0.99871	4.02514		
02:11:31	1500	850	1503	890	299	0.90387	0.99871	4.02514		
02:11:41	1400	850	1496	862	319	0.90089	0.99790	4.00721		
02:11:51	1400	850	1485	863	336	0.90098	0.99756	4.00629		
02:12:01	1400	850	1449	901	993	0.90499	0.99856	4.03004		
02:12:11	1400	850	1420	897	893	0.90450	0.99806	4.02565		
02:12:21	1300	850	1390	902	834	0.90502	0.99626	4.02094		
02:12:31	1300	850	1359	892	826	0.90399	0.99655	4.01704		
02:12:41	1300	850	1336	891	816	0.90397	0.99704	4.01892		
02:12:51	1300	850	1316	905	827	0.90531	0.99678	4.02445		
02:13:01	1300	850	1321	886	788	0.90336	0.99686	4.01518		
02:13:11	1300	850	1316	883	977	0.90309	0.99641	4.01205		
02:13:21	1300	850	1308	894	1019	0.90419	0.99627	4.01690		
02:13:31	1200	850	1300	872	988	0.90199	0.99603	4.00508		
02:13:41	1200	850	1293	882	969	0.90304	0.99690	4.01378		
02:13:51	1200	850	1287	882	893	0.90302	0.99866	4.02075		
02:14:01	1200	850	1279	879	989	0.90265	0.99876	4.01931		
02:14:11	1200	850	1281	876	890	0.90237	0.99889	4.01847		
02:14:21	1200	850	1283	883	893	0.90313	0.99822	4.01953		
02:14:31	1200	850	1283	882	886	0.90304	0.99963	4.02475		
02:14:41	1200	850	1288	874	919	0.90214	0.99927	4.01885		
02:14:51	1200	850	1281	865	1007	0.90114	0.99812	4.00929		
02:15:01	1200	850	1278	864	1016	0.90105	0.99765	4.00700		
02:15:11	1200	850	1275	881	1013	0.90285	0.99822	4.01815		
02:15:21	1200	850	1272	885	975	0.90326	0.99803	4.01938		
02:15:31	1200	850	1273	897	952	0.90455	0.99706	4.02185		
02:15:41	1200	850	1273	914	1043	0.90625	0.99709	4.03034		
02:15:51	1200	850	1279	892	1046	0.90405	0.99666	4.01777		
02:16:01	1200	850	1283	880	986	0.90280	0.99668	4.01169		
02:16:11	1200	850	1283	884	1010	0.90321	0.99649	4.01294		
02:16:21	1200	850	1282	895	1068	0.90434	0.99778	4.02371		
02:16:31	1200	850	1283	930	1097	0.90777	0.99807	4.04179		
02:16:41	1200	850	1283	934	1160	0.90816	0.99795	4.04323		
02:16:51	1200	900	1282	910	1189	0.90578	0.99868	4.03446		
02:17:01	1200	900	1283	911	1117	0.90594	0.99807	4.03276		
02:17:11	1200	900	1283	919	1221	0.90671	0.99877	4.03941		
02:17:21	1200	900	1283	938	1128	0.90852	0.99923	4.05020		
02:17:31	1200	900	1287	930	1154	0.90775	0.99889	4.04502		
02:17:41	1200	900	1288	930	1101	0.90778	0.99900	4.04560		
02:17:51	1200	900	1291	912	1070	0.90603	0.99928	4.03812		
02:18:01	1200	900	1299	954	1094	0.90996	0.99969	4.05917		
02:18:11	1300	900	1304	928	1080	0.90762	0.99975	4.04782		
02:18:21	1300	900	1304	938	1116	0.90853	0.99994	4.05311		
02:18:31	1300	900	1304	933	1173	0.90804	1.00000	4.05093		
02:18:41	1300	900	1303	933	1173	0.90804	1.00000	4.05093		
02:18:51	1300	900	1303	919	1103	0.90668	0.99979	4.04336		
02:19:01	1300	900	1302	940	1052	0.90870	1.00027	4.05526		
02:19:11	1300	900	1305	958	1133	0.91037	1.00005	4.06264		
02:19:21	1300	900	1305	949	1170	0.90949	0.99779	4.04912		
02:19:31	1300	900	1310	940	1060	0.90871	0.99989	4.05379		
02:19:41	1300	900	1316	937	963	0.90846	1.00026	4.05406		
02:19:51	1300	900	1318	910	1016	0.90583	1.00042	4.04169		
02:20:01	1300	900	1313	911	1056	0.90590	1.00042	4.04205		
02:20:11	1300	900	1306	895	1020	0.90428	1.00041	4.03403		
02:20:21	1300	900	1306	926	1180	0.90738	1.00038	4.04921		
02:20:31	1200	900	1297	914	1084	0.90622	1.00005	4.04213		
02:20:41	1200	900	1291	921	1075	0.90691	1.00010	4.04574		
02:20:51	1200	900	1293	926	1036	0.90737	0.99992	4.04728		
02:21:01	1200	900	1297	932	1035	0.90799	1.00016	4.05133		
02:21:11	1300	900	1309	965	1017	0.91094	1.00005	4.06544		
02:21:21	1300	900	1330	1032	1000	0.91646	0.99858	4.08669		
02:21:31	1300	900	1339	961	1038	0.91058	0.99828	4.05646		
02:21:41	1300	950	1346	961	1038	0.91058	0.99828	4.05646		
02:21:51	1300	950	1345	928	1101	0.90753	0.99835	4.04173		
02:22:01	1300	950	1346	959	1140	0.91045	0.99898	4.05870		
02:22:11	1300	950	1344	962	1056	0.91069	0.99972	4.06287		
02:22:21	1300	950	1324	963	1352	0.91081	0.99825	4.05747		
02:22:31	1300	950	1315	948	1307	0.90941	0.99854	4.05175		
02:22:41	1300	950	1309	945	1134	0.90913	0.99953	4.05442		
02:22:51	1300	900	1307	926	1179	0.90740	0.99956	4.04601		
02:23:01	1300	900	1302	915	1090	0.90634	0.99995	4.04235		
02:23:11	1200	900	1293	920	1120	0.90684	0.99984	4.04438		
02:23:21	1200	900	1292	924	1158	0.90723	0.99995	4.04675		
02:23:31	1200	900	1290	923	1253	0.90708	1.00030	4.04740		
02:23:41	1200	900	1284	895	1061	0.90435	0.99992	4.03238		
02:23:51	1200	900	1284	888	941	0.90358	1.00038	4.03043		
02:24:01	1200	900	1280	882	1042	0.90298	0.99975	4.02495		
02:24:11	1200	900	1281	873	840	0.90205	1.00034	4.02270		
02:24:21	1200	850	1287	893	819	0.90417	1.00063	4.03437		
02:24:31	1200	850	1295	893	819	0.90417	1.00063	4.03437		
02:24:41	1200	850	1300	886	862	0.90345	1.00056	4.03050		
02:24:51	1300	850	1301	915	1054	0.90633	1.00028	4.04360		
02:25:01	1300	850	1301	916	1036	0.90638	0.99996	4.04255		
02:25:11	1300	850	1307	925	987	0.90732	0.99979	4.04651		
02:25:21	1300	900	1311	908	871	0.90568	0.99793	4.03091		
02:25:31	1300	900	1304	882	956	0.90304	0.99728	4.01530		
02:25:41	1200	900	1297	884	1075	0.90322	0.99918	4.02384		
02:25:51	1200	850	1294	882	981	0.90302	0.99946	4.02398		
02:26:01	1200	850	1287	884	1113	0.90325	0.99984	4.02663		
02:26:11	1200	850	1278	867	975	0.90139	0.99981	4.01733		
02:26:21	1200	850	1268	883	1071	0.90311	1.00004	4.02676		
02:26:31	1200	850	1262	870	1055	0.90168	1.00001	4.01957		
02:26:41	1200	850	1266	912	1098	0.90603	1.00013	4.04155		
02:26:51	1200	850	1270	928	1112	0.90757	1.00051	4.05065		
02:27:01	1200	900	1283	960	1053	0.91048	1.00023	4.06390		
02:27:11	1200	900	1289	923	1084	0.90706	1.00018	4.04684		
02:27:21	1200	900	1290	905	1190	0.90537	1.00060	4.04017		
02:27:31	1200	900	1290	895	1249	0.90431	1.00079	4.03571		
02:27:41	1200	900	1279	878	1258	0.90256	1.00076	4.02692		
02:27:51	1200	900	1269	892	1308	0.90400	1.00091	4.03466		
02:28:01	1200	900	1259	920	1198	0.90683	1.00071	4.04781		
02:28:11	1200	900	1261	950	1155	0.90960	1.00074	4.06165		
02:28:21	1200	900	1267	924	1073	0.90720	1.00086	4.05027		
02:28:31	1200	900	1282	947	1010	0.90937	1.00066	4.06016		
02:28:41	1200	900	1299	929	941	0.90766	1.00081	4.05234		
02:28:51	1300	900	1310	940	1167	0.90865	1.00091	4.05765		
02:29:01	1300	900	1314	931	1093	0.90783	1.00071	4.05278		
02:29:11	1300	900	1308	919	1230	0.90674	1.00065	4.04716		
02:29:21	1300	900	1301	909	1226	0.90576	1.00087	4.04319		
02:29:31	1200	900	1286	906	1365	0.90548	1.00070	4.04112		
02:29:41	1200	900	1273	906	1268	0.90539	1.00076	4.04092		
02:29:51	1200	900	1271	894	968	0.90423	1.00093	4.03586		
02:30:01	1200	850	1260	869	1158	0.90165	1.00059	4.02177		
02:30:11	1200	850	1252	878	1277	0.90260	1.00065	4.02669		
02:30:21	1200	850	1249	895	1242	0.90431	1.00082	4.03583		
02:30:31	1200	850	1257	916	1103	0.90638	1.00081	4.04600		
02:30:41	1200	850	1266	922	1028	0.90697	1.00068	4.04840		
02:30:51	1200	850	1262	883	1064	0.90309	1.00076	4.02954		
02:31:01	1200	850	1276	908	882	0.90563	1.00096	4.04289		
02:31:11	1200	900	1292	908	882	0.90563	1.00096	4.04289		
02:31:21	1300	900	1309	926	847	0.90742	1.00080	4.05113		
02:31:31	1300	900	1321	928	791	0.90756	1.00002	4.04862		
02:31:41	1300	900	1328	932	860	0.90792	1.00028	4.05145		
02:31:51	1300	900	1342	924	846	0.90716	1.00053	4.04875		
02:32:01	1300	900	1346	910	784	0.90584	1.00070	4.04288		
02:32:11	1300	900	1346	890	860	0.90383	1.00072	4.03304		
02:32:21	1300	900	1335	885	905	0.90334	1.00049	4.02970		
02:32:31	1300	900	1329	904	842	0.90520	1.00028	4.03804		
02:32:41	1300	900	1328	935	902	0.90825	1.00068	4.05470		
02:32:51	1300	900	1332	964	925	0.91085	1.00039	4.06639		
02:33:01	1300	900	1329	928	934	0.90759	1.00076	4.05177		
02:33:11	1300	900	1344	961	772	0.91057	1.00074	4.06644		
02:33:21	1300	900	1365	958	701	0.91035	1.00102	4.06646		
02:33:31	1300	900	1376	950	752	0.90962	1.00094	4.06252		
02:33:41	1300	900	1384	929	681	0.90763	1.00082	4.05222		
02:33:51	1300	900	1372	915	1055	0.90633	1.00085	4.04590		
02:34:01	1300	900	1365	894	967	0.90419	1.00073	4.03486		
02:34:11	1300	900	1345	887	986	0.90350	1.00014	4.02907		
02:34:21	1300	900	1325	891	928	0.90393	1.00068	4.03338		
02:34:31	1300	900	1313	901	851	0.90491	1.00080	4.03870		
02:34:41	1300	850	1301	894	821	0.90427	1.00100	4.03636		
02:34:51	1300	850	1305	885	791	0.90327	1.00049	4.02934		
02:35:01	1300	850	1312	901	795	0.90492	1.00053	4.03766		
02:35:11	1300	850	1325	924	804	0.90717	1.00097	4.05054		
02:35:21	1300	850	1339	950	810	0.90961	1.00077	4.06181		
02:35:31	1300	900	1346	942	847	0.90889	1.00080	4.05837		
02:35:41	1300	900	1353	938	823	0.90850	0.99958	4.05149		
02:35:51	1300	900	1361	931	776	0.90789	0.99932	4.04741		
02:36:01	1300	900	1371	936	709	0.90832	0.99920	4.04908		
02:36:11	1300	900	1371	944	744	0.90906	0.99860	4.05027		
02:36:21	1300	900	1377	937	741	0.90844	0.99899	4.04880		
02:36:31	1300	900	1377	913	730	0.90614	1.00061	4.04401		
02:36:41	1300	900	1378	915	725	0.90636	1.00060	4.04505		
02:36:51	1300	900	1375	910	752	0.90579	1.00011	4.04028		
02:37:01	1300	900	1373	943	781	0.90896	1.00073	4.05841		
02:37:11	1300	900	1369	923	758	0.90711	1.00074	4.04931		
02:37:21	1300	900	1368	928	713	0.90755	1.00075	4.05157		
02:37:31	1300	900	1369	911	711	0.90598	1.00063	4.04328		
02:37:41	1300	900	1372	927	696	0.90752	1.00088	4.05193		
02:37:51	1300	900	1384	958	668	0.91034	1.00074	4.06528		
02:38:01	1300	900	1384	945	666	0.90911	1.00063	4.05878		
02:38:11	1300	900	1390	955	658	0.91002	1.00047	4.06262		
02:38:21	1400	900	1408	974	712	0.91171	1.00010	4.06946		
02:38:31	1400	950	1418	974	712	0.91171	1.00010	4.06946		
02:38:41	1400	950	1424	967	718	0.91108	1.00075	4.06901		
02:38:51	1400	950	1420	965	776	0.91092	1.00057	4.06746		
02:39:01	1400	950	1422	959	686	0.91039	1.00069	4.06531		
02:39:11	1400	950	1420	967	733	0.91110	1.00080	4.06931		
02:39:21	1400	950	1417	974	790	0.91171	1.00085	4.07250		
02:39:31	1400	950	1411	969	825	0.91127	1.00080	4.07012		
02:39:41	1400	950	1405	960	824	0.91050	1.00086	4.06658		
02:39:51	1400	950	1402	951	813	0.90973	1.00071	4.06215		
02:40:01	1300	950	1395	954	829	0.90998	1.00068	4.06328		
02:40:11	1300	950	1392	972	810	0.91154	1.00054	4.07039		
02:40:21	1300	950	1389	974	879	0.91174	1.00092	4.07294		
02:40:31	1300	950	1390	980	834	0.91224	1.00042	4.07335		
02:40:41	1300	950	1390	964	848	0.91085	1.00066	4.06748		
02:40:51	1300	950	1397	986	786	0.91280	1.00075	4.07748		
02:41:01	1300	950	1383	956	1275	0.91011	1.00098	4.06513		
02:41:11	1300	950	1383	977	1268	0.91197	1.00082	4.07369		
02:41:21	1300	950	1364	1021	1290	0.91563	1.00061	4.09089		
02:41:31	1300	950	1357	1026	1275	0.91599	1.00057	4.09250		
02:41:41	1300	950	1351	1006	1260	0.91439	1.00033	4.08361		
02:41:51	1300	950	1334	987	1307	0.91284	1.00052	4.07673		
02:42:01	1300	1000	1340	992	1280	0.91329	1.00050	4.07887		
02:42:11	1300	1000	1340	989	1308	0.91303	1.00062	4.07810		
02:42:21	1300	950	1333	976	1308	0.91188	1.00063	4.07247		
02:42:31	1300	950	1325	975	1325	0.91183	1.00071	4.07251		
02:42:41	1300	950	1322	994	1280	0.91340	1.00033	4.07872		
02:42:51	1300	950	1324	994	1280	0.91340	1.00033	4.07872		
02:43:01	1300	950	1321	973	1288	0.91163	1.00086	4.07217		
02:43:11	1300	950	1316	961	1309	0.91061	1.00081	4.06691		
02:43:21	1300	950	1314	955	1284	0.91006	1.00010	4.06131		
02:43:31	1300	950	1312	959	1274	0.91039	0.99984	4.06187		
02:43:41	1300	950	1308	962	1275	0.91069	1.00040	4.06563		
02:43:51	1300	950	1301	953	1303	0.90989	1.00043	4.06180		
02:44:01	1200	950	1297	946	1308	0.90925	1.00062	4.05941		
02:44:11	1200	950	1295	952	1314	0.90977	1.00078	4.06264		
02:44:21	1200	950	1293	942	1302	0.90884	1.00046	4.05672		
02:44:31	1200	900	1289	937	1305	0.90843	1.00068	4.05559		
02:44:41	1200	900	1284	942	1329	0.90885	1.00014	4.05548		
02:44:51	1200	900	1283	949	1325	0.90955	1.00015	4.05898		
02:45:01	1200	900	1285	961	1318	0.91064	1.00031	4.06504		
02:45:11	1200	900	1285	957	1328	0.91022	1.00062	4.06421		
02:45:21	1200	900	1293	998	1355	0.91375	1.00094	4.08294		
02:45:31	1300	950	1301	995	1338	0.91350	1.00086	4.08140		
02:45:41	1300	950	1305	972	1324	0.91160	1.00076	4.07160		
02:45:51	1300	950	1308	971	1331	0.91145	1.00063	4.07032		
02:46:01	1300	950	1311	977	1317	0.91203	0.99987	4.07011		
02:46:11	1300	950	1314	968	1262	0.91124	0.99936	4.06412		
02:46:21	1300	950	1314	978	1310	0.91212	0.99918	4.06773		
02:46:31	1300	950	1311	978	1299	0.91205	0.99878	4.06575		
02:46:41	1300	950	1316	1000	1296	0.91390	0.99866	4.07440		
02:46:51	1300	950	1321	1003	1334	0.91417	0.99892	4.07677		
02:47:01	1300	950	1324	1003	1342	0.91419	1.00024	4.08225		
02:47:11	1300	950	1324	1003	1339	0.91417	1.00044	4.08300		
02:47:21	1300	950	1330	1006	1334	0.91446	1.00033	4.08396		
02:47:31	1300	1000	1333	1002	1327	0.91413	0.99878	4.07601		
02:47:41	1300	1000	1334	1007	1323	0.91450	1.00011	4.08327		
02:47:51	1300	1000	1332	990	1334	0.91307	1.00013	4.07629		
02:48:01	1300	1000	1330	986	1313	0.91277	1.00035	4.07572		
02:48:11	1300	950	1328	986	1313	0.91277	1.00035	4.07572		
02:48:21	1300	950	1325	978	1301	0.91210	1.00075	4.07401		
02:48:31	1300	950	1322	981	1301	0.91235	1.00054	4.07440		
02:48:41	1300	950	1321	998	1309	0.91376	1.00048	4.08114		
02:48:51	1300	950	1323	1004	1347	0.91429	1.00034	4.08316		
02:49:01	1300	950	1324	990	1312	0.91312	1.00066	4.07870		
02:49:11	1300	950	1324	985	1296	0.91269	1.00051	4.07596		
02:49:21	1300	950	1323	979	1327	0.91214	1.00062	4.07371		
02:49:31	1300	950	1320	965	1332	0.91099	1.00083	4.06885		
02:49:41	1300	950	1320	959	1334	0.91040	1.00056	4.06485		
02:49:51	1300	950	1305	955	1408	0.91011	1.00070	4.06398		
02:50:01	1200	950	1299	962	1398	0.91069	1.00023	4.06496		
02:50:11	1200	950	1293	956	1349	0.91014	1.00088	4.06488		
02:50:21	1200	950	1288	951	1364	0.90969	1.00103	4.06326		
02:50:31	1200	950	1283	935	1376	0.90827	1.00089	4.05565		
02:50:41	1200	950	1287	936	1036	0.90832	1.00069	4.05511		
02:50:51	1200	900	1295	947	1059	0.90934	1.00093	4.06114		
02:51:01	1300	900	1302	945	1038	0.90920	1.00096	4.06053		
02:51:11	1300	900	1309	933	973	0.90807	1.00109	4.05551		
02:51:21	1300	900	1316	933	973	0.90807	1.00109	4.05551		
02:51:31	1300	900	1314	921	1401	0.90689	1.00098	4.04923		
02:51:41	1300	900	1302	921	1398	0.90692	1.00108	4.04976		
02:51:51	1200	900	1289	923	1449	0.90708	1.00091	4.04989		
02:52:01	1200	900	1274	921	1461	0.90691	1.00094	4.04913		
02:52:11	1200	900	1257	900	1448	0.90481	1.00075	4.03803		
02:52:21	1200	900	1239	895	1466	0.90435	1.00081	4.03600		
02:52:31	1200	900	1232	891	1475	0.90390	0.99905	4.02666		
02:52:41	1200	900	1226	894	1505	0.90425	0.99834	4.02553		
02:52:51	1200	900	1223	911	1519	0.90591	0.99988	4.03995		


			DELHI AIRPORT : 30 m Base line


Time	RVR	 MOR	RVR	MOR	BLM	Trf	 Ref(v)	PD(v)
	(limited)	(limited)	(actual)	(actual)

02:53:20	1200	950	204	955	1477	0.91008	1.00016	4.06164		
02:53:30	1300	950	633	985	1447	0.91272	0.99982	4.07328		
02:53:40	1300	1000	854	1031	1553	0.91644	0.99818	4.08494		
02:53:50	1300	1000	1076	1025	1480	0.91593	0.99777	4.08077		
02:54:00	1300	1000	1296	1014	1494	0.91504	0.99781	4.07656		
02:54:10	1300	1000	1312	1031	1594	0.91638	1.00045	4.09396		
02:54:20	1300	1000	1321	1022	1516	0.91570	1.00043	4.09051		


			DELHI AIRPORT : 30 m Base line


Time	RVR	 MOR	RVR	MOR	BLM	Trf	 Ref(v)	PD(v)
	(limited)	(limited)	(actual)	(actual)

02:54:46	1200	900	220	943	1588	0.90901	0.99876	4.05067		
02:54:56	1200	900	638	941	1493	0.90882	0.99766	4.04530		
02:55:06	1200	950	852	979	1517	0.91220	0.99848	4.06527		
02:55:16	1200	950	1063	957	1535	0.91021	0.99862	4.05603		
02:55:26	1200	950	1274	954	1499	0.90997	0.99852	4.05444		
02:55:36	1200	950	1269	982	1483	0.91244	0.99862	4.06701		
02:55:46	1200	950	1276	986	1548	0.91278	0.99893	4.06998		
02:55:56	1200	950	1281	988	1566	0.91290	0.99891	4.07046		
02:56:06	1200	950	1282	987	1541	0.91289	0.99840	4.06833		
02:56:16	1200	950	1286	987	1543	0.91283	0.99931	4.07177		
02:56:26	1200	950	1290	985	1536	0.91265	1.00002	4.07379		
02:56:36	1200	950	1290	986	1550	0.91279	1.00043	4.07614		
02:56:46	1200	950	1287	975	1584	0.91183	1.00024	4.07060		
02:56:56	1200	950	1288	990	1520	0.91310	0.99889	4.07138		
02:57:06	1200	950	1290	995	1524	0.91353	0.99874	4.07290		
02:57:16	1200	950	1290	997	1568	0.91370	0.99956	4.07710		
02:57:26	1200	950	1297	1043	1600	0.91730	1.00011	4.09708		
02:57:36	1200	950	1297	1023	1585	0.91581	1.00025	4.09033		
02:57:46	1300	1000	1305	1003	1652	0.91422	0.99867	4.07599		
02:57:56	1300	1000	1306	1010	1601	0.91477	0.99818	4.07672		
02:58:06	1300	1000	1306	1033	1600	0.91659	0.99992	4.09280		
02:58:16	1300	1000	1310	1033	1600	0.91659	0.99992	4.09280		
02:58:26	1300	1000	1316	1054	1611	0.91812	0.99947	4.09854		
02:58:36	1300	1000	1318	1042	1600	0.91724	0.99968	4.09504		
02:58:46	1300	1000	1318	1037	1643	0.91689	1.00014	4.09521		
02:58:56	1300	1000	1328	1052	1624	0.91804	1.00048	4.10227		
02:59:06	1300	1000	1330	1052	1624	0.91804	1.00048	4.10227		
02:59:16	1300	1000	1335	1074	1648	0.91962	1.00041	4.10980		
02:59:26	1300	1050	1335	1074	1655	0.91963	1.00055	4.11042		
02:59:36	1300	1050	1342	1078	1611	0.91994	0.99867	4.10420		
02:59:46	1300	1050	1342	1069	1684	0.91928	0.99841	4.09990		
02:59:56	1300	1050	1348	1071	1633	0.91941	0.99790	4.09845		
03:00:06	1300	1050	1351	1086	1674	0.92046	0.99807	4.10430		
03:00:16	1300	1050	1353	1083	1628	0.92022	0.99929	4.10816		
03:00:26	1300	1050	1354	1081	1639	0.92013	0.99978	4.10970		
03:00:36	1300	1050	1356	1092	1619	0.92089	1.00000	4.11439		
03:00:46	1300	1050	1358	1077	1606	0.91982	0.99986	4.10851		
03:00:56	1300	1050	1359	1067	1608	0.91915	0.99932	4.10297		
03:01:06	1300	1050	1358	1067	1608	0.91915	0.99932	4.10297		
03:01:16	1300	1050	1355	1062	1632	0.91875	0.99961	4.10222		
03:01:26	1300	1050	1352	1062	1646	0.91877	0.99910	4.10021		
03:01:36	1300	1050	1349	1068	1606	0.91921	0.99927	4.10309		
03:01:46	1300	1050	1349	1093	1616	0.92094	0.99990	4.11421		
03:01:56	1300	1050	1352	1079	1607	0.91999	1.00008	4.11025		
03:02:06	1300	1050	1352	1069	1606	0.91926	1.00012	4.10679		
03:02:16	1300	1050	1355	1068	1573	0.91921	0.99960	4.10445		
03:02:26	1300	1050	1358	1074	1583	0.91960	0.99989	4.10756		
03:02:36	1300	1050	1360	1087	1605	0.92055	1.00010	4.11310		
03:02:46	1300	1050	1360	1096	1655	0.92119	1.00014	4.11644		
03:02:56	1300	1050	1360	1083	1634	0.92028	1.00001	4.11141		
03:03:06	1300	1050	1363	1094	1608	0.92100	0.99927	4.11191		
03:03:16	1300	1050	1364	1091	1659	0.92082	0.99970	4.11279		
03:03:26	1300	1050	1364	1090	1636	0.92077	0.99990	4.11338		
03:03:36	1300	1050	1366	1096	1654	0.92118	0.99980	4.11500		
03:03:46	1300	1050	1366	1103	1669	0.92163	0.99947	4.11582		
03:03:56	1300	1050	1368	1097	1667	0.92126	0.99948	4.11407		
03:04:06	1300	1050	1368	1078	1651	0.91989	0.99669	4.09583		
03:04:16	1300	1050	1364	1085	1675	0.92040	0.99768	4.10243		
03:04:26	1300	1050	1362	1084	1685	0.92031	0.99644	4.09685		
03:04:36	1300	1050	1361	1097	1695	0.92122	0.99752	4.10580		
03:04:46	1300	1050	1361	1104	1686	0.92173	0.99621	4.10291		
03:04:56	1300	1050	1362	1112	1692	0.92223	0.99756	4.11093		
03:05:06	1300	1050	1367	1116	1686	0.92252	0.99702	4.11015		
03:05:16	1300	1100	1371	1119	1704	0.92275	0.99691	4.11079		
03:05:26	1300	1100	1373	1104	1682	0.92171	0.99784	4.10954		
03:05:36	1300	1100	1372	1092	1733	0.92087	0.99767	4.10470		
03:05:46	1300	1100	1372	1111	1711	0.92215	0.99855	4.11463		
03:05:56	1300	1100	1371	1104	1704	0.92169	0.99833	4.11142		
03:06:06	1300	1100	1369	1108	1724	0.92199	0.99831	4.11286		
03:06:16	1300	1100	1367	1109	1752	0.92203	0.99845	4.11361		
03:06:26	1300	1100	1367	1109	1752	0.92203	0.99845	4.11361		
03:06:36	1300	1100	1367	1096	1691	0.92113	0.99847	4.10928		
03:06:46	1300	1100	1367	1103	1712	0.92166	0.99896	4.11390		
03:06:56	1300	1100	1365	1093	1697	0.92093	0.99867	4.10909		
03:07:06	1300	1050	1363	1091	1713	0.92080	0.99819	4.10648		
03:07:16	1300	1100	1365	1117	1698	0.92256	0.99815	4.11499		
03:07:26	1300	1100	1365	1133	1713	0.92362	0.99659	4.11379		
03:07:36	1300	1100	1373	1138	1753	0.92399	0.99887	4.12499		
03:07:46	1300	1100	1377	1126	1696	0.92315	0.99934	4.12282		
03:07:56	1300	1100	1379	1122	1757	0.92295	0.99993	4.12425		
03:08:06	1300	1100	1384	1132	1731	0.92356	0.99979	4.12667		
03:08:16	1300	1100	1384	1132	1731	0.92356	0.99979	4.12667		
03:08:26	1300	1100	1388	1153	1751	0.92493	0.99969	4.13303		
03:08:36	1300	1100	1387	1133	1742	0.92367	0.99936	4.12544		
03:08:46	1300	1100	1387	1135	1739	0.92378	0.99916	4.12517		
03:08:56	1300	1100	1388	1126	1770	0.92316	0.99935	4.12287		
03:09:06	1300	1100	1389	1143	1756	0.92426	0.99977	4.13005		
03:09:16	1300	1100	1389	1140	1764	0.92412	0.99958	4.12857		
03:09:26	1300	1100	1389	1135	1758	0.92374	0.99981	4.12765		
03:09:36	1300	1100	1387	1138	1743	0.92396	0.99978	4.12861		
03:09:46	1300	1100	1385	1126	1801	0.92316	0.99973	4.12444		
03:09:56	1300	1100	1385	1128	1782	0.92334	0.99964	4.12498		
03:10:06	1300	1100	1384	1138	1766	0.92394	0.99919	4.12606		
03:10:16	1300	1100	1384	1140	1767	0.92409	0.99862	4.12449		
03:10:26	1300	1100	1384	1136	1779	0.92386	0.99821	4.12165		
03:10:36	1300	1100	1381	1124	1785	0.92303	0.99762	4.11513		
03:10:46	1300	1100	1381	1124	1785	0.92303	0.99762	4.11513		
03:10:56	1300	1100	1382	1139	1794	0.92402	0.99926	4.12676		
03:11:06	1300	1100	1382	1131	1752	0.92349	0.99956	4.12539		
03:11:16	1300	1100	1381	1131	1786	0.92354	0.99755	4.11734		
03:11:26	1300	1100	1378	1118	1765	0.92267	0.99679	4.10993		
03:11:36	1300	1100	1378	1128	1791	0.92333	0.99662	4.11246		
03:11:46	1300	1100	1382	1145	1747	0.92443	0.99694	4.11918		
03:11:56	1300	1100	1382	1139	1769	0.92405	0.99705	4.11778		
03:12:06	1300	1100	1383	1141	1790	0.92417	0.99692	4.11784		
03:12:16	1300	1100	1385	1145	1752	0.92438	0.99658	4.11748		
03:12:26	1300	1100	1385	1110	1751	0.92209	0.99620	4.10462		
03:12:36	1300	1100	1387	1144	1761	0.92432	0.99647	4.11672		
03:12:46	1300	1100	1386	1138	1769	0.92397	0.99671	4.11601		
03:12:56	1300	1100	1386	1142	1805	0.92419	0.99701	4.11829		
03:13:06	1300	1100	1386	1142	1787	0.92424	0.99705	4.11870		
03:13:16	1300	1100	1383	1137	1844	0.92389	0.99708	4.11713		
03:13:26	1300	1100	1388	1155	1805	0.92501	0.99402	4.10996		
03:13:36	1300	1100	1390	1168	1779	0.92583	0.99635	4.12366		
03:13:46	1300	1100	1390	1169	1769	0.92588	0.99651	4.12455		
03:13:56	1300	1150	1399	1168	1764	0.92586	0.99673	4.12537		
03:14:06	1300	1150	1399	1162	1795	0.92547	0.99711	4.12503		
03:14:16	1400	1150	1404	1151	1768	0.92476	0.99642	4.11870		
03:14:26	1400	1150	1406	1163	1774	0.92551	0.99626	4.12169		
03:14:36	1400	1150	1406	1168	1770	0.92581	0.99620	4.12293		
03:14:46	1400	1150	1404	1159	1829	0.92528	0.99642	4.12125		
03:14:56	1400	1150	1402	1164	1787	0.92558	0.99632	4.12232		
03:15:06	1400	1150	1402	1159	1803	0.92527	0.99589	4.11901		
03:15:16	1400	1150	1402	1171	1773	0.92604	0.99615	4.12385		
03:15:26	1400	1150	1406	1174	1768	0.92620	0.99641	4.12571		
03:15:36	1400	1150	1406	1171	1770	0.92603	0.99640	4.12485		
03:15:46	1400	1150	1407	1181	1782	0.92663	0.99777	4.13346		
03:15:56	1400	1150	1413	1186	1792	0.92691	0.99722	4.13257		
03:16:06	1400	1150	1416	1171	1770	0.92602	0.99824	4.13239		
03:16:16	1400	1150	1418	1191	1798	0.92721	0.99872	4.14025		
03:16:26	1400	1150	1418	1183	1795	0.92675	0.99790	4.13458		
03:16:36	1400	1150	1418	1176	1784	0.92630	0.99660	4.12699		
03:16:46	1400	1150	1417	1174	1791	0.92621	0.99667	4.12683		
03:16:56	1400	1150	1417	1179	1798	0.92648	0.99845	4.13553		
03:17:06	1400	1150	1418	1188	1790	0.92706	0.99826	4.13760		
03:17:16	1400	1150	1418	1188	1779	0.92702	0.99868	4.13918		
03:17:26	1400	1150	1418	1180	1767	0.92654	0.99885	4.13749		
03:17:36	1400	1150	1418	1188	1815	0.92706	0.99857	4.13889		
03:17:46	1400	1150	1420	1189	1829	0.92708	0.99877	4.13983		
03:17:56	1400	1150	1421	1184	1808	0.92682	0.99909	4.13986		
03:18:06	1400	1150	1421	1191	1799	0.92721	0.99871	4.14023		
03:18:16	1400	1150	1418	1171	1818	0.92600	0.99855	4.13361		
03:18:26	1400	1150	1418	1202	1822	0.92789	0.99873	4.14364		
03:18:36	1400	1150	1421	1200	1838	0.92777	0.99902	4.14427		
03:18:46	1400	1150	1421	1192	1845	0.92727	0.99840	4.13925		
03:18:56	1400	1150	1420	1181	1847	0.92664	0.99711	4.13078		
03:19:06	1400	1150	1418	1189	1858	0.92713	0.99838	4.13844		
03:19:16	1400	1150	1422	1205	1852	0.92800	0.99825	4.14223		
03:19:26	1400	1150	1422	1210	1858	0.92834	0.99825	4.14386		
03:19:36	1400	1150	1422	1186	1858	0.92690	0.99750	4.13369		
03:19:46	1400	1150	1420	1195	1821	0.92747	0.99673	4.13330		
03:19:56	1400	1150	1423	1198	1834	0.92762	0.99730	4.13640		
03:20:06	1400	1150	1425	1202	1848	0.92784	0.99860	4.14285		
03:20:16	1400	1150	1425	1186	1849	0.92692	0.99727	4.13283		
03:20:26	1400	1150	1417	1178	1926	0.92643	0.99823	4.13440		
03:20:36	1400	1150	1417	1188	1936	0.92705	0.99831	4.13778		
03:20:46	1400	1150	1415	1197	1869	0.92757	0.99725	4.13593		
03:20:56	1400	1150	1417	1212	1842	0.92844	0.99740	4.14087		
03:21:06	1400	1150	1416	1201	1880	0.92782	0.99693	4.13585		
03:21:16	1400	1150	1416	1210	1843	0.92832	0.99687	4.13808		
03:21:26	1400	1200	1423	1198	1896	0.92760	0.99817	4.13991		
03:21:36	1400	1200	1425	1195	1868	0.92748	0.99804	4.13875		
03:21:46	1400	1200	1425	1200	1883	0.92773	0.99912	4.14451		
03:21:56	1400	1200	1424	1210	1874	0.92830	0.99933	4.14815		
03:22:06	1400	1200	1424	1199	1874	0.92769	0.99803	4.13979		
03:22:16	1400	1200	1423	1209	1891	0.92825	0.99712	4.13875		
03:22:26	1400	1200	1423	1196	1885	0.92753	0.99826	4.13991		
03:22:36	1400	1200	1423	1212	1954	0.92844	0.99851	4.14544		
03:22:46	1400	1200	1425	1215	1885	0.92858	0.99846	4.14592		
03:22:56	1400	1200	1425	1218	1894	0.92877	0.99817	4.14566		
03:23:06	1400	1200	1427	1216	1905	0.92865	0.99645	4.13796		
03:23:16	1400	1200	1429	1228	1898	0.92931	0.99720	4.14430		
03:23:26	1400	1200	1429	1219	1905	0.92885	0.99621	4.13794		
03:23:36	1400	1200	1433	1210	1880	0.92830	0.99629	4.13555		
03:23:46	1400	1200	1431	1208	1937	0.92818	0.99596	4.13359		
03:23:56	1400	1200	1430	1220	1958	0.92888	0.99541	4.13476		
03:24:06	1400	1200	1429	1215	1957	0.92860	0.99617	4.13652		
03:24:16	1400	1200	1429	1209	1953	0.92828	0.99606	4.13450		
03:24:26	1400	1200	1423	1209	1935	0.92826	0.99685	4.13766		
03:24:36	1400	1200	1424	1222	1934	0.92901	0.99677	4.14105		
03:24:46	1400	1200	1426	1221	1940	0.92896	0.99657	4.13997		
03:24:56	1400	1200	1428	1230	1916	0.92946	0.99550	4.13798		
03:25:06	1400	1200	1430	1223	1912	0.92908	0.99587	4.13764		
03:25:16	1400	1200	1433	1230	1914	0.92944	0.99590	4.13955		
03:25:26	1400	1200	1438	1244	1907	0.93022	0.99605	4.14401		
03:25:36	1400	1200	1440	1232	1903	0.92954	0.99618	4.14118		
03:25:46	1400	1200	1442	1236	1927	0.92978	0.99573	4.14049		
03:25:56	1400	1200	1440	1217	1933	0.92874	0.99633	4.13790		
03:26:06	1400	1200	1440	1233	1935	0.92961	0.99704	4.14511		
03:26:16	1400	1200	1441	1218	1945	0.92879	0.99748	4.14288		
03:26:26	1400	1200	1437	1236	1959	0.92980	0.99708	4.14620		
03:26:36	1400	1200	1437	1247	1961	0.93037	0.99604	4.14469		
03:26:46	1400	1200	1440	1265	1953	0.93130	0.99763	4.15589		
03:26:56	1400	1200	1445	1261	1955	0.93111	0.99777	4.15552		
03:27:06	1400	1200	1445	1265	1961	0.93135	0.99797	4.15753		
03:27:16	1400	1200	1453	1255	1953	0.93080	0.99733	4.15220		
03:27:26	1400	1200	1458	1274	1964	0.93182	0.99838	4.16156		
03:27:36	1400	1200	1462	1278	1940	0.93200	0.99788	4.16038		
03:27:46	1400	1200	1466	1303	1948	0.93325	0.99784	4.16636		
03:27:56	1400	1200	1471	1292	1936	0.93272	0.99740	4.16192		
03:28:06	1400	1200	1471	1260	1922	0.93105	0.99753	4.15423		
03:28:16	1400	1200	1477	1302	1932	0.93322	0.99716	4.16336		
03:28:26	1400	1200	1477	1285	1934	0.93234	0.99775	4.16153		
03:28:36	1400	1200	1481	1299	1932	0.93308	0.99767	4.16482		
03:28:46	1400	1200	1482	1305	1923	0.93338	0.99727	4.16461		
03:28:56	1400	1200	1482	1315	1925	0.93383	0.99770	4.16864		
03:29:06	1400	1200	1493	1322	1907	0.93420	0.99766	4.17031		
03:29:16	1400	1300	1492	1291	1924	0.93265	0.99701	4.15995		
03:29:26	1400	1300	1494	1298	1937	0.93300	0.99619	4.15827		
03:29:36	1400	1300	1492	1294	1964	0.93281	0.99566	4.15509		
03:29:46	1400	1200	1489	1285	1964	0.93234	0.99648	4.15621		
03:29:56	1400	1200	1485	1291	1963	0.93264	0.99710	4.16030		
03:30:06	1400	1200	1482	1304	1974	0.93332	0.99750	4.16531		
03:30:16	1400	1200	1483	1309	1967	0.93358	0.99783	4.16793		
03:30:26	1400	1200	1482	1300	1973	0.93309	0.99805	4.16646		
03:30:36	1400	1200	1483	1304	1977	0.93332	0.99853	4.16958		
03:30:46	1400	1300	1485	1298	1975	0.93300	0.99854	4.16805		
03:30:56	1400	1300	1492	1350	1969	0.93549	0.99824	4.17909		
03:31:06	1400	1300	1495	1336	1977	0.93483	0.99827	4.17597		
03:31:16	1400	1300	1495	1337	1971	0.93489	0.99848	4.17713		
03:31:26	1500	1300	1503	1335	1977	0.93482	0.99835	4.17623		
03:31:36	1500	1300	1504	1314	1963	0.93378	0.99857	4.17202		
03:31:46	1500	1300	1509	1337	1975	0.93492	0.99853	4.17748		
03:31:56	1500	1300	1507	1337	1983	0.93489	0.99852	4.17727		
03:32:06	1500	1300	1503	1308	1992	0.93349	0.99850	4.17029		
03:32:16	1400	1300	1499	1304	1982	0.93332	0.99823	4.16833		
03:32:26	1400	1300	1498	1327	1972	0.93445	0.99612	4.16507		
03:32:36	1500	1300	1502	1348	1971	0.93543	0.99613	4.16994		
03:32:46	1500	1300	1501	1328	1965	0.93446	0.99716	4.16948		
03:32:57	1500	1300	1501	1323	1955	0.93424	0.99612	4.16407		
03:33:07	1500	1300	1502	1313	1952	0.93375	0.99631	4.16243		
03:33:17	1500	1300	1502	1320	1949	0.93409	0.99622	4.16376		
03:33:27	1500	1300	1508	1355	1947	0.93576	0.99576	4.17002		
03:33:37	1500	1300	1508	1345	1960	0.93527	0.99747	4.17479		
03:33:47	1500	1300	1508	1389	1948	0.93724	0.99672	4.18133		
03:33:57	1500	1300	1521	1369	1957	0.93638	0.99617	4.17478		
03:34:07	1500	1300	1528	1380	1999	0.93686	0.99686	4.18003		
03:34:17	1500	1300	1531	1354	1999	0.93570	0.99755	4.17721		
03:34:27	1500	1300	1531	1373	2010	0.93656	0.99750	4.18125		
03:34:37	1500	1300	1534	1370	2010	0.93641	0.99791	4.18223		
03:34:47	1500	1300	1533	1391	2007	0.93736	0.99822	4.18820		
03:34:57	1500	1300	1533	1384	2044	0.93704	0.99841	4.18744		
03:35:07	1500	1300	1533	1362	2017	0.93606	0.99812	4.18140		
03:35:17	1500	1300	1527	1327	1991	0.93444	0.99790	4.17249		
03:35:27	1500	1300	1527	1370	1997	0.93642	0.99823	4.18362		
03:35:37	1500	1300	1529	1383	1990	0.93699	0.99827	4.18659		
03:35:47	1500	1300	1527	1371	1986	0.93647	0.99845	4.18477		
03:35:57	1500	1300	1526	1357	1965	0.93581	0.99842	4.18139		
03:36:07	1500	1300	1526	1364	1991	0.93616	0.99764	4.17989		
03:36:17	1500	1300	1536	1421	2050	0.93864	0.99689	4.18892		
03:36:27	1500	1300	1536	1392	1973	0.93738	0.99708	4.18352		
03:36:37	1500	1300	1539	1375	1952	0.93665	0.99833	4.18516		
03:36:47	1500	1300	1543	1402	1981	0.93782	0.99889	4.19328		
03:36:57	1500	1300	1549	1417	1992	0.93846	0.99940	4.19858		
03:37:07	1500	1300	1551	1381	1999	0.93691	0.99739	4.18252		
03:37:17	1500	1300	1546	1368	1979	0.93634	0.99899	4.18639		
03:37:27	1500	1300	1547	1404	2000	0.93792	0.99943	4.19605		
03:37:37	1500	1300	1550	1410	2004	0.93816	0.99936	4.19693		
03:37:47	1500	1300	1551	1410	1959	0.93818	0.99801	4.19138		
03:37:57	1500	1300	1551	1433	1994	0.93913	0.99829	4.19723		
03:38:07	1500	1400	1559	1427	1952	0.93887	0.99828	4.19590		
03:38:17	1500	1400	1569	1444	1951	0.93959	0.99852	4.20048		
03:38:27	1500	1400	1576	1477	2064	0.94090	0.99807	4.20504		
03:38:37	1500	1400	1573	1428	2231	0.93890	0.99859	4.19737		
03:38:47	1500	1400	1577	1461	2057	0.94026	0.99810	4.20202		
03:38:57	1500	1400	1577	1409	1973	0.93811	0.99856	4.19335		
03:39:07	1500	1400	1575	1446	2017	0.93964	0.99836	4.20004		
03:39:17	1500	1400	1568	1397	2023	0.93761	0.99853	4.19073		
03:39:27	1500	1400	1563	1427	2017	0.93886	0.99849	4.19673		
03:39:37	1500	1400	1565	1406	2009	0.93801	0.99820	4.19133		
03:39:47	1500	1400	1561	1439	2136	0.93937	0.99851	4.19933		
03:39:57	1500	1400	1563	1439	2053	0.93939	0.99690	4.19266		
03:40:07	1500	1400	1560	1441	2127	0.93946	0.99824	4.19863		
03:40:17	1500	1400	1567	1467	2079	0.94048	0.99840	4.20432		
03:40:27	1500	1400	1562	1391	2057	0.93736	0.99790	4.18685		
03:40:37	1500	1400	1562	1416	2075	0.93842	0.99839	4.19413		
03:40:47	1500	1400	1559	1404	2087	0.93790	0.99805	4.19017		
03:40:57	1500	1400	1554	1403	2070	0.93786	0.99836	4.19126		
03:41:07	1500	1400	1551	1400	2086	0.93773	0.99625	4.18174		
03:41:17	1500	1300	1541	1391	2106	0.93734	0.99803	4.18732		
03:41:27	1500	1300	1538	1378	2136	0.93677	0.99525	4.17284		
03:41:37	1500	1300	1538	1437	2136	0.93931	0.99627	4.18961		
03:41:47	1500	1400	1539	1408	2134	0.93809	0.99603	4.18259		
03:41:57	1500	1400	1538	1399	2074	0.93770	0.99718	4.18550		
03:42:07	1500	1400	1538	1436	2075	0.93924	0.99742	4.19411		
03:42:17	1500	1400	1553	1480	2079	0.94100	0.99752	4.20319		
03:42:27	1500	1400	1553	1471	2080	0.94065	0.99704	4.19947		
03:42:37	1500	1400	1568	1453	2066	0.93995	0.99757	4.19825		
03:42:47	1500	1400	1576	1464	2081	0.94037	0.99731	4.19923		
03:42:57	1500	1400	1580	1442	2092	0.93948	0.99733	4.19493		
03:43:07	1500	1400	1582	1459	2115	0.94017	0.99739	4.19857		
03:43:17	1500	1400	1582	1431	2098	0.93904	0.99696	4.19121		
03:43:27	1500	1400	1573	1449	2110	0.93979	0.99795	4.19905		
03:43:37	1500	1400	1567	1408	2099	0.93808	0.99735	4.18809		
03:43:47	1500	1400	1567	1425	2089	0.93878	0.99742	4.19185		
03:43:57	1500	1400	1561	1430	2094	0.93902	0.99735	4.19274		
03:44:07	1500	1400	1561	1410	2102	0.93815	0.99628	4.18397		
03:44:17	1500	1400	1549	1376	2125	0.93669	0.99733	4.18116		
03:44:27	1500	1400	1540	1380	2151	0.93688	0.99746	4.18265		
03:44:37	1500	1300	1536	1377	2164	0.93674	0.99728	4.18119		
03:44:47	1500	1300	1532	1398	2097	0.93764	0.99750	4.18655		
03:44:57	1500	1300	1530	1410	2117	0.93817	0.99795	4.19106		
03:45:07	1500	1300	1531	1441	2202	0.93945	0.99856	4.19994		
03:45:17	1500	1400	1536	1425	2156	0.93878	0.99772	4.19313		
03:45:27	1500	1400	1544	1434	2072	0.93916	0.99662	4.19037		
03:45:37	1500	1400	1551	1430	2109	0.93901	0.99776	4.19442		
03:45:47	1500	1400	1557	1451	2075	0.93987	0.99814	4.20024		
03:45:57	1500	1400	1564	1448	2016	0.93973	0.99829	4.20017		
03:46:07	1500	1400	1564	1414	2026	0.93834	0.99809	4.19247		
03:46:17	1500	1400	1569	1479	2244	0.94097	0.99837	4.20665		
03:46:27	1500	1400	1571	1454	2074	0.93999	0.99792	4.19991		
03:46:37	1500	1400	1564	1438	2498	0.93934	0.99687	4.19229		
03:46:47	1500	1400	1570	1458	1877	0.94014	0.99797	4.20084		
03:46:57	1500	1400	1580	1475	1696	0.94080	0.99749	4.20208		
03:47:07	1500	1400	1582	1437	2078	0.93929	0.99768	4.19544		
03:47:17	1500	1400	1579	1429	2097	0.93894	0.99783	4.19436		
03:47:27	1500	1400	1580	1445	1984	0.93962	0.99663	4.19267		
03:47:37	1500	1400	1593	1457	1972	0.94008	0.99842	4.20246		
03:47:47	1500	1400	1593	1457	1972	0.94008	0.99842	4.20246		
03:47:57	1500	1400	1584	1492	2050	0.94147	0.99648	4.20111		
03:48:07	1500	1400	1589	1472	2032	0.94069	0.99827	4.20482		
03:48:17	1500	1400	1587	1423	2137	0.93872	0.99852	4.19617		
03:48:27	1500	1400	1582	1427	2149	0.93889	0.99860	4.19733		
03:48:37	1500	1400	1577	1461	2226	0.94027	0.99726	4.19850		
03:48:47	1500	1400	1575	1461	2084	0.94025	0.99802	4.20159		
03:48:57	1500	1400	1570	1419	1879	0.93854	0.99643	4.18652		
03:49:07	1500	1400	1567	1414	1907	0.93833	0.99638	4.18526		
03:49:17	1500	1400	1567	1445	1931	0.93961	0.99805	4.19860		
03:49:27	1500	1400	1584	1476	1950	0.94085	0.99813	4.20501		
03:49:37	1500	1400	1591	1473	1936	0.94072	0.99642	4.19721		
03:49:47	1500	1400	1591	1451	2009	0.93985	0.99688	4.19486		
03:49:57	1500	1400	1597	1485	1984	0.94118	0.99725	4.20296		
03:50:07	1600	1400	1601	1463	1944	0.94034	0.99681	4.19695		
03:50:17	1500	1400	1600	1437	1957	0.93931	0.99768	4.19553		
03:50:27	1500	1400	1597	1461	1981	0.94027	0.99782	4.20089		
03:50:37	1500	1400	1598	1495	2012	0.94159	0.99821	4.20903		
03:50:47	1600	1400	1601	1469	1991	0.94057	0.99825	4.20415		
03:50:57	1500	1400	1597	1448	1987	0.93974	0.99860	4.20153		
03:51:07	1500	1400	1593	1438	1981	0.93932	0.99820	4.19779		
03:51:17	1500	1400	1593	1482	2022	0.94107	0.99731	4.20265		
03:51:27	1500	1400	1596	1472	2038	0.94070	0.99713	4.20008		
03:51:37	1500	1400	1593	1477	2072	0.94088	0.99732	4.20175		
03:51:47	1500	1400	1593	1480	2036	0.94099	0.99756	4.20331		
03:51:57	1500	1400	1595	1467	2005	0.94049	0.99679	4.19761		
03:52:07	1500	1400	1597	1462	2025	0.94030	0.99802	4.20184		
03:52:17	1500	1400	1600	1503	1983	0.94186	0.99856	4.21182		
03:52:27	1500	1400	1599	1469	2043	0.94058	0.99863	4.20581		
03:52:37	1500	1400	1598	1480	2124	0.94098	0.99830	4.20640		
03:52:47	1500	1400	1596	1456	2044	0.94005	0.99891	4.20436		
03:52:57	1500	1400	1597	1475	1986	0.94083	0.99822	4.20529		
03:53:07	1500	1400	1600	1483	2005	0.94114	0.99878	4.20918		
03:53:17	1500	1400	1598	1483	1965	0.94112	0.99913	4.21058		
03:53:27	1500	1400	1598	1485	2064	0.94119	0.99903	4.21051		
03:53:37	1600	1400	1608	1514	1920	0.94230	0.99890	4.21542		
03:53:47	1600	1400	1618	1533	2001	0.94297	0.99863	4.21761		
03:53:57	1600	1400	1618	1505	2117	0.94196	0.99904	4.21434		
03:54:07	1600	1500	1620	1520	2077	0.94251	0.99938	4.21847		
03:54:17	1600	1500	1618	1505	2198	0.94197	0.99964	4.21691		
03:54:27	1600	1500	1624	1518	1947	0.94244	0.99957	4.21895		
03:54:37	1600	1500	1624	1525	2024	0.94267	0.99871	4.21647		
03:54:47	1600	1500	1623	1523	1947	0.94260	0.99915	4.21798		
03:54:57	1600	1500	1623	1483	1993	0.94112	0.99937	4.21159		
03:55:07	1600	1500	1622	1504	2054	0.94190	0.99889	4.21343		
03:55:17	1600	1500	1625	1507	2057	0.94204	0.99842	4.21214		
03:55:27	1600	1500	1625	1516	1928	0.94236	0.99783	4.21120		
03:55:37	1600	1500	1627	1506	1894	0.94200	0.99773	4.20900		
03:55:47	1600	1500	1627	1530	2027	0.94286	0.99808	4.21474		
03:55:57	1600	1500	1627	1507	2019	0.94202	0.99896	4.21432		
03:56:07	1600	1500	1626	1486	2049	0.94124	0.99913	4.21117		
03:56:17	1600	1500	1626	1488	2075	0.94133	0.99933	4.21244		
03:56:27	1600	1500	1616	1514	2220	0.94229	0.99930	4.21705		
03:56:37	1600	1500	1605	1485	2292	0.94118	0.99899	4.21026		
03:56:47	1500	1400	1598	1522	2332	0.94259	0.99923	4.21825		
03:56:57	1500	1400	1597	1543	2268	0.94335	0.99917	4.22175		
03:57:07	1500	1500	1594	1511	2313	0.94217	0.99923	4.21620		
03:57:17	1500	1500	1592	1523	2323	0.94260	0.99886	4.21674		
03:57:27	1500	1500	1590	1532	2426	0.94295	0.99890	4.21865		
03:57:37	1500	1500	1592	1526	2435	0.94271	0.99885	4.21725		
03:57:47	1500	1500	1592	1511	2275	0.94216	0.99762	4.20934		
03:57:57	1500	1500	1586	1532	2526	0.94293	0.99729	4.21175		
03:58:07	1500	1500	1588	1544	2346	0.94338	0.99794	4.21669		
03:58:17	1500	1500	1586	1528	2505	0.94280	0.99868	4.21697		
03:58:27	1500	1500	1586	1546	2467	0.94345	0.99905	4.22172		
03:58:37	1500	1500	1586	1546	2326	0.94344	0.99886	4.22089		
03:58:47	1500	1500	1591	1525	2326	0.94268	0.99895	4.21753		
03:58:57	1500	1500	1597	1550	2304	0.94359	0.99887	4.22168		
03:59:07	1500	1500	1599	1572	2395	0.94435	0.99926	4.22708		
03:59:17	1600	1500	1605	1565	2416	0.94410	0.99947	4.22672		
03:59:27	1600	1500	1606	1560	2467	0.94394	0.99942	4.22573		
03:59:37	1600	1500	1603	1535	2449	0.94305	0.99915	4.22016		
03:59:47	1500	1500	1597	1496	2487	0.94161	0.99924	4.21348		
03:59:57	1500	1500	1589	1500	2440	0.94178	0.99914	4.21387		
04:00:07	1500	1500	1583	1514	2395	0.94228	0.99892	4.21539		
04:00:17	1500	1500	1583	1505	2415	0.94195	0.99929	4.21533		
04:00:27	1500	1500	1572	1498	2344	0.94168	0.99924	4.21382		
04:00:37	1500	1500	1575	1547	2352	0.94350	0.99963	4.22442		
04:00:47	1500	1500	1579	1513	2357	0.94225	0.99938	4.21721		
04:00:57	1500	1500	1580	1503	2446	0.94188	0.99945	4.21566		
04:01:07	1500	1500	1581	1547	2508	0.94348	0.99803	4.21757		
04:01:17	1500	1500	1582	1532	2522	0.94293	0.99926	4.22006		
04:01:27	1500	1500	1580	1518	2571	0.94245	0.99936	4.21811		
04:01:37	1500	1500	1571	1507	2611	0.94204	0.99962	4.21718		
04:01:47	1500	1500	1573	1543	2439	0.94335	0.99952	4.22321		
04:01:57	1500	1500	1577	1543	2439	0.94335	0.99952	4.22321		
04:02:07	1500	1500	1579	1549	2412	0.94355	0.99961	4.22461		
04:02:17	1500	1500	1585	1572	2440	0.94436	0.99932	4.22737		
04:02:27	1500	1500	1590	1571	2555	0.94431	0.99960	4.22828		
04:02:37	1500	1500	1595	1539	2542	0.94321	0.99977	4.22359		
04:02:47	1500	1500	1594	1546	2514	0.94346	1.00002	4.22588		
04:02:57	1500	1500	1594	1550	2475	0.94358	1.00021	4.22727		
04:03:07	1500	1500	1589	1519	2478	0.94249	1.00002	4.22108		
04:03:17	1500	1500	1583	1510	2440	0.94213	1.00009	4.21962		
04:03:27	1500	1500	1583	1551	2417	0.94364	1.00016	4.22734		
04:03:37	1500	1500	1590	1583	2429	0.94474	1.00012	4.23262		
04:03:47	1500	1500	1590	1592	2527	0.94503	0.99995	4.23334		
04:03:57	1500	1500	1594	1542	2482	0.94330	1.00024	4.22600		
04:04:07	1500	1500	1598	1555	2455	0.94376	0.99995	4.22705		
04:04:17	1500	1500	1598	1549	2440	0.94355	0.99987	4.22570		
04:04:27	1500	1500	1599	1532	2440	0.94295	0.99986	4.22268		
04:04:37	1500	1500	1597	1547	2351	0.94350	1.00009	4.22636		
04:04:47	1500	1500	1593	1552	2511	0.94365	1.00022	4.22765		
04:04:57	1500	1500	1597	1583	2535	0.94475	0.99990	4.23172		
04:05:07	1500	1500	1598	1582	2530	0.94471	0.99982	4.23121		
04:05:17	1500	1500	1600	1580	2543	0.94463	1.00024	4.23260		
04:05:27	1600	1500	1604	1591	2546	0.94501	1.00020	4.23431		
04:05:37	1600	1500	1603	1579	2557	0.94460	0.99998	4.23133		
04:05:47	1600	1500	1602	1553	2567	0.94370	0.99990	4.22658		
04:05:57	1500	1500	1599	1562	2576	0.94401	1.00050	4.23060		
04:06:07	1500	1500	1597	1574	2570	0.94443	1.00028	4.23179		
04:06:17	1500	1500	1596	1571	2589	0.94433	1.00059	4.23259		
04:08:05	1500	1500	1595	1576	2519	0.94450	1.00052	4.23312		
04:08:15	1500	1500	1593	1555	2531	0.94376	1.00012	4.22777		
04:08:25	1500	1500	1593	1556	2536	0.94379	1.00003	4.22757		
04:08:35	1500	1500	1595	1572	2546	0.94437	0.99973	4.22914		
04:08:45	1500	1500	1593	1553	2549	0.94368	0.99989	4.22643		
04:08:55	1500	1500	1599	1616	2545	0.94585	1.00034	4.23901		
04:09:05	1600	1500	1601	1583	2422	0.94473	1.00011	4.23253		
04:09:15	1600	1500	1607	1610	2540	0.94563	1.00026	4.23762		
04:09:25	1600	1500	1618	1639	2403	0.94656	0.99998	4.24101		
04:09:35	1600	1600	1628	1657	2429	0.94713	1.00025	4.24498		
04:09:45	1600	1600	1637	1628	2507	0.94620	1.00022	4.24027		
04:09:55	1600	1600	1632	1568	2544	0.94423	0.99990	4.22915		
04:10:05	1600	1600	1628	1563	2546	0.94406	0.99995	4.22854		
04:10:15	1600	1600	1624	1574	2545	0.94444	1.00020	4.23146		
04:10:25	1600	1500	1616	1582	2526	0.94471	1.00000	4.23198		
04:10:35	1600	1500	1603	1554	2519	0.94372	1.00041	4.22881		
04:10:45	1500	1500	1597	1568	2538	0.94420	1.00000	4.22946		
04:10:55	1500	1500	1597	1570	2563	0.94429	1.00009	4.23027		
04:11:05	1500	1500	1597	1574	2577	0.94441	0.99996	4.23033		
04:11:15	1500	1500	1599	1597	2581	0.94521	0.99992	4.23409		
04:11:25	1500	1500	1600	1600	2573	0.94530	1.00004	4.23504		
04:11:35	1600	1500	1603	1594	2559	0.94510	0.99954	4.23193		
04:11:45	1600	1500	1605	1597	2573	0.94519	1.00006	4.23457		
04:11:55	1600	1500	1608	1598	2570	0.94524	0.99999	4.23452		
04:12:05	1600	1500	1609	1583	2567	0.94472	0.99957	4.23017		
04:12:15	1600	1500	1610	1587	2481	0.94486	0.99991	4.23230		
04:12:25	1600	1500	1609	1588	2566	0.94490	0.99977	4.23191		
04:12:35	1600	1500	1605	1557	2574	0.94384	0.99978	4.22674		
04:12:45	1600	1500	1601	1563	2585	0.94404	0.99966	4.22722		
04:12:55	1500	1500	1598	1569	2600	0.94424	1.00031	4.23098		
04:13:05	1500	1500	1599	1597	2599	0.94520	1.00067	4.23723		
04:13:15	1500	1500	1595	1572	2603	0.94436	1.00033	4.23161		
04:13:25	1500	1500	1596	1613	2748	0.94572	1.00022	4.23789		
04:13:35	1500	1500	1600	1610	2870	0.94563	0.99982	4.23576		
04:13:45	1600	1500	1604	1610	2870	0.94563	0.99982	4.23576		
04:13:55	1600	1600	1607	1609	3007	0.94560	1.00042	4.23815		
04:14:05	1500	1500	1599	1565	3082	0.94412	1.00010	4.22947		
04:14:15	1500	1500	1600	1593	3074	0.94508	1.00044	4.23567		
04:14:25	1500	1500	1585	1527	2997	0.94277	1.00054	4.22469		
04:14:35	1500	1500	1564	1467	3075	0.94050	1.00052	4.21338		
04:14:45	1500	1500	1549	1522	3073	0.94258	1.00039	4.22309		
04:14:55	1500	1500	1541	1558	3072	0.94387	1.00091	4.23166		
04:15:05	1500	1500	1548	1606	3072	0.94550	1.00052	4.23808		
04:15:15	1500	1500	1544	1568	3077	0.94421	1.00102	4.23380		
04:15:25	1500	1500	1553	1585	3078	0.94480	1.00075	4.23556		
04:15:35	1500	1500	1571	1589	2943	0.94494	1.00064	4.23582		
04:15:45	1500	1500	1588	1595	2434	0.94512	0.99991	4.23362		
04:15:55	1500	1500	1597	1589	2511	0.94494	1.00062	4.23573		
04:16:05	1500	1500	1599	1594	2503	0.94512	1.00053	4.23622		
04:16:15	1600	1500	1605	1576	2516	0.94451	1.00080	4.23435		
04:16:25	1600	1500	1605	1590	2550	0.94495	1.00065	4.23592		
04:16:35	1600	1500	1613	1595	2564	0.94512	1.00088	4.23772		
04:16:45	1600	1500	1614	1629	2553	0.94626	1.00067	4.24248		
04:16:55	1600	1600	1622	1660	2589	0.94721	1.00060	4.24686		
04:17:05	1600	1600	1624	1631	2602	0.94630	1.00077	4.24310		
04:17:15	1600	1600	1626	1608	2605	0.94558	1.00088	4.23998		
04:17:25	1600	1600	1628	1621	2601	0.94599	1.00113	4.24308		
04:17:35	1600	1600	1631	1630	2610	0.94627	1.00096	4.24376		
04:17:45	1600	1600	1632	1637	2618	0.94651	1.00099	4.24503		
04:17:55	1600	1600	1632	1605	2633	0.94546	1.00105	4.24013		
04:18:05	1600	1600	1620	1613	2639	0.94574	1.00131	4.24262		
04:18:15	1600	1600	1623	1628	2641	0.94620	1.00135	4.24506		
04:18:25	1600	1600	1625	1637	2647	0.94649	1.00110	4.24543		
04:18:35	1600	1600	1625	1630	2646	0.94627	1.00094	4.24364		
04:18:45	1600	1600	1630	1666	2656	0.94741	1.00121	4.25044		
04:18:55	1600	1600	1640	1668	2663	0.94748	1.00138	4.25148		
04:19:05	1600	1600	1642	1628	2633	0.94622	1.00148	4.24570		
04:19:15	1600	1600	1645	1641	2622	0.94663	1.00098	4.24562		
04:19:25	1600	1600	1644	1634	2625	0.94640	1.00092	4.24420		
04:19:35	1600	1600	1650	1663	2653	0.94731	1.00099	4.24902		
04:19:45	1600	1600	1646	1642	2661	0.94667	1.00136	4.24742		
04:19:55	1600	1600	1645	1663	2643	0.94731	1.00124	4.25004		
04:20:06	1600	1600	1649	1651	2642	0.94694	1.00166	4.25004		
04:20:16	1600	1600	1650	1652	2642	0.94698	1.00126	4.24852		
04:20:26	1600	1600	1656	1668	2653	0.94748	1.00173	4.25297		
04:20:36	1600	1600	1657	1666	2641	0.94742	1.00144	4.25144		
04:20:46	1600	1600	1659	1658	2642	0.94716	0.99957	4.24222		
04:20:56	1600	1600	1659	1699	2654	0.94842	1.00173	4.25763		
04:21:06	1600	1600	1673	1695	2653	0.94828	1.00112	4.25437		
04:21:16	1600	1600	1671	1645	2661	0.94675	1.00151	4.24842		
04:21:26	1600	1600	1671	1668	2664	0.94746	1.00140	4.25148		
04:21:36	1600	1600	1669	1654	2653	0.94704	0.99969	4.24217		
04:21:46	1600	1600	1665	1629	2655	0.94625	1.00104	4.24398		
04:21:56	1600	1600	1652	1623	2651	0.94607	1.00085	4.24228		
04:22:06	1600	1600	1648	1669	2651	0.94751	1.00078	4.24908		
04:22:16	1600	1600	1652	1671	2660	0.94758	1.00098	4.25029		
04:22:26	1600	1600	1656	1690	2668	0.94815	1.00071	4.25198		
04:22:36	1600	1600	1660	1678	2658	0.94778	1.00073	4.25023		
04:22:46	1600	1600	1678	1741	2659	0.94962	1.00115	4.26109		
04:22:56	1600	1600	1679	1625	2664	0.94613	1.00085	4.24258		
04:23:06	1600	1600	1668	1608	2657	0.94555	1.00085	4.23972		
04:23:16	1600	1600	1659	1613	2661	0.94572	1.00044	4.23882		
04:23:26	1600	1600	1652	1650	2656	0.94691	1.00073	4.24592		
04:23:36	1600	1600	1645	1633	2658	0.94637	1.00100	4.24440		
04:23:46	1600	1600	1629	1645	2664	0.94676	1.00102	4.24643		
04:23:56	1600	1600	1632	1644	2658	0.94672	1.00077	4.24514		
04:24:06	1600	1600	1634	1621	2656	0.94600	1.00061	4.24092		
04:24:16	1600	1600	1642	1661	2555	0.94726	1.00082	4.24803		
04:24:26	1600	1600	1644	1661	2555	0.94726	1.00082	4.24803		
04:24:36	1600	1600	1653	1690	2585	0.94814	1.00142	4.25492		
04:24:46	1600	1600	1668	1734	2536	0.94943	1.00132	4.26086		
04:24:56	1600	1600	1688	1761	2507	0.95017	1.00122	4.26413		
04:25:06	1700	1600	1706	1732	2543	0.94936	1.00099	4.25915		
04:25:16	1700	1700	1718	1732	2543	0.94936	1.00099	4.25915		
04:25:26	1700	1700	1730	1732	2543	0.94936	1.00099	4.25915		
04:25:36	1700	1700	1738	1738	2652	0.94954	1.00150	4.26218		
