

			DELHI AIRPORT : 30 m Base line


Time	RVR	 MOR	RVR	MOR	BLM	Trf	 Ref(v)	PD(v)
	(limited)	(limited)	(actual)	(actual)

04:29:26	2000	3000	3333	9955	4888	0.99100	1.12318	3.22079		
04:29:36	2000	3000	3333	9955	4886	0.99100	1.12320	3.21614		
04:29:46	2000	3000	3333	9955	4883	0.99100	1.12316	3.22924		
04:29:57	2000	3000	3333	9955	4881	0.99100	1.12315	3.22939		
04:30:07	2000	3000	3333	9955	4877	0.99100	1.12316	3.24801		
04:30:17	2000	3000	3333	9955	4871	0.99100	1.12318	3.22415		
04:30:27	2000	3000	3333	9955	4867	0.99100	1.12321	3.24099		
04:30:37	2000	3000	3333	9955	4861	0.99100	1.12314	3.23617		
04:30:47	2000	3000	3333	9955	4858	0.99100	1.12320	3.23965		
04:30:57	2000	3000	3333	9955	4861	0.99100	1.12313	3.22213		
04:31:07	2000	3000	3333	9955	4863	0.99100	1.12316	3.19438		
04:31:17	2000	3000	3333	9955	4862	0.99100	1.12314	3.21421		
04:31:27	2000	3000	3333	9955	4863	0.99100	1.12319	3.20577		
04:31:37	2000	3000	3333	9955	4864	0.99100	1.12314	3.21019		
04:31:47	2000	3000	3333	9955	4869	0.99100	1.12313	3.21981		
04:31:57	2000	3000	3333	9955	4873	0.99100	1.12309	3.21631		
04:32:08	2000	3000	3333	9955	4873	0.99100	1.12309	3.21631		
12:39:58	2000	3000	3333	9955	1170	0.99100	1.12968	2.72313		
12:40:08	2000	3000	3333	9955	1167	0.99100	1.12971	2.72313		
12:40:18	2000	3000	3333	9955	1167	0.99100	1.12971	2.72313		
12:40:29	2000	3000	3333	9955	1160	0.99100	1.12970	2.72009		
12:40:39	2000	3000	3333	9955	1156	0.99100	1.12974	2.72375		
12:40:49	2000	3000	3333	9955	1153	0.99100	1.12973	2.72769		
12:40:59	2000	3000	3333	9955	1150	0.99100	1.12971	2.73506		
12:41:09	2000	3000	3333	9955	1146	0.99100	1.12970	2.72930		
12:41:20	2000	3000	3333	9955	1143	0.99100	1.12973	2.73056		
12:41:30	2000	3000	3333	9955	1139	0.99100	1.12973	2.72777		
12:41:40	2000	3000	3333	9955	1136	0.99100	1.12976	2.72737		
12:41:50	2000	3000	3333	9955	1132	0.99100	1.12980	2.72825		
12:42:00	2000	3000	3333	9955	1129	0.99100	1.12976	2.73050		
12:42:10	2000	3000	3333	9955	1122	0.99100	1.12974	2.74169		
12:42:20	2000	3000	3333	9955	1118	0.99100	1.12977	2.74156		
12:42:31	2000	3000	3333	9955	1115	0.99100	1.12974	2.73798		
12:42:41	2000	3000	3333	9955	1112	0.99100	1.12971	2.73248		
12:42:51	2000	3000	3333	9955	1108	0.99100	1.12968	2.73715		
12:43:01	2000	3000	3333	9955	1105	0.99100	1.12969	2.74118		
12:43:11	2000	3000	3333	9955	1101	0.99100	1.12971	2.73918		
12:43:21	2000	3000	3333	9955	1098	0.99100	1.12969	2.74104		
12:43:31	2000	3000	3333	9955	1095	0.99100	1.12973	2.73752		
12:43:41	2000	3000	3333	9955	1091	0.99100	1.12976	2.74313		
12:43:51	2000	3000	3333	9955	1088	0.99100	1.12969	2.75026		
12:44:01	2000	3000	3333	9955	1084	0.99100	1.12968	2.74101		
12:44:11	2000	3000	3333	9955	1081	0.99100	1.12969	2.74050		
12:44:21	2000	3000	3333	9955	1077	0.99100	1.12973	2.74460		
12:44:32	2000	3000	3333	9955	1074	0.99100	1.12974	2.74189		
12:44:42	2000	3000	3333	9955	1070	0.99100	1.12976	2.74366		
12:44:52	2000	3000	3333	9955	1063	0.99100	1.12973	2.74186		
12:45:02	2000	3000	3333	9955	1060	0.99100	1.12979	2.74199		
12:45:12	2000	3000	3333	9955	1056	0.99100	1.12976	2.73616		
12:45:22	2000	3000	3333	9955	1053	0.99100	1.12975	2.73689		
12:45:32	2000	3000	3333	9955	1050	0.99100	1.12977	2.74405		
12:45:42	2000	3000	3333	9955	1047	0.99100	1.12977	2.73583		
12:45:52	2000	3000	3333	9955	1043	0.99100	1.12977	2.73788		
12:46:02	2000	3000	3333	9955	1040	0.99100	1.12974	2.73787		
12:46:12	2000	3000	3333	9955	1037	0.99100	1.12973	2.75689		
12:46:22	2000	3000	3333	9955	1033	0.99100	1.12970	2.75513		
12:46:32	2000	3000	3333	9955	1030	0.99100	1.12977	2.73637		
12:46:43	2000	3000	3333	9955	1026	0.99100	1.12976	2.74671		
12:46:53	2000	3000	3333	9955	1022	0.99100	1.12975	2.74439		
12:47:03	2000	3000	3333	9955	1018	0.99100	1.12972	2.74040		
12:47:13	2000	3000	3333	9955	1015	0.99100	1.12968	2.75226		
12:47:23	2000	3000	3333	9955	1011	0.99100	1.12969	2.73447		
12:47:33	2000	3000	3333	9955	1005	0.99100	1.12962	2.74251		
12:47:43	2000	3000	3333	9955	1001	0.99100	1.12958	2.73468		
12:47:53	2000	3000	3333	9955	998	0.99100	1.12963	2.73781		
12:48:03	2000	3000	3333	9955	995	0.99100	1.12966	2.74443		
12:48:13	2000	3000	3333	9955	991	0.99100	1.12962	2.74649		
12:48:23	2000	3000	3333	9955	988	0.99100	1.12963	2.75010		
12:48:33	2000	3000	3333	9955	985	0.99100	1.12965	2.74315		
12:48:43	2000	3000	3333	9955	982	0.99100	1.12963	2.75107		
12:48:54	2000	3000	3333	9955	979	0.99100	1.12964	2.74131		
12:49:04	2000	3000	3333	9955	975	0.99100	1.12961	2.74326		
12:49:14	2000	3000	3333	9955	972	0.99100	1.12964	2.74939		
12:49:24	2000	3000	3333	9955	968	0.99100	1.12967	2.74973		
12:49:34	2000	3000	3333	9955	965	0.99100	1.12962	2.74828		
12:49:44	2000	3000	3333	9955	961	0.99100	1.12961	2.74036		
12:49:54	2000	3000	3333	9955	958	0.99100	1.12961	2.76751		
12:50:04	2000	3000	3333	9955	955	0.99100	1.12961	2.75814		
12:50:14	2000	3000	3333	9955	951	0.99100	1.12962	2.73441		
12:50:24	2000	3000	3333	9955	945	0.99100	1.12961	2.73798		
12:50:34	2000	3000	3333	9955	941	0.99100	1.12964	2.73987		
12:50:44	2000	3000	3333	9955	938	0.99100	1.12962	2.74485		
12:50:54	2000	3000	3333	9955	935	0.99100	1.12956	2.74194		
12:51:05	2000	3000	3333	9955	931	0.99100	1.12955	2.74601		
12:51:15	2000	3000	3333	9955	928	0.99100	1.12952	2.74524		
12:51:25	2000	3000	3333	9955	925	0.99100	1.12951	2.74101		
12:51:35	2000	3000	3333	9955	922	0.99100	1.12943	2.74260		
12:51:45	2000	3000	3333	9955	919	0.99100	1.12947	2.74469		
12:51:55	2000	3000	3333	9955	915	0.99100	1.12944	2.74263		
12:52:05	2000	3000	3333	9955	912	0.99100	1.12942	2.75288		
12:52:15	2000	3000	3333	9955	909	0.99100	1.12943	2.74654		
12:52:25	2000	3000	3333	9955	906	0.99100	1.12941	2.75559		
12:52:35	2000	3000	3333	9955	906	0.99100	1.12941	2.75559		
12:52:45	2000	3000	3333	9955	900	0.99100	1.12946	2.76370		
12:52:55	2000	3000	3333	9955	897	0.99100	1.12946	2.75535		
12:53:06	2000	3000	3333	9955	890	0.99100	1.12956	2.76133		
12:53:16	2000	3000	3333	9955	886	0.99100	1.12953	2.75592		
12:53:26	2000	3000	3333	9955	883	0.99100	1.12956	2.75995		
12:53:36	2000	3000	3333	9955	879	0.99100	1.12952	2.75868		
12:53:46	2000	3000	3333	9955	876	0.99100	1.12950	2.75677		
12:53:56	2000	3000	3333	9955	872	0.99100	1.12953	2.76049		
12:54:06	2000	3000	3333	9955	869	0.99100	1.12953	2.76170		
12:54:16	2000	3000	3333	9955	865	0.99100	1.12957	2.76510		
12:54:26	2000	3000	3333	9955	862	0.99100	1.12957	2.76551		
12:54:36	2000	3000	3333	9955	859	0.99100	1.12955	2.76066		
12:54:46	2000	3000	3333	9955	855	0.99100	1.12955	2.76230		
12:54:56	2000	3000	3333	9955	852	0.99100	1.12952	2.76238		
12:55:06	2000	3000	3333	9955	852	0.99100	1.12952	2.76238		
12:58:00	2000	3000	3333	9955	786	0.99100	1.12956	2.77560		
12:58:10	2000	3000	3333	9955	783	0.99100	1.12960	2.77647		
12:58:20	2000	3000	3333	9955	776	0.99100	1.12959	2.76329		
12:58:30	2000	3000	3333	9955	773	0.99100	1.12953	2.76687		
12:58:40	2000	3000	3333	9955	770	0.99100	1.12958	2.76879		
12:58:51	2000	3000	3333	9955	767	0.99100	1.12956	2.76935		
12:59:01	2000	3000	3333	9955	767	0.99100	1.12956	2.76935		
12:59:11	2000	3000	3333	9955	767	0.99100	1.12956	2.76935		
12:59:42	2000	3000	3333	9955	751	0.99100	1.12953	2.77619		
12:59:52	2000	3000	3333	9955	748	0.99100	1.12952	2.77610		
13:00:02	2000	3000	3333	9955	745	0.99100	1.12951	2.77826		
13:00:12	2000	3000	3333	9955	742	0.99100	1.12957	2.77383		
13:00:22	2000	3000	3333	9955	739	0.99100	1.12954	2.77879		
13:00:33	2000	3000	3333	9955	739	0.99100	1.12954	2.77879		
13:01:54	2000	3000	3333	9955	707	0.99100	1.12957	2.77681		
13:02:04	2000	3000	3333	9955	704	0.99100	1.12956	2.77771		
13:02:14	2000	3000	3333	9955	701	0.99100	1.12956	2.77760		
13:02:25	2000	3000	3333	9955	697	0.99100	1.12954	2.77992		
13:02:35	2000	3000	3333	9955	694	0.99100	1.12949	2.78033		
13:02:45	2000	3000	3333	9955	691	0.99100	1.12952	2.77600		
13:02:55	2000	3000	3333	9955	688	0.99100	1.12949	2.77769		
13:03:05	2000	3000	3333	9955	685	0.99100	1.12946	2.77435		
13:03:16	2000	3000	3333	9955	685	0.99100	1.12946	2.77435		
13:04:27	2000	3000	3333	9955	657	0.99100	1.12945	2.77449		
13:04:37	2000	3000	3333	9955	657	0.99100	1.12945	2.77449		
13:05:38	2000	3000	3333	9955	634	0.99100	1.12944	2.78264		
13:05:48	2000	3000	3333	9955	634	0.99100	1.12944	2.78264		
13:05:59	2000	3000	3333	9955	628	0.99100	1.12950	2.77993		
13:06:09	2000	3000	3333	9955	625	0.99100	1.12947	2.77870		
13:06:19	2000	3000	3333	9955	622	0.99100	1.12946	2.78784		
13:06:29	2000	3000	3333	9955	619	0.99100	1.12945	2.78239		
13:06:39	2000	3000	3333	9955	619	0.99100	1.12945	2.78239		
13:06:50	2000	3000	3333	9955	619	0.99100	1.12945	2.78239		
13:08:21	2000	3000	3333	9955	581	0.99100	1.12947	2.78590		
13:08:31	2000	3000	3333	9955	578	0.99100	1.12943	2.78534		
13:08:42	2000	3000	3333	9955	578	0.99100	1.12943	2.78534		
13:08:52	2000	3000	3333	9955	578	0.99100	1.12943	2.78534		
13:21:17	2000	3000	3333	9955	330	0.99100	1.12939	2.80633		
13:21:28	2000	3000	3333	9955	330	0.99100	1.12939	2.80633		
13:27:30	2000	3000	3333	9955	223	0.99100	1.12930	2.81489		
13:27:40	2000	3000	3333	9955	223	0.99100	1.12930	2.81489		
13:27:50	2000	3000	3333	9955	223	0.99100	1.12930	2.81489		
14:19:46	2000	3000	3333	9955	2	0.99100	1.12792	2.95478		
14:19:57	2000	3000	3333	9955	2	0.99100	1.12792	2.95478		
