

			DELHI AIRPORT : 30 m Base line


Time	RVR	 MOR	RVR	MOR	BLM	Trf	 Ref(v)	PD(v)
	(limited)	(limited)	(actual)	(actual)

05:00:25	2000	3000	1659	9955	5536	0.99100	1.11059	2.60757		
05:00:35	2000	3000	3318	9955	5523	0.99100	1.11057	2.60563		
05:00:45	2000	3000	3333	9955	5517	0.99100	1.11052	2.60306		
05:00:55	2000	3000	3333	9955	5508	0.99100	1.11055	2.61552		
05:01:05	2000	3000	3333	9955	5496	0.99100	1.11053	2.60450		
05:01:15	2000	3000	3333	9955	5484	0.99100	1.11055	2.58783		
05:01:25	2000	3000	3333	9955	5471	0.99100	1.11053	2.57384		
05:01:35	2000	3000	3333	9955	5455	0.99100	1.11055	2.58475		
05:01:45	2000	3000	3333	9955	5438	0.99100	1.11051	2.57477		
05:01:55	2000	3000	3333	9955	5409	0.99100	1.11046	2.57668		
05:02:05	2000	3000	3333	9955	5399	0.99100	1.11055	2.56304		
05:02:16	2000	3000	3333	9955	5390	0.99100	1.11051	2.57099		
05:02:26	2000	3000	3333	9955	5383	0.99100	1.11056	2.56989		
05:02:36	2000	3000	3333	9955	5375	0.99100	1.11061	2.48457		
05:02:46	2000	3000	3333	9955	5368	0.99100	1.11054	2.56827		
05:02:56	2000	3000	3333	9955	5362	0.99100	1.11055	2.58640		
05:03:06	2000	3000	3333	9955	5356	0.99100	1.11050	2.43787		
05:03:16	2000	3000	3333	9955	5349	0.99100	1.11061	2.57782		
05:03:27	2000	3000	3333	9955	5341	0.99100	1.11064	2.57631		
05:03:37	2000	3000	3333	9955	5333	0.99100	1.11065	2.54544		
05:03:47	2000	3000	3333	9955	5327	0.99100	1.11064	2.56253		
05:03:57	2000	3000	3333	9955	5323	0.99100	1.11059	2.56986		
05:04:07	2000	3000	3333	9955	5321	0.99100	1.11056	2.56881		
05:04:17	2000	3000	3333	9955	5320	0.99100	1.11054	2.53623		
05:04:28	2000	3000	3333	9955	5322	0.99100	1.11053	2.53508		
05:04:38	2000	3000	3333	9955	5323	0.99100	1.11050	2.57259		
05:04:48	2000	3000	3333	9955	5326	0.99100	1.11050	2.57363		
05:04:58	2000	3000	3333	9955	5333	0.99100	1.11051	2.55650		
05:05:08	2000	3000	3333	9955	5339	0.99100	1.11048	2.56993		
05:05:19	2000	3000	3333	9955	5349	0.99100	1.11058	2.91943		
05:05:29	2000	3000	3333	9955	5354	0.99100	1.11052	2.86717		
05:05:39	2000	3000	3333	9955	5357	0.99100	1.11059	2.87001		
05:05:49	2000	3000	3333	9955	5359	0.99100	1.11064	2.85814		
05:05:59	2000	3000	3333	9955	5361	0.99100	1.11065	2.95075		
05:06:10	2000	3000	3333	9955	5361	0.99100	1.11066	2.91684		
05:06:20	2000	3000	3333	9955	5359	0.99100	1.11071	2.94828		
05:06:30	2000	3000	3333	9955	5363	0.99100	1.11084	2.90234		
05:06:40	2000	3000	3333	9955	5363	0.99100	1.11078	2.86952		
05:06:50	2000	3000	3333	9955	5369	0.99100	1.11080	2.80326		
05:07:00	2000	3000	3333	9955	5376	0.99100	1.11073	2.72777		
05:07:11	2000	3000	3333	9955	5384	0.99100	1.11080	2.67352		
05:07:21	2000	3000	3333	9955	5392	0.99100	1.11079	2.66502		
05:07:31	2000	3000	3333	9955	5402	0.99100	1.11081	2.69959		
05:07:41	2000	3000	3333	9955	5411	0.99100	1.11078	2.67407		
05:07:51	2000	3000	3333	9955	5432	0.99100	1.11065	2.66648		
05:08:02	2000	3000	3333	9955	5444	0.99100	1.11058	2.64239		
05:08:12	2000	3000	3333	9955	5454	0.99100	1.11056	2.63286		
05:08:22	2000	3000	3333	9955	5454	0.99100	1.11056	2.63286		
05:08:32	2000	3000	3333	9955	5454	0.99100	1.11056	2.63286		
05:09:13	2000	3000	3333	9955	5508	0.99100	1.11038	2.59396		
05:09:23	2000	3000	3333	9955	5516	0.99100	1.11040	2.53492		
05:09:33	2000	3000	3333	9955	5519	0.99100	1.11038	2.56790		
05:09:43	2000	3000	3333	9955	5521	0.99100	1.11035	2.60064		
05:09:53	2000	3000	3333	9955	5527	0.99100	1.11034	2.57989		
05:10:03	2000	3000	3333	9955	5532	0.99100	1.11038	2.59303		
05:10:13	2000	3000	3333	9955	5535	0.99100	1.11037	2.60013		
05:10:23	2000	3000	3333	9955	5540	0.99100	1.11039	2.61574		
05:10:33	2000	3000	3333	9955	5545	0.99100	1.11034	2.60866		
05:10:43	2000	3000	3333	9955	5550	0.99100	1.11035	2.61678		
05:10:53	2000	3000	3333	9955	5558	0.99100	1.11029	2.59740		
05:11:04	2000	3000	3333	9955	5562	0.99100	1.11024	2.62078		
05:11:14	2000	3000	3333	9955	5564	0.99100	1.11020	2.60849		
05:11:24	2000	3000	3333	9955	5564	0.99100	1.11022	2.61237		
05:11:34	2000	3000	3333	9955	5563	0.99100	1.11022	2.60489		
05:11:44	2000	3000	3333	9955	5563	0.99100	1.11021	2.64039		
05:11:54	2000	3000	3333	9955	5565	0.99100	1.11023	2.65777		
05:12:04	2000	3000	3333	9955	5564	0.99100	1.11029	2.64176		
05:12:14	2000	3000	3333	9955	5565	0.99100	1.11039	2.65707		
05:12:24	2000	3000	3333	9955	5565	0.99100	1.11037	2.64154		
05:12:34	2000	3000	3333	9955	5562	0.99100	1.11039	2.64639		
05:12:44	2000	3000	3333	9955	5557	0.99100	1.11037	2.64128		
05:12:54	2000	3000	3333	9955	5554	0.99100	1.11036	2.60324		
05:13:04	2000	3000	3333	9955	5551	0.99100	1.11038	2.63530		
05:13:14	2000	3000	3333	9955	5544	0.99100	1.11032	2.51395		
05:13:25	2000	3000	3333	9955	5536	0.99100	1.11033	2.56548		
05:13:35	2000	3000	3333	9955	5525	0.99100	1.11031	2.60510		
05:13:45	2000	3000	3333	9955	5512	0.99100	1.11028	2.59152		
05:13:55	2000	3000	3333	9955	5497	0.99100	1.11028	2.57449		
05:14:05	2000	3000	3333	9955	5480	0.99100	1.11028	2.54734		
05:14:15	2000	3000	3333	9955	5442	0.99100	1.11030	2.56376		
05:14:25	2000	3000	3333	9955	5424	0.99100	1.11031	2.56002		
05:14:35	2000	3000	3333	3583	5412	0.97519	1.11027	1.98077		
05:14:45	2000	3000	3333	9955	5400	0.99100	1.11028	2.49751		
05:14:55	2000	3000	3333	9955	5386	0.99100	1.11032	2.11789		
05:15:05	2000	3000	3333	9955	5371	0.99100	1.11033	2.58519		
05:15:15	2000	3000	3333	9955	5356	0.99100	1.11022	2.57024		
05:15:26	2000	3000	3333	9955	5347	0.99100	1.11016	2.57273		
05:15:36	2000	3000	3333	9955	5338	0.99100	1.11015	2.56226		
05:15:46	2000	3000	3333	9955	5326	0.99100	1.11017	2.55308		
05:15:56	2000	3000	3333	9955	5318	0.99100	1.11021	2.69394		
05:16:06	2000	3000	3333	9955	5312	0.99100	1.11023	2.87139		
05:16:16	2000	3000	3333	9955	5306	0.99100	1.11029	2.85353		
05:16:26	2000	3000	3333	9955	5300	0.99100	1.11030	2.83769		
05:16:36	2000	3000	3333	9955	5292	0.99100	1.11031	2.82387		
05:16:46	2000	3000	3333	9955	5285	0.99100	1.11024	2.82940		
05:16:56	2000	3000	3333	9955	5277	0.99100	1.11024	2.82370		
05:17:06	2000	3000	3333	9955	5273	0.99100	1.11020	2.82406		
05:17:16	2000	3000	3333	9955	5267	0.99100	1.11016	2.80486		
05:17:26	2000	3000	3333	9955	5263	0.99100	1.11020	2.81227		
05:17:36	2000	3000	3333	9955	5254	0.99100	1.11013	2.79387		
05:17:47	2000	3000	3333	9955	5250	0.99100	1.11016	2.80007		
05:17:57	2000	3000	3333	9955	5248	0.99100	1.11011	2.79779		
05:18:07	2000	3000	3333	9955	5247	0.99100	1.11008	2.79869		
05:18:17	2000	3000	3333	9955	5247	0.99100	1.11013	2.79816		
05:18:27	2000	3000	3333	9955	5247	0.99100	1.11013	2.79184		
05:18:37	2000	3000	3333	9955	5248	0.99100	1.11011	2.79964		
05:18:47	2000	3000	3333	9955	5250	0.99100	1.11014	2.80407		
05:18:57	2000	3000	3333	9955	5251	0.99100	1.11016	2.80894		
05:19:07	2000	3000	3333	9955	5251	0.99100	1.11016	2.80894		
05:19:17	2000	3000	3333	9955	5255	0.99100	1.11016	2.83346		
05:19:27	2000	3000	3333	9955	5257	0.99100	1.11018	2.78255		
05:19:37	2000	3000	3333	9955	5259	0.99100	1.11014	2.79810		
05:19:47	2000	3000	3333	9955	5259	0.99100	1.11013	2.79915		
05:19:58	2000	3000	3333	9955	5261	0.99100	1.11017	2.76716		
05:20:08	2000	3000	3333	9955	5264	0.99100	1.11016	2.80361		
05:20:18	2000	3000	3333	9955	5268	0.99100	1.11019	2.79655		
05:20:28	2000	3000	3333	9955	5269	0.99100	1.11011	2.81114		
05:20:38	2000	3000	3333	9955	5269	0.99100	1.11011	2.81742		
05:20:48	2000	3000	3333	9955	5267	0.99100	1.11014	2.88264		
05:20:58	2000	3000	3333	9955	5268	0.99100	1.11014	2.86249		
05:21:08	2000	3000	3333	9955	5268	0.99100	1.11014	2.86249		
05:21:18	2000	3000	3333	9955	5268	0.99100	1.11014	2.86249		
05:21:28	2000	3000	3333	9955	5270	0.99100	1.11024	2.87599		
05:21:38	2000	3000	3333	9955	5272	0.99100	1.11025	2.84735		
05:21:48	2000	3000	3333	9955	5273	0.99100	1.11024	2.84702		
05:21:58	2000	3000	3333	9955	5276	0.99100	1.11026	2.84828		
05:22:09	2000	3000	3333	9955	5279	0.99100	1.11014	2.84630		
05:22:19	2000	3000	3333	9955	5279	0.99100	1.11018	2.86980		
05:22:29	2000	3000	3333	9955	5276	0.99100	1.11020	2.89384		
05:22:39	2000	3000	3333	9955	5276	0.99100	1.11022	2.87443		
05:22:49	2000	3000	3333	9955	5271	0.99100	1.11023	2.80663		
05:22:59	2000	3000	3333	9955	5271	0.99100	1.11023	2.80663		
05:23:19	2000	3000	3333	9955	5267	0.99100	1.11006	2.72569		
05:23:29	2000	3000	3333	9955	5264	0.99100	1.11007	2.73174		
05:23:39	2000	3000	3333	9955	5260	0.99100	1.11005	2.72214		
05:23:49	2000	3000	3333	9955	5253	0.99100	1.11006	2.77714		
05:23:59	2000	3000	3333	9955	5245	0.99100	1.11007	2.77561		
05:24:09	2000	3000	3333	9955	5246	0.99100	1.11011	2.77181		
05:24:20	2000	3000	3333	9955	5243	0.99100	1.11010	2.76464		
05:24:30	2000	3000	3333	9955	5235	0.99100	1.11014	2.77936		
05:24:40	2000	3000	3333	9955	5230	0.99100	1.11014	2.76126		
05:24:50	2000	3000	3333	9955	5222	0.99100	1.11013	2.74573		
05:25:00	2000	3000	3333	9955	5215	0.99100	1.11012	2.80181		
05:25:10	2000	3000	3333	9955	5215	0.99100	1.11012	2.80181		
05:25:20	2000	3000	3333	9955	5209	0.99100	1.11014	2.54229		
05:25:30	2000	3000	3333	9955	5207	0.99100	1.11012	2.63413		
05:25:40	2000	3000	3333	9955	5204	0.99100	1.11011	2.64831		
05:25:50	2000	3000	3333	9955	5199	0.99100	1.11009	2.64747		
05:26:00	2000	3000	3333	9955	5196	0.99100	1.11006	2.62927		
05:26:10	2000	3000	3333	9955	5195	0.99100	1.11001	2.64473		
05:26:20	2000	3000	3333	9955	5191	0.99100	1.11000	2.63718		
05:26:31	2000	3000	3333	9955	5191	0.99100	1.10994	2.63680		
05:26:41	2000	3000	3333	9955	5192	0.99100	1.11002	2.66880		
05:26:51	2000	3000	3333	9955	5193	0.99100	1.10999	2.69624		
05:27:01	2000	3000	3333	9955	5196	0.99100	1.11000	2.71469		
05:27:11	2000	3000	3333	9955	5201	0.99100	1.10999	2.70000		
05:27:21	2000	3000	3333	9955	5208	0.99100	1.11002	2.66677		
05:27:31	2000	3000	3333	9955	5211	0.99100	1.11003	2.64194		
05:27:41	2000	3000	3333	9955	5213	0.99100	1.11000	2.69605		
05:27:51	2000	3000	3333	9955	5221	0.99100	1.10997	2.65499		
05:28:01	2000	3000	3333	9955	5232	0.99100	1.10999	2.71758		
05:28:12	2000	3000	3333	9955	5236	0.99100	1.11004	2.69581		
05:28:22	2000	3000	3333	9955	5241	0.99100	1.11007	2.69292		
05:28:32	2000	3000	3333	9955	5250	0.99100	1.11013	2.69699		
05:28:42	2000	3000	3333	9955	5259	0.99100	1.11005	2.66460		
05:28:52	2000	3000	3333	9955	5264	0.99100	1.11010	2.67726		
05:29:02	2000	3000	3333	9955	5270	0.99100	1.11000	2.60149		
05:29:13	2000	3000	3333	9955	5278	0.99100	1.11002	2.65990		
05:29:23	2000	3000	3333	9955	5284	0.99100	1.11008	2.68500		
05:29:33	2000	3000	3333	9955	5284	0.99100	1.11008	2.68500		
05:30:04	2000	3000	3333	9955	5304	0.99100	1.11014	2.55435		
05:30:14	2000	3000	3333	9955	5308	0.99100	1.11009	2.60820		
05:30:24	2000	3000	3333	9955	5311	0.99100	1.11010	2.55951		
05:30:34	2000	3000	3333	9955	5313	0.99100	1.11029	2.51671		
05:30:44	2000	3000	3333	9955	5312	0.99100	1.11039	2.45736		
05:30:55	2000	3000	3333	9955	5316	0.99100	1.11041	2.46687		
05:31:05	2000	3000	3333	9955	5315	0.99100	1.11037	2.44462		
05:31:15	2000	3000	3333	9955	5308	0.99100	1.11036	2.45264		
05:31:25	2000	3000	3333	9955	5305	0.99100	1.11041	2.33863		
05:31:35	2000	3000	3333	9955	5306	0.99100	1.11043	2.40890		
05:31:45	2000	3000	3333	9955	5309	0.99100	1.11047	2.41366		
05:31:56	2000	3000	3333	9955	5298	0.99100	1.11045	2.44385		
05:32:06	2000	3000	3333	9955	5304	0.99100	1.11053	2.29329		
05:32:16	2000	3000	3333	465	5282	0.82416	1.11052	1.64413		
05:32:26	2000	3000	3333	9955	5305	0.99100	1.11056	2.48103		
05:32:36	2000	3000	3333	9955	5305	0.99100	1.11056	2.48103		
05:33:38	2000	3000	3333	9955	5303	0.99100	1.10991	2.44283		
05:33:48	2000	3000	3333	9955	5303	0.99100	1.10991	2.44283		
05:33:58	2000	3000	3333	9955	5303	0.99100	1.10991	2.44283		
05:34:08	2000	3000	3333	9955	5299	0.99100	1.10974	2.52395		
05:34:18	2000	3000	3333	9955	5302	0.99100	1.10977	2.51748		
05:34:28	2000	3000	3333	9955	5301	0.99100	1.10970	2.50685		
05:34:39	2000	3000	3333	9955	5301	0.99100	1.10966	2.49736		
05:34:49	2000	3000	3333	9955	5300	0.99100	1.10969	2.50265		
05:34:59	2000	3000	3333	9955	5300	0.99100	1.10969	2.50265		
05:35:09	2000	3000	3333	9955	5307	0.99100	1.10979	2.53985		
05:35:19	2000	3000	3333	9955	5307	0.99100	1.10976	2.53092		
05:35:30	2000	3000	3333	9955	5307	0.99100	1.10980	2.51067		
05:35:40	2000	3000	3333	9955	5307	0.99100	1.10980	2.51067		
05:36:21	2000	3000	3333	9955	5278	0.99100	1.10957	2.51186		
05:36:31	2000	3000	3333	9955	5271	0.99100	1.10958	2.51243		
05:36:41	2000	3000	3333	9955	5264	0.99100	1.10955	2.50623		
05:36:51	2000	3000	3333	9955	5257	0.99100	1.10957	2.50550		
05:37:01	2000	3000	3333	9955	5249	0.99100	1.10950	2.51207		
05:37:11	2000	3000	3333	9955	5240	0.99100	1.10951	2.50601		
05:37:21	2000	3000	3333	9955	5231	0.99100	1.10962	2.55129		
05:37:32	2000	3000	3333	9955	5217	0.99100	1.10961	2.51998		
05:37:42	2000	3000	3333	9955	5217	0.99100	1.10961	2.51998		
05:37:52	2000	3000	3333	9955	5217	0.99100	1.10961	2.51998		
05:38:12	2000	3000	3333	9955	5146	0.99100	1.10966	2.48326		
05:38:22	2000	3000	3333	9955	5146	0.99100	1.10966	2.48326		
05:38:42	2000	3000	3333	9955	5099	0.99100	1.10958	2.53563		
05:38:52	2000	3000	3333	9955	5091	0.99100	1.10958	2.54165		
05:39:02	2000	3000	3333	9955	5084	0.99100	1.10960	2.59125		
05:39:12	2000	3000	3333	9955	5079	0.99100	1.10974	2.78686		
05:39:22	2000	3000	3333	9955	5077	0.99100	1.10982	2.70400		
05:39:32	2000	3000	3333	9955	5082	0.99100	1.10993	2.40030		
05:39:43	2000	3000	3333	9955	5082	0.99100	1.10993	2.40030		
05:39:53	2000	3000	3333	9955	5082	0.99100	1.10993	2.40030		
05:40:03	2000	3000	3333	9955	5101	0.99100	1.10996	2.56074		
05:40:13	2000	3000	3333	9955	5114	0.99100	1.10992	2.60236		
05:40:23	2000	3000	3333	9955	5127	0.99100	1.10995	2.58165		
05:40:33	2000	3000	3333	9955	5140	0.99100	1.10991	2.58333		
05:40:43	2000	3000	3333	9955	5151	0.99100	1.10984	2.53170		
05:40:53	2000	3000	3333	9955	5162	0.99100	1.10972	2.55262		
05:41:03	2000	3000	3333	9955	5173	0.99100	1.10968	2.56193		
05:41:13	2000	3000	3333	9955	5183	0.99100	1.10964	2.51766		
05:41:23	2000	3000	3333	9955	5189	0.99100	1.10954	2.51233		
05:41:33	2000	3000	3333	9955	5192	0.99100	1.10957	2.49357		
05:41:43	2000	3000	3333	9955	5192	0.99100	1.10957	2.49357		
05:41:54	2000	3000	3333	9955	5196	0.99100	1.10951	2.48872		
05:42:04	2000	3000	3333	9955	5196	0.99100	1.10951	2.48872		
05:42:14	2000	3000	3333	9955	5201	0.99100	1.10943	2.51485		
05:42:24	2000	3000	3333	9955	5205	0.99100	1.10945	2.48881		
05:42:34	2000	3000	3333	9955	5208	0.99100	1.10942	2.41027		
05:42:44	2000	3000	3333	9955	5211	0.99100	1.10943	2.46896		
05:42:54	2000	3000	3333	9955	5211	0.99100	1.10943	2.46896		
05:43:44	2000	3000	3333	9955	5228	0.99100	1.10958	2.45245		
05:43:54	2000	3000	3333	9955	5228	0.99100	1.10960	2.32257		
05:44:05	2000	3000	3333	9955	5228	0.99100	1.10960	2.32257		
05:44:15	2000	3000	3333	9955	5228	0.99100	1.10960	2.32257		
05:46:46	2000	3000	3333	9955	5184	0.99100	1.10960	2.50672		
05:49:34	2000	3000	3333	9955	5186	0.99100	1.10957	2.46566		
05:49:44	2000	3000	3333	9955	5186	0.99100	1.10957	2.46566		
05:49:54	2000	3000	3333	9955	5187	0.99100	1.10949	2.47915		
05:50:04	2000	3000	3333	9955	5187	0.99100	1.10949	2.47915		
05:50:14	2000	3000	3333	9955	5187	0.99100	1.10949	2.47915		
05:51:25	2000	3000	3333	9955	5179	0.99100	1.10943	2.45348		
05:51:35	2000	3000	3333	9955	5179	0.99100	1.10943	2.45348		
05:51:55	2000	3000	3333	9955	5165	0.99100	1.10923	2.45969		
05:52:05	2000	3000	3333	9955	5162	0.99100	1.10925	2.47480		
05:52:15	2000	3000	3333	9955	5163	0.99100	1.10923	2.46290		
05:52:25	2000	3000	3333	9955	5163	0.99100	1.10923	2.46290		
05:52:35	2000	3000	3333	9955	5163	0.99100	1.10915	2.44831		
05:52:45	2000	3000	3333	9955	5163	0.99100	1.10915	2.44831		
05:52:55	2000	3000	3333	9955	5163	0.99100	1.10915	2.44831		
05:53:36	2000	3000	3333	9955	5169	0.99100	1.10919	2.44338		
05:53:46	2000	3000	3333	9955	5168	0.99100	1.10921	2.42862		
05:53:57	2000	3000	3333	9955	5168	0.99100	1.10921	2.42862		
05:54:07	2000	3000	3333	9955	5168	0.99100	1.10921	2.42862		
05:54:17	2000	3000	3333	9955	5178	0.99100	1.10912	2.43565		
05:54:27	2000	3000	3333	9955	5182	0.99100	1.10911	2.45588		
05:54:37	2000	3000	3333	9955	5181	0.99100	1.10913	2.43246		
05:54:48	2000	3000	3333	9955	5182	0.99100	1.10917	2.44769		
05:54:58	2000	3000	3333	9955	5183	0.99100	1.10917	2.44118		
05:55:08	2000	3000	3333	9955	5184	0.99100	1.10912	2.43993		
05:55:18	2000	3000	3333	9955	5184	0.99100	1.10912	2.43993		
05:56:19	2000	3000	3333	9955	5190	0.99100	1.10925	2.43160		
05:56:29	2000	3000	3333	9955	5190	0.99100	1.10925	2.43160		
05:56:40	2000	3000	3333	9955	5190	0.99100	1.10925	2.43160		
05:57:00	2000	3000	3333	9955	5188	0.99100	1.10934	2.42755		
05:57:10	2000	3000	3333	9955	5188	0.99100	1.10934	2.42755		
05:59:52	2000	3000	3333	9955	5151	0.99100	1.10948	2.57422		
06:00:02	2000	3000	3333	9955	5144	0.99100	1.10948	2.57721		
06:00:13	2000	3000	3333	9955	5140	0.99100	1.10955	2.58920		
06:00:23	2000	3000	3333	9955	5135	0.99100	1.10963	2.64590		
06:00:33	2000	3000	3333	9955	5135	0.99100	1.10963	2.64590		
06:01:13	2000	3000	3333	9955	5110	0.99100	1.10959	2.59576		
06:01:23	2000	3000	3333	9955	5110	0.99100	1.10959	2.59576		
06:01:43	2000	3000	3333	9955	5098	0.99100	1.10945	2.60689		
06:01:53	2000	3000	3333	9955	5098	0.99100	1.10941	2.57781		
06:02:03	2000	3000	3333	9955	5098	0.99100	1.10941	2.57781		
06:02:13	2000	3000	3333	9955	5098	0.99100	1.10942	2.59816		
06:02:24	2000	3000	3333	9955	5098	0.99100	1.10942	2.59816		
06:02:34	2000	3000	3333	9955	5103	0.99100	1.10940	2.53439		
06:02:44	2000	3000	3333	9955	5103	0.99100	1.10940	2.53439		
06:02:54	2000	3000	3333	9955	5103	0.99100	1.10940	2.53439		
06:03:34	2000	3000	3333	9955	5105	0.99100	1.10919	2.52354		
06:03:44	2000	3000	3333	9955	5103	0.99100	1.10911	2.53480		
06:03:54	2000	3000	3333	9955	5103	0.99100	1.10911	2.53480		
06:05:15	2000	3000	3333	9955	5060	0.99100	1.10908	2.58428		
06:05:25	2000	3000	3333	9955	5057	0.99100	1.10907	2.61680		
06:05:35	2000	3000	3333	9955	5057	0.99100	1.10907	2.61680		
06:05:45	2000	3000	3333	9955	5057	0.99100	1.10907	2.61680		
06:06:05	2000	3000	3333	9955	5056	0.99100	1.10927	2.48949		
06:06:15	2000	3000	3333	9955	5056	0.99100	1.10927	2.48949		
06:06:25	2000	3000	3333	9955	5059	0.99100	1.10935	2.45017		
06:06:35	2000	3000	3333	9955	5059	0.99100	1.10935	2.45017		
06:06:46	2000	3000	3333	9955	5059	0.99100	1.10935	2.45017		
06:07:06	2000	3000	3333	9955	5062	0.99100	1.10929	2.45976		
06:07:16	2000	3000	3333	9955	5062	0.99100	1.10929	2.45976		
06:07:47	2000	3000	3333	9955	5076	0.99100	1.10925	2.41123		
06:07:57	2000	3000	3333	9955	5078	0.99100	1.10919	2.44331		
06:08:07	2000	3000	3333	9955	5081	0.99100	1.10927	2.47874		
06:08:17	2000	3000	3333	9955	5081	0.99100	1.10924	2.43724		
06:08:28	2000	3000	3333	9955	5081	0.99100	1.10924	2.43724		
06:08:38	2000	3000	3333	9955	5081	0.99100	1.10924	2.43724		
06:09:18	2000	3000	3333	9955	5112	0.99100	1.10912	2.44245		
06:09:29	2000	3000	3333	9955	5112	0.99100	1.10912	2.44245		
06:09:39	2000	3000	3333	9955	5112	0.99100	1.10912	2.44245		
06:10:20	2000	3000	3333	9955	5171	0.99100	1.10908	2.43849		
06:10:30	2000	3000	3333	9955	5180	0.99100	1.10903	2.41514		
06:10:40	2000	3000	3333	9955	5187	0.99100	1.10904	2.43776		
06:10:50	2000	3000	3333	9955	5195	0.99100	1.10902	2.40399		
06:11:00	2000	3000	3333	9955	5209	0.99100	1.10902	2.40126		
06:11:11	2000	3000	3333	9955	5215	0.99100	1.10910	2.39925		
06:11:21	2000	3000	3333	9955	5222	0.99100	1.10908	2.27349		
06:11:31	2000	3000	3333	9955	5222	0.99100	1.10908	2.27349		
06:11:41	2000	3000	3333	9955	5222	0.99100	1.10908	2.27349		
06:11:51	2000	3000	3333	9955	5239	0.99100	1.10915	2.43749		
06:12:01	2000	3000	3333	9955	5239	0.99100	1.10915	2.43749		
06:12:12	2000	3000	3333	9955	5239	0.99100	1.10915	2.43749		
06:12:22	2000	3000	3333	9955	5254	0.99100	1.10906	2.44887		
06:12:32	2000	3000	3333	9955	5264	0.99100	1.10901	2.45853		
06:12:42	2000	3000	3333	9955	5275	0.99100	1.10897	2.24441		
06:12:52	2000	3000	3333	9955	5288	0.99100	1.10896	2.47064		
06:13:02	2000	3000	3333	9955	5300	0.99100	1.10898	2.53160		
06:13:13	2000	3000	3333	9955	5300	0.99100	1.10898	2.53160		
06:13:43	2000	3000	3333	9955	5364	0.99100	1.10901	2.52212		
06:13:53	2000	3000	3333	9955	5364	0.99100	1.10901	2.52212		
06:14:04	2000	3000	3333	9955	5389	0.99100	1.10896	2.53658		
06:14:14	2000	3000	3333	9955	5402	0.99100	1.10900	2.54440		
06:14:24	2000	3000	3333	9955	5402	0.99100	1.10900	2.54440		
06:14:34	2000	3000	3333	9955	5402	0.99100	1.10900	2.54440		
06:14:44	2000	3000	3333	9955	5427	0.99100	1.10894	2.49149		
06:14:55	2000	3000	3333	9955	5427	0.99100	1.10894	2.49149		
06:15:05	2000	3000	3333	9955	5427	0.99100	1.10894	2.49149		
06:15:15	2000	3000	3333	9955	5445	0.99100	1.10885	2.39070		
06:15:25	2000	3000	3333	9955	5454	0.99100	1.10880	2.41308		
06:15:35	2000	3000	3333	9955	5454	0.99100	1.10880	2.41308		
06:15:45	2000	3000	3333	9955	5478	0.99100	1.10867	2.44801		
06:15:56	2000	3000	3333	9955	5478	0.99100	1.10867	2.44801		
06:16:46	2000	3000	3333	9955	5517	0.99100	1.10865	2.45022		
06:16:56	2000	3000	3333	9955	5521	0.99100	1.10861	2.49475		
06:17:06	2000	3000	3333	9955	5526	0.99100	1.10862	2.47436		
06:17:16	2000	3000	3333	9955	5526	0.99100	1.10862	2.47436		
06:17:26	2000	3000	3333	9955	5526	0.99100	1.10862	2.47436		
06:18:07	2000	3000	3333	9955	5515	0.99100	1.10870	2.62168		
06:18:17	2000	3000	3333	9955	5514	0.99100	1.10876	2.67434		
06:18:27	2000	3000	3333	9955	5512	0.99100	1.10881	2.60585		
06:18:37	2000	3000	3333	9955	5511	0.99100	1.10878	2.60848		
06:18:47	2000	3000	3333	9955	5510	0.99100	1.10873	2.58588		
06:18:57	2000	3000	3333	9955	5505	0.99100	1.10870	2.56984		
06:19:07	2000	3000	3333	9955	5499	0.99100	1.10873	2.59406		
06:19:17	2000	3000	3333	9955	5490	0.99100	1.10865	2.56353		
06:19:27	2000	3000	3333	9955	5480	0.99100	1.10863	2.58042		
06:19:37	2000	3000	3333	9955	5474	0.99100	1.10863	2.63302		
06:19:47	2000	3000	3333	9955	5474	0.99100	1.10863	2.63302		
06:21:48	2000	3000	3333	9955	5524	0.99100	1.10830	2.68324		
06:21:58	2000	3000	3333	9955	5535	0.99100	1.10832	2.65598		
06:22:09	2000	3000	3333	9955	5535	0.99100	1.10832	2.65598		
06:23:49	2000	3000	3333	9955	5610	0.99100	1.10862	2.66219		
06:23:59	2000	3000	3333	9955	5590	0.99100	1.10860	2.68413		
06:24:09	2000	3000	3333	9955	5566	0.99100	1.10854	2.63817		
06:24:20	2000	3000	3333	9955	5544	0.99100	1.10852	2.77334		
06:24:30	2000	3000	3333	9955	5526	0.99100	1.10865	2.63645		
06:24:40	2000	3000	3333	9955	5526	0.99100	1.10865	2.63645		
06:24:50	2000	3000	3333	9955	5526	0.99100	1.10865	2.63645		
06:25:00	2000	3000	3333	9955	5495	0.99100	1.10865	2.64322		
06:25:10	2000	3000	3333	9955	5498	0.99100	1.10856	2.61860		
06:25:20	2000	3000	3333	9955	5498	0.99100	1.10849	2.60245		
06:25:30	2000	3000	3333	9955	5501	0.99100	1.10847	2.64394		
06:25:40	2000	3000	3333	9955	5501	0.99100	1.10847	2.64394		
06:25:50	2000	3000	3333	9955	5489	0.99100	1.10836	2.63200		
06:26:00	2000	3000	3333	9955	5476	0.99100	1.10830	2.66955		
06:26:10	2000	3000	3333	9955	5461	0.99100	1.10821	2.64820		
06:26:20	2000	3000	3333	9955	5443	0.99100	1.10812	2.64821		
06:26:31	2000	3000	3333	9955	5443	0.99100	1.10812	2.64821		
06:26:41	2000	3000	3333	9955	5412	0.99100	1.10759	2.74383		
06:26:51	2000	3000	3333	9955	5404	0.99100	1.10745	2.69345		
06:27:01	2000	3000	3333	9955	5414	0.99100	1.10741	2.69389		
06:27:11	2000	3000	3333	9955	5432	0.99100	1.10736	2.70906		
06:27:21	2000	3000	3333	9955	5455	0.99100	1.10731	2.71453		
06:27:31	2000	3000	3333	9955	5455	0.99100	1.10731	2.71453		
06:27:42	2000	3000	3333	9955	5455	0.99100	1.10731	2.71453		
06:27:52	2000	3000	3333	9955	5538	0.99100	1.10716	2.70255		
06:28:02	2000	3000	3333	9955	5538	0.99100	1.10716	2.70255		
06:28:12	2000	3000	3333	9955	5538	0.99100	1.10716	2.70255		
06:28:22	2000	3000	3333	9955	5545	0.99100	1.10728	2.71339		
06:28:32	2000	3000	3333	9955	5527	0.99100	1.10733	2.70066		
06:28:43	2000	3000	3333	9955	5496	0.99100	1.10732	2.68079		
06:28:53	2000	3000	3333	9955	5460	0.99100	1.10734	2.69545		
06:29:03	2000	3000	3333	9955	5421	0.99100	1.10732	2.66043		
06:29:13	2000	3000	3333	9955	5378	0.99100	1.10729	2.65580		
06:29:23	2000	3000	3333	9955	5378	0.99100	1.10729	2.65580		
06:31:26	2000	3000	3333	9955	5283	0.99100	1.10721	2.72945		
06:31:36	2000	3000	3333	9955	5283	0.99100	1.10721	2.72945		
06:31:46	2000	3000	3333	9955	5231	0.99100	1.10715	2.83701		
06:31:56	2000	3000	3333	9955	5221	0.99100	1.10718	2.80814		
06:32:06	2000	3000	3333	9955	5247	0.99100	1.10717	2.76376		
06:32:17	2000	3000	3333	9955	5254	0.99100	1.10710	2.79521		
06:32:27	2000	3000	3333	9955	5252	0.99100	1.10714	2.78741		
06:32:37	2000	3000	3333	9955	5252	0.99100	1.10714	2.78741		
06:32:47	2000	3000	3333	9955	5252	0.99100	1.10714	2.78741		
06:33:07	2000	3000	3333	9955	5249	0.99100	1.10702	2.75502		
06:33:17	2000	3000	3333	9955	5241	0.99100	1.10699	2.75794		
06:33:28	2000	3000	3333	9955	5235	0.99100	1.10696	2.79326		
06:33:38	2000	3000	3333	9955	5231	0.99100	1.10692	2.78542		
06:33:48	2000	3000	3333	9955	5227	0.99100	1.10695	2.77644		
06:33:58	2000	3000	3333	9955	5223	0.99100	1.10695	2.64286		
06:34:08	2000	3000	3333	9955	5221	0.99100	1.10691	2.60945		
06:34:18	2000	3000	3333	9955	5221	0.99100	1.10693	2.65381		
06:34:28	2000	3000	3333	9955	5218	0.99100	1.10688	2.65600		
06:34:38	2000	3000	3333	9955	5213	0.99100	1.10685	2.65052		
06:34:48	2000	3000	3333	9955	5209	0.99100	1.10692	2.66844		
06:34:58	2000	3000	3333	9955	5205	0.99100	1.10687	2.70150		
06:35:08	2000	3000	3333	9955	5204	0.99100	1.10689	2.78048		
06:35:18	2000	3000	3333	9955	5203	0.99100	1.10697	2.90190		
06:35:28	2000	3000	3333	9955	5202	0.99100	1.10706	2.82292		
06:35:39	2000	3000	3333	9955	5196	0.99100	1.10705	2.80987		
06:35:49	2000	3000	3333	9955	5191	0.99100	1.10715	2.91191		
06:35:59	2000	3000	3333	9955	5179	0.99100	1.10733	2.80294		
06:36:09	2000	3000	3333	9955	5181	0.99100	1.10735	2.82164		
06:36:19	2000	3000	3333	9955	5181	0.99100	1.10735	2.82164		
06:36:29	2000	3000	3333	9955	5181	0.99100	1.10735	2.82164		
06:37:29	2000	3000	3333	9955	5141	0.99100	1.10721	2.61486		
06:37:39	2000	3000	3333	9955	5141	0.99100	1.10721	2.61486		
06:37:50	2000	3000	3333	9955	5141	0.99100	1.10721	2.61486		
06:38:30	2000	3000	3333	9955	5136	0.99100	1.10704	2.54274		
06:38:40	2000	3000	3333	9955	5134	0.99100	1.10700	2.53617		
06:38:50	2000	3000	3333	9955	5137	0.99100	1.10691	2.52614		
06:39:00	2000	3000	3333	9955	5138	0.99100	1.10691	2.57194		
06:39:10	2000	3000	3333	9955	5132	0.99100	1.10683	2.55553		
06:39:20	2000	3000	3333	9955	5130	0.99100	1.10670	2.54332		
06:39:30	2000	3000	3333	9955	5134	0.99100	1.10662	2.55497		
06:39:40	2000	3000	3333	9955	5139	0.99100	1.10666	2.64149		
06:39:50	2000	3000	3333	9955	5146	0.99100	1.10662	2.69624		
06:40:01	2000	3000	3333	9955	5148	0.99100	1.10661	2.81992		
06:40:11	2000	3000	3333	9955	5147	0.99100	1.10650	2.79469		
06:40:21	2000	3000	3333	9955	5143	0.99100	1.10651	2.77583		
06:40:31	2000	3000	3333	9955	5143	0.99100	1.10651	2.77583		
06:40:41	2000	3000	3333	9955	5138	0.99100	1.10647	2.77622		
06:40:51	2000	3000	3333	9955	5133	0.99100	1.10644	2.78360		
06:41:01	2000	3000	3333	9955	5133	0.99100	1.10644	2.78360		
06:41:11	2000	3000	3333	9955	5133	0.99100	1.10644	2.78360		
06:41:52	2000	3000	3333	9955	5129	0.99100	1.10677	2.93627		
06:42:02	2000	3000	3333	9955	5128	0.99100	1.10683	2.95991		
06:42:13	2000	3000	3333	9955	5128	0.99100	1.10683	2.95991		
06:42:23	2000	3000	3333	9955	5123	0.99100	1.10680	2.90255		
06:42:33	2000	3000	3333	9955	5117	0.99100	1.10677	2.88451		
06:42:43	2000	3000	3333	9955	5111	0.99100	1.10674	2.89169		
06:42:53	2000	3000	3333	9955	5106	0.99100	1.10674	2.90449		
06:43:03	2000	3000	3333	9955	5103	0.99100	1.10676	2.88550		
06:43:14	2000	3000	3333	9955	5103	0.99100	1.10676	2.88550		
06:43:24	2000	3000	3333	9955	5103	0.99100	1.10676	2.88550		
06:44:05	2000	3000	3333	9955	5088	0.99100	1.10673	2.99686		
06:44:15	2000	3000	3333	9955	5086	0.99100	1.10673	2.86895		
06:44:25	2000	3000	3333	9955	5082	0.99100	1.10683	2.89669		
06:44:35	2000	3000	3333	9955	5088	0.99100	1.10676	2.84269		
06:44:45	2000	3000	3333	9955	5085	0.99100	1.10675	2.83408		
06:44:56	2000	3000	3333	9955	5082	0.99100	1.10670	2.73313		
06:45:06	2000	3000	3333	9955	5083	0.99100	1.10669	2.76039		
06:45:16	2000	3000	3333	9955	5081	0.99100	1.10666	2.78399		
06:45:26	2000	3000	3333	9955	5081	0.99100	1.10660	2.78121		
06:45:36	2000	3000	3333	9955	5083	0.99100	1.10661	2.80891		
06:45:47	2000	3000	3333	9955	5083	0.99100	1.10663	2.77268		
06:45:57	2000	3000	3333	9955	5081	0.99100	1.10659	2.78471		
06:46:07	2000	3000	3333	9955	5082	0.99100	1.10655	2.70525		
06:46:17	2000	3000	3333	9955	5079	0.99100	1.10649	2.65458		
06:46:27	2000	3000	3333	9955	5081	0.99100	1.10642	2.62687		
06:46:37	2000	3000	3333	9955	5081	0.99100	1.10642	2.62687		
06:46:48	2000	3000	3333	9955	5081	0.99100	1.10642	2.62687		
06:47:49	2000	3000	3333	9955	5077	0.99100	1.10618	2.62276		
06:47:59	2000	3000	3333	9955	5072	0.99100	1.10620	2.59062		
06:48:09	2000	3000	3333	9955	5069	0.99100	1.10612	2.54997		
06:48:19	2000	3000	3333	9955	5064	0.99100	1.10605	2.54855		
06:48:30	2000	3000	3333	9955	5061	0.99100	1.10598	2.55892		
06:48:40	2000	3000	3333	9955	5058	0.99100	1.10607	2.56569		
06:48:50	2000	3000	3333	9955	5056	0.99100	1.10601	2.58076		
06:49:00	2000	3000	3333	9955	5056	0.99100	1.10600	2.58289		
06:49:10	2000	3000	3333	9955	5057	0.99100	1.10606	2.60008		
06:49:20	2000	3000	3333	9955	5058	0.99100	1.10599	2.57024		
06:52:09	2000	3000	3333	9955	5061	0.99100	1.10603	2.56641		
06:52:19	2000	3000	3333	9955	5064	0.99100	1.10600	2.57167		
06:52:29	2000	3000	3333	9955	5064	0.99100	1.10600	2.57167		
06:52:49	2000	3000	3333	9955	5075	0.99100	1.10613	2.66615		
06:52:59	2000	3000	3333	9955	5075	0.99100	1.10613	2.66615		
06:53:19	2000	3000	3333	9955	5077	0.99100	1.10616	2.74439		
06:53:30	2000	3000	3333	9955	5075	0.99100	1.10621	2.83386		
06:53:40	2000	3000	3333	9955	5075	0.99100	1.10631	2.86884		
06:53:50	2000	3000	3333	9955	5074	0.99100	1.10640	2.85910		
06:54:00	2000	3000	3333	9955	5074	0.99100	1.10646	2.94296		
06:54:10	2000	3000	3333	9955	5073	0.99100	1.10647	2.91793		
06:54:20	2000	3000	3333	9955	5070	0.99100	1.10653	2.85428		
06:54:30	2000	3000	3333	9955	5066	0.99100	1.10646	2.88910		
06:54:40	2000	3000	3333	9955	5065	0.99100	1.10652	2.85108		
06:54:50	2000	3000	3333	9955	5064	0.99100	1.10641	2.81214		
06:55:00	2000	3000	3333	9955	5064	0.99100	1.10629	2.80461		
06:55:10	2000	3000	3333	9955	5062	0.99100	1.10624	2.79566		
06:55:20	2000	3000	3333	9955	5060	0.99100	1.10614	2.80012		
06:55:30	2000	3000	3333	9955	5058	0.99100	1.10610	2.85060		
06:55:41	2000	3000	3333	9955	5057	0.99100	1.10606	2.84744		
06:55:51	2000	3000	3333	9955	5054	0.99100	1.10600	2.83255		
06:56:01	2000	3000	3333	9955	5051	0.99100	1.10599	2.80386		
06:56:11	2000	3000	3333	9955	5048	0.99100	1.10593	2.80554		
06:56:21	2000	3000	3333	9955	5042	0.99100	1.10581	2.81907		
06:56:31	2000	3000	3333	9955	5036	0.99100	1.10588	2.80003		
06:56:41	2000	3000	3333	9955	5030	0.99100	1.10584	2.81821		
06:56:51	2000	3000	3333	9955	5024	0.99100	1.10586	2.83881		
06:57:01	2000	3000	3333	9955	5016	0.99100	1.10594	2.84414		
06:57:11	2000	3000	3333	9955	5013	0.99100	1.10595	2.84108		
06:57:21	2000	3000	3333	9955	5015	0.99100	1.10600	2.83139		
06:57:31	2000	3000	3333	9955	5015	0.99100	1.10600	2.83139		
06:57:41	2000	3000	3333	9955	5017	0.99100	1.10590	2.81310		
06:57:52	2000	3000	3333	9955	5016	0.99100	1.10585	2.78922		
06:58:02	2000	3000	3333	9955	5017	0.99100	1.10587	2.75302		
06:58:12	2000	3000	3333	9955	5021	0.99100	1.10583	2.73227		
06:58:22	2000	3000	3333	9955	5025	0.99100	1.10582	2.67940		
06:58:32	2000	3000	3333	9955	5025	0.99100	1.10582	2.67940		
06:58:42	2000	3000	3333	9955	5036	0.99100	1.10587	2.67223		
06:58:52	2000	3000	3333	9955	5044	0.99100	1.10588	2.69130		
06:59:02	2000	3000	3333	9955	5044	0.99100	1.10588	2.69130		
07:00:03	2000	3000	3333	9955	5052	0.99100	1.10575	2.49995		
07:00:13	2000	3000	3333	9955	5049	0.99100	1.10568	2.54547		
07:00:23	2000	3000	3333	9955	5049	0.99100	1.10568	2.54547		
07:01:03	2000	3000	3333	9955	5052	0.99100	1.10589	2.65881		
07:01:13	2000	3000	3333	9955	5052	0.99100	1.10588	2.64445		
07:01:23	2000	3000	3333	9955	5050	0.99100	1.10594	2.69609		
07:01:33	2000	3000	3333	9955	5049	0.99100	1.10589	2.63796		
07:01:43	2000	3000	3333	9955	5050	0.99100	1.10594	2.71190		
07:01:53	2000	3000	3333	9955	5049	0.99100	1.10585	2.66759		
07:02:03	2000	3000	3333	9955	5046	0.99100	1.10589	2.56100		
07:02:14	2000	3000	3333	9955	5042	0.99100	1.10590	2.58692		
07:02:24	2000	3000	3333	9955	5039	0.99100	1.10582	2.61992		
07:02:34	2000	3000	3333	9955	5033	0.99100	1.10582	2.65163		
07:02:44	2000	3000	3333	9955	5028	0.99100	1.10577	2.60413		
07:02:54	2000	3000	3333	9955	5028	0.99100	1.10577	2.60413		
07:03:24	2000	3000	3333	9955	5004	0.99100	1.10564	2.85404		
07:03:34	2000	3000	3333	9955	5001	0.99100	1.10567	2.83359		
07:03:44	2000	3000	3333	9955	4995	0.99100	1.10561	2.82153		
07:03:54	2000	3000	3333	9955	4992	0.99100	1.10560	2.80900		
07:04:04	2000	3000	3333	9955	4990	0.99100	1.10554	2.81613		
07:04:14	2000	3000	3333	9955	4987	0.99100	1.10544	2.80333		
07:04:25	2000	3000	3333	9955	4983	0.99100	1.10548	2.81078		
07:04:35	2000	3000	3333	9955	4981	0.99100	1.10540	2.80870		
07:04:45	2000	3000	3333	9955	4977	0.99100	1.10541	2.79308		
07:04:55	2000	3000	3333	9955	4972	0.99100	1.10535	2.80265		
07:05:05	2000	3000	3333	9955	4969	0.99100	1.10533	2.80858		
07:05:15	2000	3000	3333	9955	4969	0.99100	1.10533	2.80858		
07:05:25	2000	3000	3333	9955	4961	0.99100	1.10542	2.79965		
07:05:35	2000	3000	3333	9955	4958	0.99100	1.10535	2.80720		
07:05:45	2000	3000	3333	9955	4952	0.99100	1.10532	2.72147		
07:05:56	2000	3000	3333	9955	4966	0.99100	1.10542	2.47857		
07:06:06	2000	3000	3333	9955	4966	0.99100	1.10542	2.47857		
