

			DELHI AIRPORT : 30 m Base line


Time	RVR	 MOR	RVR	MOR	BLM	Trf	 Ref(v)	PD(v)
	(limited)	(limited)	(actual)	(actual)

01:50:12	2000	3000	3333	9955	2081	0.99100	1.10944	2.27176		
01:50:22	2000	3000	3333	9955	2059	0.99100	1.10958	2.27569		
01:52:36	2000	3000	3333	9955	2039	0.99100	1.10969	2.27506		
01:52:46	2000	3000	3333	9955	2022	0.99100	1.10972	2.27909		
01:52:56	2000	3000	3333	9955	2008	0.99100	1.10979	2.27941		
01:53:06	2000	3000	3333	9955	1997	0.99100	1.10981	2.27780		
01:53:17	2000	3000	3333	9955	1988	0.99100	1.10986	2.27198		
01:53:27	2000	3000	3333	9955	1982	0.99100	1.10992	2.27311		
01:53:37	2000	3000	3333	9955	1976	0.99100	1.10996	2.27308		
01:53:47	2000	3000	3333	9955	1972	0.99100	1.11010	2.27236		
01:53:57	2000	3000	3333	9955	1970	0.99100	1.11013	2.27505		
01:54:08	2000	3000	3333	9955	1967	0.99100	1.11013	2.27155		
01:54:18	2000	3000	3333	9955	1967	0.99100	1.11013	2.27155		
01:54:28	2000	3000	3333	9955	1966	0.99100	1.11017	2.26609		
01:54:38	2000	3000	3333	9955	1966	0.99100	1.11025	2.27233		
01:54:48	2000	3000	3333	9955	1969	0.99100	1.11030	2.26640		
01:54:59	2000	3000	3333	9955	1969	0.99100	1.11030	2.26640		
01:55:09	2000	3000	3333	9955	1978	0.99100	1.11032	2.26268		
01:55:19	2000	3000	3333	9955	1982	0.99100	1.11033	2.26389		
01:55:29	2000	3000	3333	9955	1984	0.99100	1.11038	2.25417		
01:55:39	2000	3000	3333	9955	1988	0.99100	1.11039	2.26007		
01:55:49	2000	3000	3333	9955	1990	0.99100	1.11042	2.26735		
01:56:00	2000	3000	3333	9955	1993	0.99100	1.11041	2.26096		
01:56:10	2000	3000	3333	9955	1997	0.99100	1.11044	2.26338		
01:56:20	2000	3000	3333	9955	2004	0.99100	1.11048	2.26614		
01:56:30	2000	3000	3333	9955	2014	0.99100	1.11048	2.26506		
01:56:40	2000	3000	3333	9955	2023	0.99100	1.11048	2.26527		
01:56:50	2000	3000	3333	9955	2030	0.99100	1.11071	2.26365		
01:57:01	2000	3000	3333	9955	2033	0.99100	1.11078	2.26734		
01:57:11	2000	3000	3333	9955	2028	0.99100	1.11083	2.26570		
01:57:21	2000	3000	3333	9955	2018	0.99100	1.11087	2.26444		
01:57:31	2000	3000	3333	9955	2002	0.99100	1.11091	2.26409		
01:57:41	2000	3000	3333	9955	1976	0.99100	1.11095	2.26422		
01:57:52	2000	3000	3333	9955	1963	0.99100	1.11094	2.26429		
01:58:02	2000	3000	3333	9955	1952	0.99100	1.11090	2.26454		
01:58:12	2000	3000	3333	9955	1942	0.99100	1.11091	2.26401		
01:58:22	2000	3000	3333	9955	1933	0.99100	1.11087	2.26535		
01:58:32	2000	3000	3333	9955	1927	0.99100	1.11086	2.26143		
01:58:43	2000	3000	3333	9955	1924	0.99100	1.11089	2.25323		
01:58:53	2000	3000	3333	9955	1927	0.99100	1.11090	2.25238		
01:59:03	2000	3000	3333	9955	1927	0.99100	1.11090	2.26455		
01:59:13	2000	3000	3333	9955	1924	0.99100	1.11095	2.25409		
01:59:23	2000	3000	3333	9955	1921	0.99100	1.11094	2.25620		
01:59:33	2000	3000	3333	9955	1920	0.99100	1.11089	2.25825		
01:59:43	2000	3000	3333	9955	1921	0.99100	1.11084	2.25504		
01:59:54	2000	3000	3333	9955	1921	0.99100	1.11084	2.25504		
02:00:14	2000	3000	3333	9955	1907	0.99100	1.11074	2.25070		
02:00:24	2000	3000	3333	9955	1904	0.99100	1.11071	2.25195		
02:00:34	2000	3000	3333	9955	1899	0.99100	1.11072	2.18498		
02:00:44	2000	3000	3333	9955	1894	0.99100	1.11072	2.24856		
02:00:54	2000	3000	3333	9955	1889	0.99100	1.11069	2.24684		
02:01:04	2000	3000	3333	9955	1880	0.99100	1.11070	2.25062		
02:01:14	2000	3000	3333	9955	1868	0.99100	1.11068	2.23910		
02:01:24	2000	3000	3333	9955	1843	0.99100	1.11064	2.24166		
02:01:34	2000	3000	3333	9955	1843	0.99100	1.11064	2.24166		
02:01:44	2000	3000	3333	9955	1843	0.99100	1.11064	2.24166		
02:01:54	2000	3000	3333	9955	1802	0.99100	1.11065	2.23611		
02:02:05	2000	3000	3333	9955	1790	0.99100	1.11065	2.24057		
02:02:15	2000	3000	3333	9955	1790	0.99100	1.11065	2.24057		
02:02:25	2000	3000	3333	9955	1776	0.99100	1.11058	2.23889		
02:02:35	2000	3000	3333	9955	1770	0.99100	1.11063	2.24202		
02:02:45	2000	3000	3333	9955	1770	0.99100	1.11063	2.24202		
02:02:55	2000	3000	3333	9955	1757	0.99100	1.11062	2.24026		
02:03:05	2000	3000	3333	9955	1749	0.99100	1.11065	2.23867		
02:03:15	2000	3000	3333	9955	1744	0.99100	1.11064	2.24185		
02:03:25	2000	3000	3333	9955	1740	0.99100	1.11059	2.24166		
02:03:35	2000	3000	3333	9955	1740	0.99100	1.11058	2.24175		
02:03:45	2000	3000	3333	9955	1742	0.99100	1.11061	2.24093		
02:03:55	2000	3000	3333	9955	1748	0.99100	1.11058	2.23844		
02:04:05	2000	3000	3333	9955	1755	0.99100	1.11060	2.23814		
02:04:16	2000	3000	3333	9955	1764	0.99100	1.11060	2.23979		
02:04:26	2000	3000	3333	9955	1775	0.99100	1.11058	2.24122		
02:04:36	2000	3000	3333	9955	1788	0.99100	1.11056	2.23902		
02:04:46	2000	3000	3333	9955	1803	0.99100	1.11059	2.23970		
02:04:56	2000	3000	3333	9955	1820	0.99100	1.11057	2.24225		
02:05:06	2000	3000	3333	9955	1838	0.99100	1.11061	2.24125		
02:05:16	2000	3000	3333	9955	1857	0.99100	1.11061	2.24157		
02:05:26	2000	3000	3333	9955	1875	0.99100	1.11058	2.24453		
02:05:36	2000	3000	3333	9955	1893	0.99100	1.11061	2.24075		
02:05:46	2000	3000	3333	9955	1929	0.99100	1.11061	2.24229		
02:05:56	2000	3000	3333	9955	1949	0.99100	1.11058	2.23978		
02:06:06	2000	3000	3333	9955	1969	0.99100	1.11058	2.23948		
02:06:16	2000	3000	3333	9955	1993	0.99100	1.11059	2.23734		
02:06:27	2000	3000	3333	9955	1993	0.99100	1.11059	2.23734		
02:06:37	2000	3000	3333	9955	1993	0.99100	1.11059	2.23734		
02:06:47	2000	3000	3333	9955	2074	0.99100	1.11054	2.23438		
02:06:57	2000	3000	3333	9955	2103	0.99100	1.11053	2.24410		
02:07:07	2000	3000	3333	9955	2132	0.99100	1.11093	2.24624		
02:07:17	2000	3000	3333	9955	2162	0.99100	1.11092	2.24539		
02:07:27	2000	3000	3333	9955	2190	0.99100	1.11092	2.24453		
02:07:37	2000	3000	3333	9955	2217	0.99100	1.11093	2.24109		
02:07:47	2000	3000	3333	9955	2241	0.99100	1.11093	2.24403		
02:07:57	2000	3000	3333	9955	2262	0.99100	1.11095	2.24809		
02:08:07	2000	3000	3333	9955	2278	0.99100	1.11100	2.25167		
02:08:17	2000	3000	3333	9955	2290	0.99100	1.11105	2.24986		
02:08:27	2000	3000	3333	9955	2303	0.99100	1.11108	2.25454		
02:08:37	2000	3000	3333	9955	2315	0.99100	1.11105	2.25213		
02:08:48	2000	3000	3333	9955	2325	0.99100	1.11103	2.24868		
02:08:58	2000	3000	3333	9955	2335	0.99100	1.11103	2.25400		
02:09:08	2000	3000	3333	9955	2345	0.99100	1.11110	2.25245		
02:09:18	2000	3000	3333	9955	2345	0.99100	1.11110	2.25245		
02:09:28	2000	3000	3333	9955	2367	0.99100	1.11111	2.25629		
02:09:38	2000	3000	3333	9955	2380	0.99100	1.11111	2.25875		
02:09:48	2000	3000	3333	9955	2395	0.99100	1.11110	2.25796		
02:09:58	2000	3000	3333	9955	2414	0.99100	1.11108	2.25418		
02:10:08	2000	3000	3333	9955	2459	0.99100	1.11109	2.26234		
02:10:18	2000	3000	3333	9955	2486	0.99100	1.11110	2.26449		
02:10:28	2000	3000	3333	9955	2486	0.99100	1.11110	2.26449		
02:10:38	2000	3000	3333	9955	2556	0.99100	1.11111	2.26985		
02:10:48	2000	3000	3333	9955	2598	0.99100	1.11108	2.26868		
02:10:59	2000	3000	3333	9955	2598	0.99100	1.11108	2.26868		
02:11:09	2000	3000	3333	9955	2683	0.99100	1.11114	2.26303		
02:11:19	2000	3000	3333	9955	2734	0.99100	1.11113	2.26446		
02:11:29	2000	3000	3333	9955	2784	0.99100	1.11106	2.25857		
02:11:39	2000	3000	3333	9955	2837	0.99100	1.11104	2.24422		
02:11:49	2000	3000	3333	9955	2886	0.99100	1.11093	2.24914		
02:11:59	2000	3000	3333	9955	2931	0.99100	1.11082	2.24776		
02:12:09	2000	3000	3333	9955	2931	0.99100	1.11082	2.24776		
02:12:19	2000	3000	3333	9955	3014	0.99100	1.11068	2.25062		
02:12:29	2000	3000	3333	9955	3058	0.99100	1.11067	2.24362		
02:12:39	2000	3000	3333	9955	3058	0.99100	1.11067	2.24362		
02:12:49	2000	3000	3333	9955	3152	0.99100	1.11057	2.25553		
02:12:59	2000	3000	3333	9955	3152	0.99100	1.11057	2.25553		
02:13:10	2000	3000	3333	9955	3252	0.99100	1.11045	2.26117		
02:13:20	2000	3000	3333	9955	3305	0.99100	1.11041	2.26483		
02:13:30	2000	3000	3333	9955	3351	0.99100	1.11040	2.25805		
02:13:40	2000	3000	3333	9955	3385	0.99100	1.11039	2.26402		
02:13:50	2000	3000	3333	9955	3385	0.99100	1.11039	2.26402		
02:14:00	2000	3000	3333	9955	3417	0.99100	1.11035	2.26539		
02:14:10	2000	3000	3333	9955	3417	0.99100	1.11035	2.26539		
02:14:20	2000	3000	3333	9955	3425	0.99100	1.11028	2.25290		
02:14:30	2000	3000	3333	9955	3435	0.99100	1.11022	2.24381		
02:14:40	2000	3000	3333	9955	3438	0.99100	1.11011	2.26888		
02:14:50	2000	3000	3333	9955	3438	0.99100	1.11011	2.26888		
02:15:00	2000	3000	3333	9955	3432	0.99100	1.11001	2.27562		
02:15:10	2000	3000	3333	9955	3435	0.99100	1.10993	2.27316		
02:15:21	2000	3000	3333	9955	3419	0.99100	1.10987	2.25960		
02:15:31	2000	3000	3333	9955	3435	0.99100	1.10984	2.25420		
02:15:41	2000	3000	3333	9955	3435	0.99100	1.10984	2.25420		
02:15:51	2000	3000	3333	9955	3435	0.99100	1.10984	2.25420		
02:16:11	2000	3000	3333	9955	3453	0.99100	1.10954	2.28239		
02:16:21	2000	3000	3333	9955	3452	0.99100	1.10951	2.28468		
02:16:31	2000	3000	3333	9955	3452	0.99100	1.10951	2.28468		
02:16:41	2000	3000	3333	9955	3448	0.99100	1.10944	2.28760		
02:16:51	2000	3000	3333	9955	3443	0.99100	1.10945	2.28576		
02:17:01	2000	3000	3333	9955	3439	0.99100	1.10941	2.28897		
02:17:11	2000	3000	3333	9955	3439	0.99100	1.10941	2.28897		


			DELHI AIRPORT : 30 m Base line


Time	RVR	 MOR	RVR	MOR	BLM	Trf	 Ref(v)	PD(v)
	(limited)	(limited)	(actual)	(actual)

05:23:35	2000	3000	1659	9955	4108	0.99100	1.11120	2.17699		
05:23:45	2000	3000	3318	9955	4108	0.99100	1.11120	2.17699		
05:23:56	2000	3000	3333	9955	4111	0.99100	1.11121	2.18903		
05:24:06	2000	3000	3333	9955	4112	0.99100	1.11123	2.19021		
05:24:16	2000	3000	3333	9955	4111	0.99100	1.11128	2.18812		
05:24:26	2000	3000	3333	9955	4111	0.99100	1.11136	2.17437		
05:24:36	2000	3000	3333	9955	4111	0.99100	1.11135	2.18627		
05:24:46	2000	3000	3333	9955	4110	0.99100	1.11136	2.20555		
05:24:56	2000	3000	3333	9955	4109	0.99100	1.11144	2.18608		
05:25:06	2000	3000	3333	9955	4106	0.99100	1.11138	2.19438		
05:25:17	2000	3000	3333	9955	4104	0.99100	1.11141	2.18620		
05:25:27	2000	3000	3333	9955	4104	0.99100	1.11141	2.18620		
05:25:37	2000	3000	3333	9955	4094	0.99100	1.11150	2.19108		
05:25:47	2000	3000	3333	9955	4091	0.99100	1.11149	2.18963		
05:25:57	2000	3000	3333	9955	4092	0.99100	1.11147	2.15155		
05:26:08	2000	3000	3333	9955	4095	0.99100	1.11150	2.15689		
05:26:18	2000	3000	3333	9955	4094	0.99100	1.11144	2.17345		
05:26:28	2000	3000	3333	9955	4096	0.99100	1.11143	2.18352		
05:26:38	2000	3000	3333	9955	4096	0.99100	1.11142	2.16546		
05:26:48	2000	3000	3333	9955	4093	0.99100	1.11146	2.17812		
05:26:58	2000	3000	3333	9955	4092	0.99100	1.11144	2.15033		
05:27:09	2000	3000	3333	9955	4089	0.99100	1.11143	2.16230		
05:27:19	2000	3000	3333	9955	4089	0.99100	1.11143	2.16230		
05:27:29	2000	3000	3333	9955	4081	0.99100	1.11149	2.15648		
05:27:39	2000	3000	3333	9955	4077	0.99100	1.11141	2.18062		
05:27:49	2000	3000	3333	9955	4078	0.99100	1.11141	2.16360		
05:27:59	2000	3000	3333	9955	4077	0.99100	1.11145	2.15775		
05:28:10	2000	3000	3333	9955	4079	0.99100	1.11144	2.17467		
05:28:20	2000	3000	3333	9955	4079	0.99100	1.11145	2.17735		
05:28:30	2000	3000	3333	9955	4077	0.99100	1.11146	2.17512		
05:28:40	2000	3000	3333	9955	4077	0.99100	1.11144	2.18955		
05:28:50	2000	3000	3333	9955	4076	0.99100	1.11143	2.17669		
05:29:01	2000	3000	3333	9955	4074	0.99100	1.11146	2.17648		
05:29:11	2000	3000	3333	9955	4072	0.99100	1.11148	2.19248		
05:29:21	2000	3000	3333	9955	4073	0.99100	1.11153	2.17512		
05:29:31	2000	3000	3333	9955	4068	0.99100	1.11154	2.17999		
05:29:41	2000	3000	3333	9955	4068	0.99100	1.11157	2.16158		
05:29:52	2000	3000	3333	9955	4068	0.99100	1.11157	2.18232		
05:30:02	2000	3000	3333	9955	4068	0.99100	1.11158	2.17316		
05:30:12	2000	3000	3333	9955	4065	0.99100	1.11160	2.17566		
05:30:22	2000	3000	3333	9955	4070	0.99100	1.11161	2.18455		
05:30:32	2000	3000	3333	9955	4070	0.99100	1.11163	2.15956		
05:30:42	2000	3000	3333	9955	4068	0.99100	1.11162	2.14364		
05:30:53	2000	3000	3333	9955	4069	0.99100	1.11165	2.14074		
05:31:03	2000	3000	3333	9955	4071	0.99100	1.11160	2.17068		
05:31:13	2000	3000	3333	9955	4068	0.99100	1.11165	2.15344		
05:31:23	2000	3000	3333	9955	4069	0.99100	1.11158	2.18268		
05:31:33	2000	3000	3333	9955	4069	0.99100	1.11158	2.18268		
05:31:44	2000	3000	3333	9955	4067	0.99100	1.11163	2.16815		
05:31:54	2000	3000	3333	9955	4070	0.99100	1.11165	2.18061		
05:32:04	2000	3000	3333	9955	4070	0.99100	1.11165	2.18061		
05:32:24	2000	3000	3333	9955	4072	0.99100	1.11168	2.16530		
05:32:35	2000	3000	3333	9955	4072	0.99100	1.11168	2.16530		
05:32:45	2000	3000	3333	9955	4072	0.99100	1.11167	2.14662		
05:32:55	2000	3000	3333	9955	4072	0.99100	1.11166	2.14148		
05:33:05	2000	3000	3333	9955	4072	0.99100	1.11165	2.12926		
05:33:15	2000	3000	3333	9955	4073	0.99100	1.11164	2.14834		
05:33:25	2000	3000	3333	9955	4074	0.99100	1.11163	2.15206		
05:33:36	2000	3000	3333	9955	4075	0.99100	1.11161	2.15104		
05:33:46	2000	3000	3333	9955	4077	0.99100	1.11161	2.16226		
05:33:56	2000	3000	3333	9955	4080	0.99100	1.11163	2.17213		
05:34:06	2000	3000	3333	9955	4078	0.99100	1.11170	2.17006		
05:34:16	2000	3000	3333	9955	4074	0.99100	1.11174	2.16509		
05:34:27	2000	3000	3333	9955	4075	0.99100	1.11170	2.16035		
05:34:37	2000	3000	3333	9955	4083	0.99100	1.11174	2.14490		
05:34:47	2000	3000	3333	9955	4080	0.99100	1.11176	2.17593		
05:34:57	2000	3000	3333	9955	4081	0.99100	1.11174	2.17046		
05:35:07	2000	3000	3333	9955	4082	0.99100	1.11174	2.13525		
05:35:18	2000	3000	3333	9955	4082	0.99100	1.11176	2.17218		
05:35:28	2000	3000	3333	9955	4081	0.99100	1.11168	2.16929		
05:35:38	2000	3000	3333	9955	4082	0.99100	1.11171	2.17902		
05:35:48	2000	3000	3333	9955	4079	0.99100	1.11174	2.17260		
05:35:58	2000	3000	3333	9955	4078	0.99100	1.11178	2.17308		
05:36:08	2000	3000	3333	9955	4074	0.99100	1.11181	2.16369		
05:36:18	2000	3000	3333	9955	4069	0.99100	1.11177	2.18765		
05:36:28	2000	3000	3333	9955	4068	0.99100	1.11179	2.17359		
05:36:38	2000	3000	3333	9955	4067	0.99100	1.11179	2.17910		
05:36:48	2000	3000	3333	9955	4060	0.99100	1.11183	2.16872		
05:36:58	2000	3000	3333	9955	4066	0.99100	1.11186	2.17128		
05:37:08	2000	3000	3333	9955	4069	0.99100	1.11191	2.16882		
05:37:18	2000	3000	3333	9955	4072	0.99100	1.11186	2.15772		
05:37:28	2000	3000	3333	9955	4073	0.99100	1.11188	2.14986		
05:37:38	2000	3000	3333	9955	4076	0.99100	1.11192	2.12471		
05:37:48	2000	3000	3333	9955	4077	0.99100	1.11189	2.14908		
05:37:58	2000	3000	3333	9955	4076	0.99100	1.11180	2.14735		
05:38:09	2000	3000	3333	9955	4073	0.99100	1.11223	2.17417		
05:38:19	2000	3000	3333	9955	4069	0.99100	1.11225	2.16968		
05:38:29	2000	3000	3333	9955	4065	0.99100	1.11238	2.16811		
05:38:39	2000	3000	3333	9955	4064	0.99100	1.11235	2.16120		
05:38:49	2000	3000	3333	9955	4064	0.99100	1.11238	2.17493		
05:39:00	2000	3000	3333	9955	4060	0.99100	1.11238	2.16131		
05:39:10	2000	3000	3333	9955	4063	0.99100	1.11239	2.17549		
05:39:20	2000	3000	3333	9955	4058	0.99100	1.11240	2.17074		
05:39:30	2000	3000	3333	9955	4058	0.99100	1.11240	2.17074		
05:39:40	2000	3000	3333	9955	4059	0.99100	1.11247	2.14880		
05:39:51	2000	3000	3333	9955	4063	0.99100	1.11245	2.15601		
05:40:01	2000	3000	3333	9955	4067	0.99100	1.11248	2.11415		
05:40:11	2000	3000	3333	9955	4067	0.99100	1.11246	2.14155		
05:40:21	2000	3000	3333	9955	4066	0.99100	1.11244	2.17146		
05:40:31	2000	3000	3333	9955	4065	0.99100	1.11244	2.14973		
05:40:41	2000	3000	3333	9955	4063	0.99100	1.11247	2.16474		
05:40:52	2000	3000	3333	9955	4063	0.99100	1.11247	2.16474		
05:41:02	2000	3000	3333	9955	4063	0.99100	1.11255	2.14679		
05:41:12	2000	3000	3333	9955	4065	0.99100	1.11254	2.16188		
05:41:22	2000	3000	3333	9955	4066	0.99100	1.11256	2.16918		
05:41:32	2000	3000	3333	9955	4066	0.99100	1.11255	2.17153		
05:41:42	2000	3000	3333	9955	4069	0.99100	1.11261	2.16681		
05:41:53	2000	3000	3333	9955	4073	0.99100	1.11265	2.15886		
05:42:03	2000	3000	3333	9955	4077	0.99100	1.11264	2.17375		
05:42:13	2000	3000	3333	9955	4080	0.99100	1.11264	2.16830		
05:42:23	2000	3000	3333	9955	4080	0.99100	1.11264	2.16830		
05:42:33	2000	3000	3333	9955	4084	0.99100	1.11263	2.16024		
05:42:44	2000	3000	3333	9955	4085	0.99100	1.11263	2.16467		
05:42:54	2000	3000	3333	9955	4084	0.99100	1.11268	2.17686		
05:43:04	2000	3000	3333	9955	4084	0.99100	1.11268	2.17005		
05:43:14	2000	3000	3333	9955	4088	0.99100	1.11267	2.17496		
05:43:24	2000	3000	3333	9955	4095	0.99100	1.11272	2.16265		
05:43:35	2000	3000	3333	9955	4101	0.99100	1.11272	2.17469		
05:43:45	2000	3000	3333	9955	4104	0.99100	1.11282	2.17831		
05:43:55	2000	3000	3333	9955	4114	0.99100	1.11276	2.15439		
05:44:05	2000	3000	3333	9955	4120	0.99100	1.11277	2.14644		
05:44:15	2000	3000	3333	9955	4126	0.99100	1.11275	2.17314		
05:44:25	2000	3000	3333	9955	4131	0.99100	1.11278	2.17643		
05:44:36	2000	3000	3333	9955	4139	0.99100	1.11278	2.18102		
05:44:46	2000	3000	3333	9955	4140	0.99100	1.11279	2.14575		
05:44:56	2000	3000	3333	9955	4149	0.99100	1.11275	2.14901		
05:45:06	2000	3000	3333	9955	4149	0.99100	1.11275	2.14901		
05:45:16	2000	3000	3333	9955	4158	0.99100	1.11281	2.17770		
05:45:27	2000	3000	3333	9955	4166	0.99100	1.11287	2.14705		
05:45:37	2000	3000	3333	9955	4177	0.99100	1.11288	2.13125		
05:45:47	2000	3000	3333	9955	4187	0.99100	1.11290	2.16907		
05:45:57	2000	3000	3333	9955	4194	0.99100	1.11292	2.17530		
05:46:07	2000	3000	3333	9955	4199	0.99100	1.11290	2.16584		
05:46:18	2000	3000	3333	9955	4205	0.99100	1.11288	2.16401		
05:46:28	2000	3000	3333	9955	4212	0.99100	1.11289	2.14838		
05:46:38	2000	3000	3333	9955	4220	0.99100	1.11287	2.14899		
05:46:48	2000	3000	3333	9955	4228	0.99100	1.11287	2.15148		
05:46:58	2000	3000	3333	9955	4246	0.99100	1.11287	2.14905		
05:47:08	2000	3000	3333	9955	4254	0.99100	1.11292	2.15833		
05:47:19	2000	3000	3333	9955	4259	0.99100	1.11286	2.18288		
05:47:29	2000	3000	3333	9955	4269	0.99100	1.11294	2.17084		
05:47:39	2000	3000	3333	9955	4277	0.99100	1.11306	2.15988		
05:47:49	2000	3000	3333	9955	4284	0.99100	1.11308	2.16101		
05:47:59	2000	3000	3333	9955	4293	0.99100	1.11307	2.16557		
05:48:10	2000	3000	3333	9955	4303	0.99100	1.11311	2.17138		
05:48:20	2000	3000	3333	9955	4312	0.99100	1.11313	2.16879		
05:48:30	2000	3000	3333	9955	4322	0.99100	1.11310	2.15948		
05:48:40	2000	3000	3333	9955	4329	0.99100	1.11312	2.15460		
05:48:50	2000	3000	3333	9955	4336	0.99100	1.11314	2.15876		
05:49:00	2000	3000	3333	9955	4336	0.99100	1.11314	2.15876		
05:49:10	2000	3000	3333	9955	4348	0.99100	1.11318	2.16562		
05:49:20	2000	3000	3333	9955	4348	0.99100	1.11318	2.16562		
05:49:31	2000	3000	3333	9955	4357	0.99100	1.11321	2.16997		
05:49:41	2000	3000	3333	9955	4365	0.99100	1.11320	2.16047		
05:49:51	2000	3000	3333	9955	4375	0.99100	1.11318	2.16030		
05:50:01	2000	3000	3333	9955	4377	0.99100	1.11321	2.17029		
05:50:11	2000	3000	3333	9955	4374	0.99100	1.11319	2.16086		
05:50:21	2000	3000	3333	9955	4378	0.99100	1.11321	2.15457		
05:50:32	2000	3000	3333	9955	4392	0.99100	1.11324	2.14753		
05:50:42	2000	3000	3333	9955	4392	0.99100	1.11324	2.14753		
05:50:52	2000	3000	3333	9955	4404	0.99100	1.11319	2.14411		
05:51:02	2000	3000	3333	9955	4403	0.99100	1.11312	2.15108		
05:51:12	2000	3000	3333	9955	4408	0.99100	1.11312	2.12918		
05:51:23	2000	3000	3333	9955	4408	0.99100	1.11312	2.12918		
05:51:33	2000	3000	3333	9955	4415	0.99100	1.11312	2.15005		
05:51:43	2000	3000	3333	9955	4413	0.99100	1.11309	2.15440		
05:51:53	2000	3000	3333	9955	4412	0.99100	1.11311	2.15674		
05:52:03	2000	3000	3333	9955	4413	0.99100	1.11315	2.13896		
05:52:13	2000	3000	3333	9955	4417	0.99100	1.11313	2.12433		
05:52:24	2000	3000	3333	9955	4416	0.99100	1.11316	2.12216		
05:52:34	2000	3000	3333	9955	4413	0.99100	1.11312	2.13488		
05:52:44	2000	3000	3333	9955	4413	0.99100	1.11312	2.13488		
05:52:54	2000	3000	3333	9955	4407	0.99100	1.11312	2.14517		
05:53:04	2000	3000	3333	9955	4400	0.99100	1.11310	2.13389		
05:53:15	2000	3000	3333	9955	4391	0.99100	1.11309	2.14709		
05:53:25	2000	3000	3333	9955	4381	0.99100	1.11308	2.15676		
05:53:35	2000	3000	3333	9955	4372	0.99100	1.11306	2.14997		
05:53:45	2000	3000	3333	9955	4372	0.99100	1.11306	2.14997		
05:53:55	2000	3000	3333	9955	4354	0.99100	1.11306	2.14041		
05:54:05	2000	3000	3333	9955	4345	0.99100	1.11309	2.14938		
05:54:16	2000	3000	3333	9955	4336	0.99100	1.11308	2.16186		
05:54:26	2000	3000	3333	9955	4322	0.99100	1.11311	2.17443		
05:54:36	2000	3000	3333	9955	4311	0.99100	1.11316	2.16266		
05:54:46	2000	3000	3333	9955	4298	0.99100	1.11322	2.13099		
05:54:56	2000	3000	3333	9955	4298	0.99100	1.11322	2.13099		
05:55:07	2000	3000	3333	9955	4266	0.99100	1.11318	2.14649		
05:55:17	2000	3000	3333	9955	4248	0.99100	1.11325	2.15569		
05:55:27	2000	3000	3333	9955	4231	0.99100	1.11327	2.14472		
05:55:37	2000	3000	3333	9955	4213	0.99100	1.11326	2.16219		
05:55:47	2000	3000	3333	9955	4193	0.99100	1.11324	2.17304		
05:55:58	2000	3000	3333	9955	4171	0.99100	1.11321	2.16612		
05:56:08	2000	3000	3333	9955	4148	0.99100	1.11323	2.16371		
05:56:18	2000	3000	3333	9955	4127	0.99100	1.11326	2.12652		
05:56:28	2000	3000	3333	9955	4107	0.99100	1.11331	2.14464		
05:56:38	2000	3000	3333	9955	4087	0.99100	1.11325	2.15278		
05:56:48	2000	3000	3333	9955	4070	0.99100	1.11324	2.15303		
05:56:59	2000	3000	3333	9955	4052	0.99100	1.11319	2.14342		
05:57:09	2000	3000	3333	9955	4031	0.99100	1.11317	2.15877		
05:57:19	2000	3000	3333	9955	4013	0.99100	1.11324	2.16532		
05:57:29	2000	3000	3333	9955	3997	0.99100	1.11323	2.14428		
05:57:39	2000	3000	3333	9955	3978	0.99100	1.11323	2.13463		
05:57:50	2000	3000	3333	9955	3963	0.99100	1.11325	2.14222		
05:58:00	2000	3000	3333	9955	3953	0.99100	1.11322	2.14567		
05:58:10	2000	3000	3333	9955	3942	0.99100	1.11323	2.11135		
05:58:20	2000	3000	3333	9955	3905	0.99100	1.11323	2.14824		
05:58:30	2000	3000	3333	9955	3889	0.99100	1.11324	2.14203		
05:58:41	2000	3000	3333	9955	3878	0.99100	1.11324	2.16102		
05:58:51	2000	3000	3333	9955	3866	0.99100	1.11321	2.14793		
05:59:01	2000	3000	3333	9955	3859	0.99100	1.11323	2.14803		
05:59:11	2000	3000	3333	9955	3851	0.99100	1.11329	2.13320		
05:59:21	2000	3000	3333	9955	3834	0.99100	1.11328	2.14553		
05:59:31	2000	3000	3333	9955	3829	0.99100	1.11327	2.15622		
05:59:42	2000	3000	3333	9955	3832	0.99100	1.11329	2.14872		
05:59:52	2000	3000	3333	9955	3827	0.99100	1.11332	2.14551		
06:00:02	2000	3000	3333	9955	3822	0.99100	1.11334	2.14212		
06:00:12	2000	3000	3333	9955	3819	0.99100	1.11331	2.13097		
06:00:22	2000	3000	3333	9955	3817	0.99100	1.11331	2.13608		
06:00:32	2000	3000	3333	9955	3817	0.99100	1.11328	2.11507		
06:00:42	2000	3000	3333	9955	3827	0.99100	1.11324	2.12900		
06:00:52	2000	3000	3333	9955	3832	0.99100	1.11320	2.11360		
06:01:02	2000	3000	3333	9955	3841	0.99100	1.11323	2.10120		
06:01:13	2000	3000	3333	9955	3849	0.99100	1.11322	2.12969		
06:01:23	2000	3000	3333	9955	3854	0.99100	1.11321	2.09208		
06:01:33	2000	3000	3333	9955	3861	0.99100	1.11321	2.11852		
06:01:43	2000	3000	3333	9955	3863	0.99100	1.11322	2.12606		
06:01:53	2000	3000	3333	9955	3871	0.99100	1.11326	2.11761		
06:02:04	2000	3000	3333	9955	3892	0.99100	1.11327	2.12622		
06:02:14	2000	3000	3333	9955	3905	0.99100	1.11329	2.12216		
06:02:24	2000	3000	3333	9955	3916	0.99100	1.11334	2.14027		
06:02:34	2000	3000	3333	9955	3924	0.99100	1.11334	2.14140		
06:02:44	2000	3000	3333	9955	3933	0.99100	1.11334	2.13424		
06:02:54	2000	3000	3333	9955	3950	0.99100	1.11337	2.14694		
06:03:04	2000	3000	3333	9955	3955	0.99100	1.11335	2.15131		
06:03:15	2000	3000	3333	9955	3944	0.99100	1.11330	2.14126		
06:03:25	2000	3000	3333	9955	3918	0.99100	1.11325	2.12987		
06:03:35	2000	3000	3333	9955	3930	0.99100	1.11326	2.10008		
06:03:45	2000	3000	3333	9955	3950	0.99100	1.11327	2.10983		
06:03:55	2000	3000	3333	9955	3962	0.99100	1.11330	2.13402		
06:04:05	2000	3000	3333	9955	3962	0.99100	1.11330	2.13402		
06:04:16	2000	3000	3333	9955	3947	0.99100	1.11324	2.13997		
06:04:26	2000	3000	3333	9955	3929	0.99100	1.11323	2.12094		
06:04:36	2000	3000	3333	9955	3936	0.99100	1.11320	2.12356		
06:04:46	2000	3000	3333	9955	3939	0.99100	1.11322	2.11757		
06:04:56	2000	3000	3333	9955	3925	0.99100	1.11324	2.12603		
06:05:07	2000	3000	3333	9955	3928	0.99100	1.11321	2.13606		
06:05:17	2000	3000	3333	9955	3935	0.99100	1.11326	2.12074		
06:05:27	2000	3000	3333	9955	3936	0.99100	1.11331	2.14044		
06:05:37	2000	3000	3333	9955	3940	0.99100	1.11328	2.11529		
06:05:47	2000	3000	3333	9955	3938	0.99100	1.11328	2.11277		
06:05:58	2000	3000	3333	9955	3926	0.99100	1.11330	2.10835		
06:06:08	2000	3000	3333	9955	3914	0.99100	1.11328	2.11582		
06:06:18	2000	3000	3333	9955	3907	0.99100	1.11330	2.12293		
06:06:28	2000	3000	3333	9955	3897	0.99100	1.11329	2.14424		
06:06:38	2000	3000	3333	9955	3896	0.99100	1.11331	2.15906		
06:06:48	2000	3000	3333	9955	3894	0.99100	1.11333	2.13529		
06:06:59	2000	3000	3333	9955	3888	0.99100	1.11332	2.10420		
06:07:09	2000	3000	3333	9955	3881	0.99100	1.11334	2.11585		
06:07:19	2000	3000	3333	9955	3874	0.99100	1.11330	2.14114		
06:07:29	2000	3000	3333	9955	3868	0.99100	1.11331	2.13797		
06:07:39	2000	3000	3333	9955	3864	0.99100	1.11331	2.09302		
06:07:50	2000	3000	3333	9955	3858	0.99100	1.11332	2.12034		
06:08:00	2000	3000	3333	9955	3849	0.99100	1.11330	2.12802		
06:08:10	2000	3000	3333	9955	3837	0.99100	1.11326	2.12600		
06:08:20	2000	3000	3333	9955	3834	0.99100	1.11324	2.13647		
06:08:30	2000	3000	3333	9955	3833	0.99100	1.11325	2.08045		
06:08:41	2000	3000	3333	9955	3826	0.99100	1.11324	2.13517		
06:08:51	2000	3000	3333	9955	3819	0.99100	1.11324	2.12571		
06:09:01	2000	3000	3333	9955	3810	0.99100	1.11323	2.12158		
06:09:11	2000	3000	3333	9955	3810	0.99100	1.11323	2.12158		
06:09:21	2000	3000	3333	9955	3795	0.99100	1.11323	2.13668		
06:09:31	2000	3000	3333	9955	3788	0.99100	1.11322	2.13699		
06:09:42	2000	3000	3333	9955	3783	0.99100	1.11321	2.11981		
06:09:52	2000	3000	3333	9955	3765	0.99100	1.11320	2.14084		
06:10:02	2000	3000	3333	9955	3767	0.99100	1.11323	2.10446		
06:10:12	2000	3000	3333	9955	3770	0.99100	1.11317	2.09216		
06:10:22	2000	3000	3333	9955	3769	0.99100	1.11317	2.10222		
06:10:33	2000	3000	3333	9955	3772	0.99100	1.11314	2.09838		
06:10:43	2000	3000	3333	9955	3776	0.99100	1.11316	2.09454		
06:10:53	2000	3000	3333	9955	3784	0.99100	1.11313	2.11940		
06:11:03	2000	3000	3333	9955	3787	0.99100	1.11312	2.12358		
06:11:13	2000	3000	3333	9955	3787	0.99100	1.11312	2.12358		
06:11:23	2000	3000	3333	9955	3793	0.99100	1.11316	2.13273		
06:11:33	2000	3000	3333	9955	3806	0.99100	1.11321	2.10885		
06:11:43	2000	3000	3333	9955	3819	0.99100	1.11324	2.09465		
06:11:54	2000	3000	3333	9955	3833	0.99100	1.11324	2.11604		
06:12:04	2000	3000	3333	9955	3844	0.99100	1.11324	2.14101		
06:12:14	2000	3000	3333	9955	3854	0.99100	1.11323	2.14045		
06:12:24	2000	3000	3333	9955	3868	0.99100	1.11323	2.13219		
06:12:34	2000	3000	3333	9955	3882	0.99100	1.11327	2.11255		
06:12:44	2000	3000	3333	9955	3895	0.99100	1.11330	2.14086		
06:12:55	2000	3000	3333	9955	3912	0.99100	1.11327	2.13158		
06:13:05	2000	3000	3333	9955	3923	0.99100	1.11333	2.12899		
06:13:15	2000	3000	3333	9955	3935	0.99100	1.11333	2.13117		
06:13:25	2000	3000	3333	9955	3945	0.99100	1.11331	2.13589		
06:13:35	2000	3000	3333	9955	3953	0.99100	1.11336	2.12760		
06:13:46	2000	3000	3333	9955	3963	0.99100	1.11330	2.11380		
06:13:56	2000	3000	3333	9955	3975	0.99100	1.11329	2.12549		
06:14:06	2000	3000	3333	9955	3986	0.99100	1.11332	2.11154		
06:14:16	2000	3000	3333	9955	3997	0.99100	1.11332	2.11161		
06:14:26	2000	3000	3333	9955	4005	0.99100	1.11330	2.10771		
06:14:36	2000	3000	3333	9955	4012	0.99100	1.11332	2.12378		
06:14:46	2000	3000	3333	9955	4015	0.99100	1.11332	2.07819		
06:14:57	2000	3000	3333	9955	4019	0.99100	1.11333	2.06759		
06:15:07	2000	3000	3333	9955	4021	0.99100	1.11334	2.05525		
06:15:17	2000	3000	3333	9955	4021	0.99100	1.11329	2.07541		
06:15:27	2000	3000	3333	9955	4021	0.99100	1.11330	2.10847		
06:15:37	2000	3000	3333	9955	4021	0.99100	1.11329	2.11716		
06:15:48	2000	3000	3333	9955	4021	0.99100	1.11330	2.11173		
06:15:58	2000	3000	3333	9955	4022	0.99100	1.11329	2.11537		
06:16:08	2000	3000	3333	9955	4022	0.99100	1.11331	2.12581		
06:16:18	2000	3000	3333	9955	4022	0.99100	1.11333	2.13340		
06:16:28	2000	3000	3333	9955	4020	0.99100	1.11339	2.12480		
06:16:39	2000	3000	3333	9955	4018	0.99100	1.11346	2.13282		
06:16:49	2000	3000	3333	9955	4014	0.99100	1.11349	2.11178		
06:16:59	2000	3000	3333	9955	4010	0.99100	1.11354	2.12292		
06:17:09	2000	3000	3333	9955	4004	0.99100	1.11353	2.14019		
06:17:19	2000	3000	3333	9955	4001	0.99100	1.11354	2.13966		
06:17:29	2000	3000	3333	9955	3998	0.99100	1.11355	2.14238		
06:17:40	2000	3000	3333	9955	3996	0.99100	1.11359	2.12654		
06:17:50	2000	3000	3333	9955	3992	0.99100	1.11362	2.12086		
06:18:00	2000	3000	3333	9955	3986	0.99100	1.11362	2.08874		
06:18:10	2000	3000	3333	9955	3983	0.99100	1.11365	2.12666		
06:18:20	2000	3000	3333	9955	3980	0.99100	1.11355	2.12399		
06:18:31	2000	3000	3333	9955	3979	0.99100	1.11362	2.11273		
06:18:41	2000	3000	3333	9955	3977	0.99100	1.11357	2.10674		
06:18:51	2000	3000	3333	9955	3981	0.99100	1.11359	2.10724		
06:19:01	2000	3000	3333	9955	3982	0.99100	1.11356	2.12099		
06:19:11	2000	3000	3333	9955	3982	0.99100	1.11351	2.10780		
06:19:22	2000	3000	3333	9955	3983	0.99100	1.11352	2.08712		
06:19:32	2000	3000	3333	9955	3984	0.99100	1.11354	2.11816		
06:19:42	2000	3000	3333	9955	3985	0.99100	1.11356	2.07971		
06:19:52	2000	3000	3333	9955	3986	0.99100	1.11360	2.11180		
06:20:02	2000	3000	3333	9955	3986	0.99100	1.11354	2.13355		
06:20:12	2000	3000	3333	9955	3986	0.99100	1.11359	2.12064		
06:20:23	2000	3000	3333	9955	3988	0.99100	1.11359	2.11463		
06:20:33	2000	3000	3333	9955	3987	0.99100	1.11360	2.12467		
06:20:43	2000	3000	3333	9955	3985	0.99100	1.11363	2.11295		
06:20:53	2000	3000	3333	9955	3986	0.99100	1.11358	2.08970		
06:21:03	2000	3000	3333	9955	3984	0.99100	1.11364	2.09935		
06:21:14	2000	3000	3333	9955	3980	0.99100	1.11362	2.12383		
06:21:24	2000	3000	3333	9955	3974	0.99100	1.11362	2.11282		
06:21:34	2000	3000	3333	9955	3970	0.99100	1.11361	2.12344		
06:21:44	2000	3000	3333	9955	3967	0.99100	1.11365	2.11857		
06:21:54	2000	3000	3333	9955	3962	0.99100	1.11365	2.12434		
06:22:04	2000	3000	3333	9955	3958	0.99100	1.11364	2.13456		
06:22:15	2000	3000	3333	9955	3958	0.99100	1.11364	2.13456		
06:22:25	2000	3000	3333	9955	3954	0.99100	1.11365	2.10445		
06:22:35	2000	3000	3333	9955	3953	0.99100	1.11366	2.11830		
06:22:45	2000	3000	3333	9955	3951	0.99100	1.11370	2.10563		
06:22:55	2000	3000	3333	9955	3949	0.99100	1.11365	2.12779		
06:23:06	2000	3000	3333	9955	3948	0.99100	1.11367	2.13740		
06:23:16	2000	3000	3333	9955	3946	0.99100	1.11367	2.13360		
06:23:26	2000	3000	3333	9955	3943	0.99100	1.11371	2.13565		
06:23:36	2000	3000	3333	9955	3943	0.99100	1.11370	2.12940		
06:23:46	2000	3000	3333	9955	3941	0.99100	1.11380	2.13563		
06:23:57	2000	3000	3333	9955	3940	0.99100	1.11385	2.13417		
06:24:07	2000	3000	3333	9955	3938	0.99100	1.11384	2.12103		
06:24:17	2000	3000	3333	9955	3936	0.99100	1.11383	2.12685		
06:24:27	2000	3000	3333	9955	3934	0.99100	1.11382	2.12964		
06:24:37	2000	3000	3333	9955	3934	0.99100	1.11377	2.11058		
06:24:47	2000	3000	3333	9955	3932	0.99100	1.11371	2.11979		
06:24:58	2000	3000	3333	9955	3930	0.99100	1.11372	2.10504		
06:25:08	2000	3000	3333	9955	3930	0.99100	1.11369	2.11714		
06:25:18	2000	3000	3333	9955	3931	0.99100	1.11364	2.11725		
06:25:28	2000	3000	3333	9955	3930	0.99100	1.11365	2.12664		
06:25:38	2000	3000	3333	9955	3928	0.99100	1.11365	2.12867		
06:25:48	2000	3000	3333	9955	3928	0.99100	1.11370	2.10493		
06:25:59	2000	3000	3333	9955	3927	0.99100	1.11372	2.10984		
06:26:09	2000	3000	3333	9955	3927	0.99100	1.11372	2.12654		
06:26:19	2000	3000	3333	9955	3924	0.99100	1.11367	2.12657		
06:26:29	2000	3000	3333	9955	3924	0.99100	1.11367	2.12657		
06:26:39	2000	3000	3333	9955	3920	0.99100	1.11366	2.12938		
06:26:50	2000	3000	3333	9955	3918	0.99100	1.11369	2.10421		
06:27:00	2000	3000	3333	9955	3916	0.99100	1.11368	2.12388		
06:27:10	2000	3000	3333	9955	3914	0.99100	1.11366	2.11556		
06:27:20	2000	3000	3333	9955	3912	0.99100	1.11360	2.11956		
06:27:30	2000	3000	3333	9955	3910	0.99100	1.11361	2.12374		
06:27:40	2000	3000	3333	9955	3906	0.99100	1.11361	2.13276		
06:27:51	2000	3000	3333	9955	3898	0.99100	1.11365	2.12233		
06:28:01	2000	3000	3333	9955	3895	0.99100	1.11364	2.13630		
06:28:11	2000	3000	3333	9955	3887	0.99100	1.11365	2.12318		
06:28:21	2000	3000	3333	9955	3892	0.99100	1.11364	2.09281		
06:28:31	2000	3000	3333	9955	3894	0.99100	1.11366	2.06624		
06:28:42	2000	3000	3333	9955	3899	0.99100	1.11364	2.04215		
06:28:52	2000	3000	3333	9955	3909	0.99100	1.11360	2.05004		
06:29:02	2000	3000	3333	9955	3908	0.99100	1.11357	2.10779		
06:29:12	2000	3000	3333	9955	3910	0.99100	1.11351	2.12038		
06:29:22	2000	3000	3333	9955	3907	0.99100	1.11353	2.10897		
06:29:33	2000	3000	3333	9955	3902	0.99100	1.11349	2.10674		
06:29:43	2000	3000	3333	9955	3892	0.99100	1.11351	2.11733		
06:29:53	2000	3000	3333	9955	3896	0.99100	1.11349	2.10920		
06:30:03	2000	3000	3333	9955	3895	0.99100	1.11350	2.08697		
06:30:13	2000	3000	3333	9955	3894	0.99100	1.11344	2.10934		
06:30:23	2000	3000	3333	9955	3898	0.99100	1.11344	2.12334		
06:30:34	2000	3000	3333	9955	3899	0.99100	1.11344	2.13085		
06:30:44	2000	3000	3333	9955	3898	0.99100	1.11340	2.12920		
06:30:54	2000	3000	3333	9955	3898	0.99100	1.11341	2.11832		
06:31:04	2000	3000	3333	9955	3897	0.99100	1.11343	2.12984		
06:31:14	2000	3000	3333	9955	3898	0.99100	1.11344	2.13785		
06:31:25	2000	3000	3333	9955	3899	0.99100	1.11346	2.11918		
06:31:35	2000	3000	3333	9955	3899	0.99100	1.11342	2.12795		
06:31:45	2000	3000	3333	9955	3900	0.99100	1.11342	2.14473		
06:31:55	2000	3000	3333	9955	3901	0.99100	1.11342	2.13860		
06:32:05	2000	3000	3333	9955	3899	0.99100	1.11338	2.12440		
06:32:16	2000	3000	3333	9955	3898	0.99100	1.11336	2.12707		
06:32:26	2000	3000	3333	9955	3897	0.99100	1.11342	2.09521		
06:32:36	2000	3000	3333	9955	3897	0.99100	1.11342	2.13368		
06:32:46	2000	3000	3333	9955	3897	0.99100	1.11339	2.13492		
06:32:56	2000	3000	3333	9955	3897	0.99100	1.11339	2.13371		
06:33:06	2000	3000	3333	9955	3898	0.99100	1.11340	2.11919		
06:33:17	2000	3000	3333	9955	3899	0.99100	1.11338	2.11878		
06:33:27	2000	3000	3333	9955	3899	0.99100	1.11338	2.13491		
06:33:37	2000	3000	3333	9955	3899	0.99100	1.11340	2.13181		
06:33:47	2000	3000	3333	9955	3898	0.99100	1.11337	2.12621		
06:33:57	2000	3000	3333	9955	3896	0.99100	1.11338	2.12401		
06:34:07	2000	3000	3333	9955	3893	0.99100	1.11334	2.12853		
06:34:17	2000	3000	3333	9955	3890	0.99100	1.11332	2.12420		
06:34:28	2000	3000	3333	9955	3890	0.99100	1.11336	2.09954		
06:34:38	2000	3000	3333	9955	3890	0.99100	1.11331	2.10116		
06:34:48	2000	3000	3333	9955	3894	0.99100	1.11328	2.11820		
06:34:58	2000	3000	3333	9955	3891	0.99100	1.11324	2.10541		
06:35:08	2000	3000	3333	9955	3893	0.99100	1.11328	2.13771		
06:35:18	2000	3000	3333	9955	3896	0.99100	1.11324	2.11925		
06:35:29	2000	3000	3333	9955	3894	0.99100	1.11324	2.13736		
06:35:39	2000	3000	3333	9955	3891	0.99100	1.11323	2.14147		
06:35:49	2000	3000	3333	9955	3888	0.99100	1.11323	2.14450		
06:35:59	2000	3000	3333	9955	3883	0.99100	1.11324	2.11263		
06:36:09	2000	3000	3333	9955	3883	0.99100	1.11325	2.10328		
06:36:20	2000	3000	3333	9955	3882	0.99100	1.11329	2.12463		
06:36:30	2000	3000	3333	9955	3879	0.99100	1.11331	2.13144		
06:36:40	2000	3000	3333	9955	3882	0.99100	1.11328	2.13831		
06:36:50	2000	3000	3333	9955	3884	0.99100	1.11326	2.12976		
06:37:00	2000	3000	3333	9955	3884	0.99100	1.11330	2.13834		
06:37:10	2000	3000	3333	9955	3883	0.99100	1.11335	2.12569		
06:37:20	2000	3000	3333	9955	3884	0.99100	1.11336	2.13613		
06:37:31	2000	3000	3333	9955	3885	0.99100	1.11340	2.14143		
06:37:41	2000	3000	3333	9955	3886	0.99100	1.11340	2.12812		
06:37:51	2000	3000	3333	9955	3884	0.99100	1.11341	2.13293		
06:38:01	2000	3000	3333	9955	3887	0.99100	1.11346	2.12706		
06:38:11	2000	3000	3333	9955	3887	0.99100	1.11342	2.13672		
06:38:22	2000	3000	3333	9955	3889	0.99100	1.11341	2.12836		
06:38:32	2000	3000	3333	9955	3886	0.99100	1.11345	2.13103		
06:38:42	2000	3000	3333	9955	3879	0.99100	1.11346	2.11328		
06:38:52	2000	3000	3333	9955	3889	0.99100	1.11347	2.11510		
06:39:02	2000	3000	3333	9955	3891	0.99100	1.11347	2.12079		
06:39:12	2000	3000	3333	9955	3891	0.99100	1.11351	2.11844		
06:39:23	2000	3000	3333	9955	3889	0.99100	1.11349	2.12301		
06:39:33	2000	3000	3333	9955	3889	0.99100	1.11349	2.12778		
06:39:43	2000	3000	3333	9955	3887	0.99100	1.11347	2.12302		
06:39:53	2000	3000	3333	9955	3878	0.99100	1.11347	2.12077		
06:40:03	2000	3000	3333	9955	3878	0.99100	1.11346	2.12873		
06:40:14	2000	3000	3333	9955	3876	0.99100	1.11342	2.11519		
06:40:24	2000	3000	3333	9955	3877	0.99100	1.11342	2.12971		
06:40:34	2000	3000	3333	9955	3877	0.99100	1.11342	2.12971		
06:40:44	2000	3000	3333	9955	3845	0.99100	1.11346	2.13558		
06:40:54	2000	3000	3333	9955	3803	0.99100	1.11344	2.11042		
06:41:05	2000	3000	3333	9955	3803	0.99100	1.11344	2.11042		
06:41:15	2000	3000	3333	9955	3827	0.99100	1.11352	2.11951		
06:41:25	2000	3000	3333	9955	3861	0.99100	1.11357	2.11879		
06:41:35	2000	3000	3333	9955	3891	0.99100	1.11354	2.13152		
06:41:45	2000	3000	3333	9955	3894	0.99100	1.11357	2.11084		
06:41:55	2000	3000	3333	9955	3895	0.99100	1.11358	2.12255		
06:42:06	2000	3000	3333	9955	3893	0.99100	1.11360	2.13096		
06:42:16	2000	3000	3333	9955	3891	0.99100	1.11366	2.13165		
06:42:26	2000	3000	3333	9955	3889	0.99100	1.11366	2.11582		
06:42:36	2000	3000	3333	9955	3886	0.99100	1.11367	2.12076		
06:42:46	2000	3000	3333	9955	3882	0.99100	1.11367	2.12289		
06:42:57	2000	3000	3333	9955	3877	0.99100	1.11360	2.09855		
06:43:07	2000	3000	3333	9955	3872	0.99100	1.11360	2.08544		
06:43:17	2000	3000	3333	9955	3857	0.99100	1.11361	2.10758		
06:43:27	2000	3000	3333	9955	3843	0.99100	1.11359	2.05818		
06:43:37	2000	3000	3333	9955	3834	0.99100	1.11363	2.08504		
06:43:48	2000	3000	3333	9955	3831	0.99100	1.11358	2.09842		
06:43:58	2000	3000	3333	9955	3848	0.99100	1.11356	2.11513		
06:44:08	2000	3000	3333	9955	3855	0.99100	1.11358	2.12621		
06:44:18	2000	3000	3333	9955	3858	0.99100	1.11363	2.12068		
06:44:28	2000	3000	3333	9955	3860	0.99100	1.11364	2.11890		
06:44:38	2000	3000	3333	9955	3860	0.99100	1.11365	2.11829		
06:44:49	2000	3000	3333	9955	3860	0.99100	1.11367	2.12287		
06:44:59	2000	3000	3333	9955	3859	0.99100	1.11366	2.11506		
06:45:09	2000	3000	3333	9955	3858	0.99100	1.11367	2.12362		
06:45:19	2000	3000	3333	9955	3858	0.99100	1.11367	2.12362		
06:45:29	2000	3000	3333	9955	3856	0.99100	1.11366	2.11673		
06:45:39	2000	3000	3333	9955	3856	0.99100	1.11366	2.08157		
06:45:49	2000	3000	3333	9955	3856	0.99100	1.11369	2.11627		
06:45:59	2000	3000	3333	9955	3855	0.99100	1.11369	2.10524		
06:46:09	2000	3000	3333	9955	3855	0.99100	1.11376	2.09094		
06:46:19	2000	3000	3333	9955	3853	0.99100	1.11371	2.10432		
06:46:29	2000	3000	3333	9955	3853	0.99100	1.11371	2.10432		
06:46:39	2000	3000	3333	9955	3850	0.99100	1.11361	2.11102		
06:46:49	2000	3000	3333	9955	3851	0.99100	1.11365	2.12099		
06:46:59	2000	3000	3333	9955	3851	0.99100	1.11361	2.10372		
06:47:09	2000	3000	3333	9955	3848	0.99100	1.11370	2.09127		
06:47:19	2000	3000	3333	9955	3850	0.99100	1.11370	2.09386		
06:47:29	2000	3000	3333	9955	3852	0.99100	1.11371	2.09265		
06:47:39	2000	3000	3333	9955	3853	0.99100	1.11366	2.09734		
06:47:49	2000	3000	3333	9955	3857	0.99100	1.11370	2.09675		
06:48:00	2000	3000	3333	9955	3857	0.99100	1.11365	2.10167		
06:48:10	2000	3000	3333	9955	3857	0.99100	1.11365	2.10167		
06:48:20	2000	3000	3333	9955	3857	0.99100	1.11365	2.10167		
06:48:30	2000	3000	3333	9955	3868	0.99100	1.11373	2.11020		
06:48:40	2000	3000	3333	9955	3876	0.99100	1.11371	2.11006		
06:48:51	2000	3000	3333	9955	3884	0.99100	1.11372	2.10536		
06:49:01	2000	3000	3333	9955	3888	0.99100	1.11370	2.10673		
06:49:11	2000	3000	3333	9955	3887	0.99100	1.11377	2.07828		
06:49:21	2000	3000	3333	9955	3882	0.99100	1.11377	2.09347		
06:49:31	2000	3000	3333	9955	3878	0.99100	1.11375	2.05572		
06:49:41	2000	3000	3333	9955	3874	0.99100	1.11370	2.09204		
06:49:52	2000	3000	3333	9955	3870	0.99100	1.11371	2.10469		
06:50:02	2000	3000	3333	9955	3864	0.99100	1.11369	2.10769		
06:50:12	2000	3000	3333	9955	3858	0.99100	1.11369	2.10639		
06:50:22	2000	3000	3333	9955	3850	0.99100	1.11372	2.10020		
06:50:32	2000	3000	3333	9955	3845	0.99100	1.11373	2.10401		
06:50:42	2000	3000	3333	9955	3847	0.99100	1.11374	2.11003		
06:50:52	2000	3000	3333	9955	3847	0.99100	1.11379	2.11006		
06:51:03	2000	3000	3333	9955	3848	0.99100	1.11377	2.10299		
06:51:13	2000	3000	3333	9955	3848	0.99100	1.11387	2.10307		
06:51:23	2000	3000	3333	9955	3849	0.99100	1.11385	2.11177		
06:51:33	2000	3000	3333	9955	3849	0.99100	1.11384	2.10930		
06:51:43	2000	3000	3333	9955	3850	0.99100	1.11386	2.10624		
06:51:54	2000	3000	3333	9955	3844	0.99100	1.11392	2.11661		
06:52:04	2000	3000	3333	9955	3839	0.99100	1.11395	2.10662		
06:52:14	2000	3000	3333	9955	3839	0.99100	1.11395	2.10662		
06:52:34	2000	3000	3333	9955	3838	0.99100	1.11399	2.08077		
06:52:45	2000	3000	3333	9955	3837	0.99100	1.11395	2.08070		
06:52:55	2000	3000	3333	9955	3837	0.99100	1.11392	2.09285		
06:53:05	2000	3000	3333	9955	3835	0.99100	1.11392	2.08009		
06:53:15	2000	3000	3333	9955	3843	0.99100	1.11388	2.08577		
06:53:25	2000	3000	3333	9955	3849	0.99100	1.11389	2.08298		
06:53:35	2000	3000	3333	9955	3851	0.99100	1.11386	2.09423		
06:53:46	2000	3000	3333	9955	3849	0.99100	1.11385	2.09811		
06:53:56	2000	3000	3333	2121	3851	0.95846	1.11385	1.94971		
06:54:06	2000	3000	3333	9955	3859	0.99100	1.11384	2.02734		
06:54:16	2000	3000	3333	9955	3874	0.99100	1.11386	2.05492		
06:54:26	2000	3000	3333	9955	3886	0.99100	1.11380	2.08952		
06:54:37	2000	3000	3333	9955	3893	0.99100	1.11377	2.07614		
06:54:47	2000	3000	3333	9955	3900	0.99100	1.11378	2.08350		
06:54:57	2000	3000	3333	9955	3907	0.99100	1.11377	2.08372		
06:55:07	2000	3000	3333	9955	3910	0.99100	1.11377	2.08965		
06:55:17	2000	3000	3333	9955	3909	0.99100	1.11375	2.09202		
06:55:28	2000	3000	3333	9955	3905	0.99100	1.11368	2.09623		
06:55:38	2000	3000	3333	9955	3899	0.99100	1.11371	2.11083		
06:55:48	2000	3000	3333	9955	3891	0.99100	1.11377	2.08430		
06:55:58	2000	3000	3333	9955	3883	0.99100	1.11375	2.07556		
06:56:08	2000	3000	3333	9955	3873	0.99100	1.11377	2.07896		
06:56:18	2000	3000	3333	9955	3873	0.99100	1.11377	2.07896		
06:56:29	2000	3000	3333	9955	3861	0.99100	1.11369	2.08695		
06:56:39	2000	3000	3333	9955	3860	0.99100	1.11372	2.06371		
06:56:49	2000	3000	3333	9955	3862	0.99100	1.11372	2.04551		
06:56:59	2000	3000	3333	9955	3867	0.99100	1.11372	2.03326		
06:57:09	2000	3000	3333	9955	3874	0.99100	1.11366	2.02758		
06:57:20	2000	3000	3333	9955	3874	0.99100	1.11368	2.04348		
06:57:30	2000	3000	3333	9955	3872	0.99100	1.11364	2.05618		
06:57:40	2000	3000	3333	9955	3872	0.99100	1.11364	2.05624		
06:57:50	2000	3000	3333	9955	3872	0.99100	1.11362	2.06612		
06:58:00	2000	3000	3333	9955	3869	0.99100	1.11363	2.12926		
06:58:10	2000	3000	3333	9955	3863	0.99100	1.11364	2.12196		
06:58:21	2000	3000	3333	9955	3858	0.99100	1.11370	2.12077		
06:58:31	2000	3000	3333	9955	3853	0.99100	1.11377	2.12606		
06:58:41	2000	3000	3333	9955	3848	0.99100	1.11378	2.13224		
06:58:51	2000	3000	3333	9955	3842	0.99100	1.11380	2.13304		
06:59:01	2000	3000	3333	9955	3837	0.99100	1.11381	2.12814		
06:59:11	2000	3000	3333	9955	3835	0.99100	1.11383	2.11299		
06:59:21	2000	3000	3333	9955	3835	0.99100	1.11383	2.13193		
06:59:31	2000	3000	3333	9955	3832	0.99100	1.11387	2.11861		
06:59:41	2000	3000	3333	9955	3829	0.99100	1.11382	2.11396		
06:59:52	2000	3000	3333	9955	3825	0.99100	1.11385	2.11537		
07:00:02	2000	3000	3333	9955	3822	0.99100	1.11384	2.12420		
07:00:12	2000	3000	3333	9955	3822	0.99100	1.11389	2.13346		
07:00:22	2000	3000	3333	9955	3821	0.99100	1.11394	2.12399		
07:00:32	2000	3000	3333	9955	3819	0.99100	1.11390	2.12168		
07:00:42	2000	3000	3333	9955	3799	0.99100	1.11394	2.12977		
07:00:53	2000	3000	3333	9955	3799	0.99100	1.11394	2.12977		
07:01:03	2000	3000	3333	9955	3738	0.99100	1.11396	2.11529		
07:01:13	2000	3000	3333	9955	3715	0.99100	1.11399	2.12155		
07:01:23	2000	3000	3333	9955	3685	0.99100	1.11399	2.10795		
07:01:33	2000	3000	3333	9955	3685	0.99100	1.11399	2.10795		
07:01:44	2000	3000	3333	9955	3716	0.99100	1.11397	2.10801		
07:01:54	2000	3000	3333	9955	3774	0.99100	1.11395	2.11992		
07:02:04	2000	3000	3333	9955	3823	0.99100	1.11387	2.11995		
07:02:14	2000	3000	3333	9955	3823	0.99100	1.11387	2.11995		
07:02:24	2000	3000	3333	9955	3823	0.99100	1.11387	2.11995		
07:02:34	2000	3000	3333	9955	3846	0.99100	1.11390	2.12219		
07:02:45	2000	3000	3333	9955	3847	0.99100	1.11387	2.12767		
07:02:55	2000	3000	3333	9955	3845	0.99100	1.11387	2.08945		
07:03:05	2000	3000	3333	9955	3842	0.99100	1.11391	2.10106		
07:03:15	2000	3000	3333	9955	3837	0.99100	1.11389	2.09438		
07:03:25	2000	3000	3333	9955	3836	0.99100	1.11389	2.10664		
07:03:35	2000	3000	3333	9955	3836	0.99100	1.11389	2.10664		
07:03:46	2000	3000	3333	9955	3832	0.99100	1.11387	2.11375		
07:03:56	2000	3000	3333	9955	3830	0.99100	1.11387	2.12874		
07:04:06	2000	3000	3333	9955	3828	0.99100	1.11387	2.11589		
07:04:16	2000	3000	3333	9955	3828	0.99100	1.11387	2.11589		
07:04:26	2000	3000	3333	9955	3822	0.99100	1.11382	2.12202		
07:04:37	2000	3000	3333	9955	3818	0.99100	1.11378	2.11653		
07:04:47	2000	3000	3333	9955	3815	0.99100	1.11386	2.12519		
07:04:57	2000	3000	3333	9955	3813	0.99100	1.11387	2.12732		
07:05:07	2000	3000	3333	9955	3813	0.99100	1.11387	2.12732		
07:05:17	2000	3000	3333	9955	3816	0.99100	1.11391	2.13881		
07:05:28	2000	3000	3333	9955	3814	0.99100	1.11393	2.12224		
07:05:38	2000	3000	3333	9955	3821	0.99100	1.11394	2.12558		
07:05:48	2000	3000	3333	9955	3822	0.99100	1.11399	2.12864		
07:05:58	2000	3000	3333	9955	3827	0.99100	1.11401	2.10960		
07:06:08	2000	3000	3333	9955	3836	0.99100	1.11399	2.10082		
07:06:18	2000	3000	3333	9955	3840	0.99100	1.11398	2.08865		
07:06:29	2000	3000	3333	9955	3845	0.99100	1.11399	2.10052		
07:06:39	2000	3000	3333	9955	3846	0.99100	1.11392	2.10866		
07:06:49	2000	3000	3333	9955	3845	0.99100	1.11396	2.09986		
07:06:59	2000	3000	3333	9955	3844	0.99100	1.11392	2.11630		
07:07:09	2000	3000	3333	9955	3843	0.99100	1.11393	2.08436		
07:07:20	2000	3000	3333	9955	3844	0.99100	1.11398	2.09856		
07:07:30	2000	3000	3333	9955	3844	0.99100	1.11397	2.08183		
07:07:40	2000	3000	3333	9955	3841	0.99100	1.11406	2.06862		
07:07:50	2000	3000	3333	7755	3840	0.98846	1.11402	2.01717		
07:08:00	2000	3000	3333	9955	3839	0.99100	1.11396	2.03761		
07:08:10	2000	3000	3333	9955	3837	0.99100	1.11395	2.04191		
07:08:21	2000	3000	3333	9955	3833	0.99100	1.11392	2.05016		
07:08:31	2000	3000	3333	9955	3828	0.99100	1.11390	2.07160		
07:08:41	2000	3000	3333	9955	3824	0.99100	1.11388	2.06417		
07:08:51	2000	3000	3333	9955	3818	0.99100	1.11384	2.07123		
07:09:01	2000	3000	3333	9955	3819	0.99100	1.11386	2.08218		
07:09:12	2000	3000	3333	9955	3822	0.99100	1.11395	2.05794		
07:09:22	2000	3000	3333	9955	3821	0.99100	1.11385	2.06498		
07:09:32	2000	3000	3333	9955	3819	0.99100	1.11389	2.05910		
07:09:42	2000	3000	3333	9955	3823	0.99100	1.11386	2.04990		
07:09:52	2000	3000	3333	9955	3836	0.99100	1.11382	2.06919		
07:10:03	2000	3000	3333	9955	3846	0.99100	1.11381	2.07082		
07:10:13	2000	3000	3333	9955	3856	0.99100	1.11384	2.06473		
07:10:23	2000	3000	3333	9955	3864	0.99100	1.11381	2.03524		
07:10:33	2000	3000	3333	9955	3864	0.99100	1.11381	2.03524		
07:10:43	2000	3000	3333	9955	3871	0.99100	1.11381	2.06323		
07:10:53	2000	3000	3333	9955	3875	0.99100	1.11380	2.05483		
07:11:03	2000	3000	3333	9955	3877	0.99100	1.11381	2.07238		
07:11:13	2000	3000	3333	9955	3875	0.99100	1.11382	2.05490		
07:11:23	2000	3000	3333	9955	3868	0.99100	1.11378	2.05991		
07:11:33	2000	3000	3333	9955	3861	0.99100	1.11377	2.06665		
07:11:43	2000	3000	3333	9955	3855	0.99100	1.11379	2.07047		
07:11:54	2000	3000	3333	9955	3848	0.99100	1.11383	2.08212		
07:12:04	2000	3000	3333	9955	3840	0.99100	1.11383	2.07390		
07:12:14	2000	3000	3333	9955	3830	0.99100	1.11387	2.08101		
07:12:24	2000	3000	3333	9955	3820	0.99100	1.11390	2.07310		
07:12:34	2000	3000	3333	9955	3815	0.99100	1.11395	2.07944		
07:12:45	2000	3000	3333	9955	3815	0.99100	1.11395	2.07944		
07:12:55	2000	3000	3333	9955	3814	0.99100	1.11394	2.07084		
07:13:05	2000	3000	3333	9955	3813	0.99100	1.11397	2.08578		
07:13:15	2000	3000	3333	9955	3813	0.99100	1.11399	2.07195		
07:13:25	2000	3000	3333	9955	3813	0.99100	1.11397	2.06624		
07:13:35	2000	3000	3333	9955	3814	0.99100	1.11400	2.06532		
07:13:46	2000	3000	3333	3386	3813	0.97377	1.11397	1.98418		
07:13:56	2000	3000	3333	9955	3813	0.99100	1.11400	2.05706		
07:14:06	2000	3000	3333	9955	3814	0.99100	1.11392	2.07315		
07:14:16	2000	3000	3333	9955	3814	0.99100	1.11399	2.02636		
07:14:26	2000	3000	3333	9955	3814	0.99100	1.11397	2.04270		
07:14:36	2000	3000	3333	9955	3813	0.99100	1.11395	2.05282		
07:14:47	2000	3000	3333	9955	3811	0.99100	1.11392	2.05056		
07:14:57	2000	3000	3333	9955	3806	0.99100	1.11390	2.06072		
07:15:07	2000	3000	3333	9955	3806	0.99100	1.11390	2.06072		
07:15:17	2000	3000	3333	9955	3794	0.99100	1.11393	2.06631		
07:15:27	2000	3000	3333	9955	3789	0.99100	1.11394	2.06299		
07:15:38	2000	3000	3333	9955	3785	0.99100	1.11399	2.06624		
07:15:48	2000	3000	3333	9955	3783	0.99100	1.11400	2.07524		
07:15:58	2000	3000	3333	9955	3783	0.99100	1.11396	2.07661		
07:16:08	2000	3000	3333	9955	3785	0.99100	1.11398	2.08020		
07:16:18	2000	3000	3333	9955	3786	0.99100	1.11402	2.07319		
07:16:29	2000	3000	3333	9955	3786	0.99100	1.11403	2.06655		
07:16:39	2000	3000	3333	9955	3793	0.99100	1.11409	2.07619		
07:16:49	2000	3000	3333	9955	3798	0.99100	1.11406	2.08040		
07:16:59	2000	3000	3333	9955	3798	0.99100	1.11406	2.08040		
07:17:09	2000	3000	3333	9955	3806	0.99100	1.11405	2.08012		
07:17:19	2000	3000	3333	9955	3812	0.99100	1.11410	2.08166		
07:17:30	2000	3000	3333	9955	3819	0.99100	1.11409	2.07715		
07:17:40	2000	3000	3333	9955	3824	0.99100	1.11416	2.06543		
07:17:50	2000	3000	3333	9955	3826	0.99100	1.11416	2.06596		
07:18:00	2000	3000	3333	9955	3828	0.99100	1.11418	2.06648		
07:18:10	2000	3000	3333	9955	3830	0.99100	1.11418	2.05665		
07:18:21	2000	3000	3333	9955	3831	0.99100	1.11418	2.06215		
07:18:31	2000	3000	3333	9955	3830	0.99100	1.11412	2.06740		
07:18:41	2000	3000	3333	9955	3828	0.99100	1.11416	2.04867		
07:18:51	2000	3000	3333	9955	3828	0.99100	1.11416	2.04867		
07:24:15	2000	3000	3333	9955	3751	0.99100	1.11398	2.06785		
07:24:25	2000	3000	3333	9955	3751	0.99100	1.11398	2.06598		
07:24:35	2000	3000	3333	9955	3746	0.99100	1.11402	2.04658		
07:24:45	2000	3000	3333	9955	3728	0.99100	1.11405	2.06605		
07:24:55	2000	3000	3333	9955	3728	0.99100	1.11405	2.06605		
07:25:05	2000	3000	3333	9955	3728	0.99100	1.11405	2.06605		
07:26:06	2000	3000	3333	7106	3756	0.98741	1.11404	2.01486		
07:26:16	2000	3000	3333	9955	3756	0.99100	1.11399	2.03674		
07:26:26	2000	3000	3333	9955	3755	0.99100	1.11401	2.05237		
07:26:36	2000	3000	3333	9955	3755	0.99100	1.11393	2.05071		
07:26:46	2000	3000	3333	9955	3761	0.99100	1.11393	2.06945		
07:26:57	2000	3000	3333	9955	3762	0.99100	1.11394	2.04788		
07:27:07	2000	3000	3333	9955	3763	0.99100	1.11391	2.05900		
07:27:17	2000	3000	3333	9955	3762	0.99100	1.11395	2.05755		
07:27:27	2000	3000	3333	9955	3759	0.99100	1.11398	2.06178		
07:27:37	2000	3000	3333	9955	3756	0.99100	1.11396	2.04736		
07:27:47	2000	3000	3333	9955	3750	0.99100	1.11392	2.05444		
07:27:58	2000	3000	3333	9955	3750	0.99100	1.11392	2.05444		
07:28:08	2000	3000	3333	9955	3743	0.99100	1.11390	2.06995		
07:28:18	2000	3000	3333	9955	3752	0.99100	1.11399	2.03802		
07:28:28	2000	3000	3333	9955	3759	0.99100	1.11401	2.05518		
07:28:38	2000	3000	3333	9955	3761	0.99100	1.11398	2.07487		
07:28:48	2000	3000	3333	9955	3760	0.99100	1.11397	2.07017		
07:28:58	2000	3000	3333	9955	3761	0.99100	1.11397	2.06831		
07:29:09	2000	3000	3333	9955	3760	0.99100	1.11402	2.06380		
07:29:19	2000	3000	3333	9955	3761	0.99100	1.11399	2.06627		
07:29:29	2000	3000	3333	9955	3762	0.99100	1.11402	2.05939		
07:29:39	2000	3000	3333	9955	3762	0.99100	1.11397	2.05162		
07:29:49	2000	3000	3333	9955	3761	0.99100	1.11401	2.07249		
07:30:00	2000	3000	3333	9955	3760	0.99100	1.11400	2.07437		
07:30:10	2000	3000	3333	9955	3760	0.99100	1.11400	2.07437		
07:30:20	2000	3000	3333	9955	3757	0.99100	1.11406	2.07248		
07:30:30	2000	3000	3333	9955	3754	0.99100	1.11410	2.08431		
07:30:40	2000	3000	3333	9955	3756	0.99100	1.11411	2.07914		
07:30:51	2000	3000	3333	9955	3764	0.99100	1.11415	2.07431		
07:31:01	2000	3000	3333	9955	3772	0.99100	1.11422	2.08243		
07:31:11	2000	3000	3333	9955	3778	0.99100	1.11425	2.07955		
07:31:21	2000	3000	3333	9955	3785	0.99100	1.11423	2.11144		
07:31:31	2000	3000	3333	9955	3794	0.99100	1.11428	2.08273		
07:31:41	2000	3000	3333	9955	3804	0.99100	1.11428	2.08135		
07:31:52	2000	3000	3333	9955	3804	0.99100	1.11428	2.08135		
07:32:02	2000	3000	3333	9955	3829	0.99100	1.11429	2.08579		
07:32:12	2000	3000	3333	9955	3846	0.99100	1.11434	2.08682		
07:32:22	2000	3000	3333	9955	3866	0.99100	1.11436	2.08278		
07:32:32	2000	3000	3333	9955	3879	0.99100	1.11439	2.08232		
07:32:43	2000	3000	3333	9955	3885	0.99100	1.11441	2.08255		
07:32:53	2000	3000	3333	9955	3887	0.99100	1.11442	2.08343		
07:33:03	2000	3000	3333	9955	3886	0.99100	1.11449	2.08728		
07:33:13	2000	3000	3333	9955	3879	0.99100	1.11448	2.08841		
07:33:23	2000	3000	3333	9955	3868	0.99100	1.11451	2.08428		
07:33:34	2000	3000	3333	9955	3855	0.99100	1.11455	2.09269		
07:33:44	2000	3000	3333	9955	3844	0.99100	1.11454	2.08864		
07:33:54	2000	3000	3333	9955	3832	0.99100	1.11463	2.08219		
07:34:04	2000	3000	3333	9955	3821	0.99100	1.11466	2.08130		
07:34:14	2000	3000	3333	9955	3810	0.99100	1.11471	2.07669		
07:34:24	2000	3000	3333	9955	3803	0.99100	1.11473	2.07261		
07:34:35	2000	3000	3333	9955	3804	0.99100	1.11476	2.07239		
07:34:45	2000	3000	3333	9955	3818	0.99100	1.11473	2.07769		
07:34:55	2000	3000	3333	9955	3843	0.99100	1.11471	2.08427		
07:35:05	2000	3000	3333	9955	3874	0.99100	1.11470	2.08373		
07:35:15	2000	3000	3333	9955	3935	0.99100	1.11467	2.08082		
07:35:26	2000	3000	3333	9955	3951	0.99100	1.11470	2.07736		
07:35:36	2000	3000	3333	9955	3962	0.99100	1.11467	2.07549		
07:35:46	2000	3000	3333	9955	3966	0.99100	1.11468	2.05864		
07:35:56	2000	3000	3333	9955	3964	0.99100	1.11468	2.06782		
07:36:06	2000	3000	3333	9955	3956	0.99100	1.11474	2.05200		
07:36:16	2000	3000	3333	9955	3950	0.99100	1.11471	2.06994		
07:36:27	2000	3000	3333	9955	3940	0.99100	1.11469	2.06404		
07:36:37	2000	3000	3333	9955	3922	0.99100	1.11468	2.06348		
07:36:47	2000	3000	3333	9955	3922	0.99100	1.11468	2.06348		
07:36:57	2000	3000	3333	9955	3878	0.99100	1.11463	2.05499		
07:37:07	2000	3000	3333	9955	3858	0.99100	1.11465	2.04326		
07:37:17	2000	3000	3333	9955	3842	0.99100	1.11464	2.05305		
07:37:27	2000	3000	3333	9955	3827	0.99100	1.11459	2.04806		
07:37:38	2000	3000	3333	9955	3813	0.99100	1.11457	2.03262		
07:37:48	2000	3000	3333	9955	3799	0.99100	1.11452	2.05493		
07:37:58	2000	3000	3333	9955	3786	0.99100	1.11452	2.05482		
07:38:08	2000	3000	3333	9955	3776	0.99100	1.11450	2.05246		
07:38:18	2000	3000	3333	9955	3772	0.99100	1.11451	2.03979		
07:38:29	2000	3000	3333	9955	3770	0.99100	1.11451	2.05045		
07:38:39	2000	3000	3333	9955	3771	0.99100	1.11450	2.06388		
07:38:49	2000	3000	3333	9955	3774	0.99100	1.11447	2.07678		
07:38:59	2000	3000	3333	9955	3779	0.99100	1.11450	2.04676		
07:39:09	2000	3000	3333	9955	3785	0.99100	1.11448	2.03893		
07:39:19	2000	3000	3333	9955	3791	0.99100	1.11444	2.04672		
07:39:30	2000	3000	3333	9955	3793	0.99100	1.11441	2.06982		
07:39:40	2000	3000	3333	9955	3792	0.99100	1.11439	2.06060		
07:39:50	2000	3000	3333	9955	3791	0.99100	1.11440	2.04714		
07:40:00	2000	3000	3333	9955	3789	0.99100	1.11441	2.03863		
07:40:10	2000	3000	3333	9955	3787	0.99100	1.11438	2.03352		
07:40:20	2000	3000	3333	9955	3786	0.99100	1.11439	2.05412		
07:40:31	2000	3000	3333	9955	3794	0.99100	1.11440	2.04674		
07:40:41	2000	3000	3333	9955	3781	0.99100	1.11445	2.07897		
07:40:51	2000	3000	3333	9955	3777	0.99100	1.11445	2.06520		
07:41:01	2000	3000	3333	9955	3771	0.99100	1.11444	2.06500		
07:41:11	2000	3000	3333	9955	3765	0.99100	1.11441	2.06710		
07:41:22	2000	3000	3333	9955	3764	0.99100	1.11443	2.07246		
07:41:32	2000	3000	3333	9955	3765	0.99100	1.11443	2.07816		
07:41:42	2000	3000	3333	9955	3766	0.99100	1.11443	2.06528		
07:41:52	2000	3000	3333	9955	3767	0.99100	1.11454	2.06592		
07:42:02	2000	3000	3333	9955	3768	0.99100	1.11452	2.06725		
07:42:13	2000	3000	3333	9955	3776	0.99100	1.11454	2.07756		
07:42:23	2000	3000	3333	9955	3780	0.99100	1.11450	2.07206		
07:42:33	2000	3000	3333	9955	3784	0.99100	1.11444	2.07034		
07:42:43	2000	3000	3333	9955	3784	0.99100	1.11445	2.03319		
07:42:53	2000	3000	3333	9955	3783	0.99100	1.11444	2.05933		
07:43:03	2000	3000	3333	9955	3777	0.99100	1.11448	2.04258		
07:43:14	2000	3000	3333	9955	3768	0.99100	1.11445	2.05332		
07:43:24	2000	3000	3333	9955	3763	0.99100	1.11442	2.07394		
07:43:34	2000	3000	3333	9955	3756	0.99100	1.11445	2.06587		
07:43:44	2000	3000	3333	9955	3747	0.99100	1.11441	2.05783		
07:43:54	2000	3000	3333	9955	3738	0.99100	1.11439	2.07221		
07:44:05	2000	3000	3333	9955	3729	0.99100	1.11440	2.06457		
07:44:15	2000	3000	3333	9955	3724	0.99100	1.11441	2.07093		
07:44:25	2000	3000	3333	9955	3721	0.99100	1.11445	2.06951		
07:44:35	2000	3000	3333	9955	3720	0.99100	1.11448	2.06066		
07:44:45	2000	3000	3333	9955	3720	0.99100	1.11448	2.07375		
07:44:56	2000	3000	3333	9955	3719	0.99100	1.11447	2.07993		
07:45:06	2000	3000	3333	9955	3716	0.99100	1.11453	2.07402		
07:45:16	2000	3000	3333	9955	3712	0.99100	1.11454	2.04964		
07:45:26	2000	3000	3333	9955	3709	0.99100	1.11454	2.05955		
07:45:36	2000	3000	3333	9955	3709	0.99100	1.11457	2.05903		
07:45:46	2000	3000	3333	9955	3708	0.99100	1.11453	2.06643		
07:45:57	2000	3000	3333	9955	3706	0.99100	1.11453	2.07666		
07:46:07	2000	3000	3333	9955	3704	0.99100	1.11455	2.07409		
07:46:17	2000	3000	3333	9955	3702	0.99100	1.11458	2.07077		
07:46:27	2000	3000	3333	9955	3693	0.99100	1.11458	2.07786		
07:46:37	2000	3000	3333	9955	3687	0.99100	1.11463	2.07525		
07:46:48	2000	3000	3333	9955	3681	0.99100	1.11464	2.07232		
07:46:58	2000	3000	3333	9955	3675	0.99100	1.11468	2.07513		
07:47:08	2000	3000	3333	9955	3669	0.99100	1.11470	2.07645		
07:47:18	2000	3000	3333	9955	3663	0.99100	1.11473	2.07158		
07:47:28	2000	3000	3333	9955	3657	0.99100	1.11474	2.07351		
07:47:38	2000	3000	3333	9955	3652	0.99100	1.11480	2.08157		
07:47:49	2000	3000	3333	9955	3648	0.99100	1.11477	2.08172		
07:47:59	2000	3000	3333	9955	3644	0.99100	1.11484	2.07986		
07:48:09	2000	3000	3333	9955	3641	0.99100	1.11482	2.07827		
07:48:19	2000	3000	3333	9955	3639	0.99100	1.11485	2.06848		
07:48:29	2000	3000	3333	9955	3638	0.99100	1.11488	2.07009		
07:48:39	2000	3000	3333	9955	3637	0.99100	1.11492	2.06293		
07:48:49	2000	3000	3333	9955	3637	0.99100	1.11490	2.03154		
07:48:59	2000	3000	3333	8937	3636	0.98998	1.11493	2.02222		
07:49:09	2000	3000	3333	9955	3635	0.99100	1.11495	2.02991		
07:49:20	2000	3000	3333	7089	3634	0.98738	1.11495	2.01644		
07:49:30	2000	3000	3333	9955	3635	0.99100	1.11496	2.04117		
07:49:40	2000	3000	3333	9955	3635	0.99100	1.11495	2.04383		
07:49:50	2000	3000	3333	9955	3635	0.99100	1.11491	2.03641		
07:50:00	2000	3000	3333	9955	3636	0.99100	1.11486	2.03462		
07:50:11	2000	3000	3333	9955	3637	0.99100	1.11484	2.05053		
07:50:21	2000	3000	3333	9955	3638	0.99100	1.11481	2.03528		
07:50:31	2000	3000	3333	6841	3641	0.98693	1.11480	2.01515		
07:50:41	2000	3000	3333	9955	3645	0.99100	1.11477	2.02762		
07:50:51	2000	3000	3333	9955	3648	0.99100	1.11477	2.03966		
07:51:01	2000	3000	3333	9955	3650	0.99100	1.11474	2.05053		
07:51:11	2000	3000	3333	9955	3652	0.99100	1.11473	2.03891		
07:51:22	2000	3000	3333	9955	3653	0.99100	1.11471	2.05713		
07:51:32	2000	3000	3333	9955	3659	0.99100	1.11476	2.04047		
07:51:42	2000	3000	3333	9955	3663	0.99100	1.11474	2.04538		
07:51:52	2000	3000	3333	9955	3668	0.99100	1.11680	2.05953		
07:52:02	2000	3000	3333	9955	3672	0.99100	1.11723	2.06044		
07:52:12	2000	3000	3333	9955	3673	0.99100	1.11735	2.07432		
07:52:23	2000	3000	3333	9955	3672	0.99100	1.11740	2.06036		
07:52:33	2000	3000	3333	9955	3670	0.99100	1.11742	2.07401		
07:52:43	2000	3000	3333	9955	3669	0.99100	1.11746	2.07792		
07:52:53	2000	3000	3333	9955	3669	0.99100	1.11749	2.07664		
07:53:03	2000	3000	3333	9955	3668	0.99100	1.11750	2.07541		
07:53:14	2000	3000	3333	9955	3666	0.99100	1.11751	2.07472		
07:53:24	2000	3000	3333	9955	3669	0.99100	1.11757	2.07554		
07:53:34	2000	3000	3333	9955	3674	0.99100	1.11761	2.07244		
07:53:44	2000	3000	3333	9955	3675	0.99100	1.11759	2.06881		
07:53:54	2000	3000	3333	9955	3676	0.99100	1.11759	2.07480		
07:54:05	2000	3000	3333	9955	3675	0.99100	1.11756	2.04599		
07:54:15	2000	3000	3333	9955	3672	0.99100	1.11763	2.05461		
07:54:25	2000	3000	3333	9955	3671	0.99100	1.11759	2.05898		
07:54:35	2000	3000	3333	9955	3669	0.99100	1.11757	2.04623		
07:54:45	2000	3000	3333	9955	3667	0.99100	1.11758	2.04778		
07:54:55	2000	3000	3333	9955	3665	0.99100	1.11760	2.05644		
07:55:06	2000	3000	3333	9955	3665	0.99100	1.11756	2.06122		
07:55:16	2000	3000	3333	9955	3666	0.99100	1.11753	2.05259		
07:55:26	2000	3000	3333	9955	3670	0.99100	1.11761	2.06238		
07:55:36	2000	3000	3333	9955	3670	0.99100	1.11761	2.06238		
07:55:46	2000	3000	3333	9955	3689	0.99100	1.11757	2.05103		
07:55:57	2000	3000	3333	9955	3704	0.99100	1.11774	2.07072		
07:56:07	2000	3000	3333	9955	3721	0.99100	1.11790	2.07082		
07:56:17	2000	3000	3333	9955	3721	0.99100	1.11790	2.07082		
07:56:27	2000	3000	3333	9955	3759	0.99100	1.11785	2.07442		
07:56:37	2000	3000	3333	9955	3774	0.99100	1.11789	2.08324		
07:56:48	2000	3000	3333	9955	3778	0.99100	1.11787	2.08408		
07:56:58	2000	3000	3333	9955	3788	0.99100	1.11791	2.06157		
07:57:08	2000	3000	3333	9955	3788	0.99100	1.11789	2.06146		
07:57:18	2000	3000	3333	9955	3770	0.99100	1.11789	2.05321		
07:57:28	2000	3000	3333	9955	3746	0.99100	1.11790	2.06576		
07:57:38	2000	3000	3333	9955	3717	0.99100	1.11786	2.08435		
07:57:49	2000	3000	3333	9955	3696	0.99100	1.11784	2.07528		
07:57:59	2000	3000	3333	9955	3668	0.99100	1.11787	2.07094		
07:58:09	2000	3000	3333	9955	3631	0.99100	1.11787	2.06567		
07:58:19	2000	3000	3333	9955	3611	0.99100	1.11784	2.07897		
07:58:29	2000	3000	3333	9955	3592	0.99100	1.11785	2.07847		
07:58:40	2000	3000	3333	9955	3578	0.99100	1.11784	2.07056		
07:58:50	2000	3000	3333	9955	3583	0.99100	1.11793	2.06121		
07:59:00	2000	3000	3333	9955	3589	0.99100	1.11798	2.06876		
07:59:10	2000	3000	3333	9955	3599	0.99100	1.11795	2.08507		
07:59:20	2000	3000	3333	9955	3599	0.99100	1.11795	2.08507		
07:59:30	2000	3000	3333	9955	3599	0.99100	1.11804	2.07946		
07:59:41	2000	3000	3333	9955	3599	0.99100	1.11809	2.06933		
07:59:51	2000	3000	3333	9955	3601	0.99100	1.11807	2.07339		
08:00:01	2000	3000	3333	9955	3601	0.99100	1.11809	2.07403		
08:00:11	2000	3000	3333	9955	3602	0.99100	1.11805	2.08024		
08:00:21	2000	3000	3333	9955	3600	0.99100	1.11807	2.07507		
08:00:31	2000	3000	3333	9955	3597	0.99100	1.11811	2.07675		
08:00:41	2000	3000	3333	9955	3593	0.99100	1.11810	2.08350		
08:00:52	2000	3000	3333	9955	3589	0.99100	1.11811	2.07743		
08:01:02	2000	3000	3333	9955	3585	0.99100	1.11813	2.07460		
08:01:12	2000	3000	3333	9955	3582	0.99100	1.11813	2.07723		
08:01:22	2000	3000	3333	9955	3579	0.99100	1.11815	2.08589		
08:01:32	2000	3000	3333	9955	3576	0.99100	1.11814	2.08131		
08:01:43	2000	3000	3333	9955	3571	0.99100	1.11817	2.08050		
08:01:53	2000	3000	3333	9955	3563	0.99100	1.11821	2.08584		
08:02:03	2000	3000	3333	9955	3551	0.99100	1.11820	2.08607		
08:02:13	2000	3000	3333	9955	3534	0.99100	1.11827	2.08288		
08:02:23	2000	3000	3333	9955	3520	0.99100	1.11829	2.06100		
08:02:33	2000	3000	3333	9955	3518	0.99100	1.11825	2.04738		
08:02:43	2000	3000	3333	9955	3503	0.99100	1.11825	2.05427		
08:02:54	2000	3000	3333	5914	3472	0.98490	1.11823	2.01678		
08:03:04	2000	3000	3333	9955	3480	0.99100	1.11821	2.07118		
08:03:14	2000	3000	3333	9955	3483	0.99100	1.11818	2.05407		
08:03:24	2000	3000	3333	9955	3488	0.99100	1.11816	2.05536		
08:03:34	2000	3000	3333	9955	3494	0.99100	1.11806	2.04925		
08:03:45	2000	3000	3333	9955	3503	0.99100	1.11806	2.06211		
08:03:55	2000	3000	3333	9955	3511	0.99100	1.11802	2.05971		
08:04:05	2000	3000	3333	9955	3506	0.99100	1.11808	2.06502		
08:04:15	2000	3000	3333	9955	3514	0.99100	1.11808	2.04692		
08:04:25	2000	3000	3333	9955	3529	0.99100	1.11805	2.06935		
08:04:36	2000	3000	3333	9955	3542	0.99100	1.11809	2.06943		
08:04:46	2000	3000	3333	9955	3538	0.99100	1.11809	2.03081		
08:04:56	2000	3000	3333	9955	3546	0.99100	1.11804	2.04228		
08:05:06	2000	3000	3333	9955	3556	0.99100	1.11801	2.05412		
08:05:16	2000	3000	3333	9955	3563	0.99100	1.11801	2.03806		
08:05:26	2000	3000	3333	9955	3570	0.99100	1.11800	2.05600		
08:05:37	2000	3000	3333	9955	3590	0.99100	1.11796	2.07089		
08:05:47	2000	3000	3333	9955	3603	0.99100	1.11791	2.07620		
08:05:57	2000	3000	3333	9955	3608	0.99100	1.11789	2.05969		
08:06:07	2000	3000	3333	9955	3608	0.99100	1.11789	2.05969		
08:06:17	2000	3000	3333	9955	3611	0.99100	1.11789	2.07077		
08:06:28	2000	3000	3333	9955	3614	0.99100	1.11788	2.07327		
08:06:38	2000	3000	3333	9955	3614	0.99100	1.11790	2.06483		
08:06:48	2000	3000	3333	9955	3618	0.99100	1.11786	2.06041		
08:06:58	2000	3000	3333	9955	3623	0.99100	1.11788	2.05110		
08:07:08	2000	3000	3333	9955	3624	0.99100	1.11781	2.05601		
08:07:19	2000	3000	3333	9955	3624	0.99100	1.11777	2.05470		
08:07:29	2000	3000	3333	9955	3624	0.99100	1.11773	2.05674		
08:07:39	2000	3000	3333	9955	3627	0.99100	1.11776	2.03736		
08:07:49	2000	3000	3333	9955	3628	0.99100	1.11773	2.04118		
08:07:59	2000	3000	3333	9955	3630	0.99100	1.11773	2.05994		
08:08:09	2000	3000	3333	9955	3633	0.99100	1.11776	2.04751		
08:08:20	2000	3000	3333	9955	3640	0.99100	1.11768	2.03699		
08:08:30	2000	3000	3333	3142	3645	0.97176	1.11769	1.98630		
08:08:40	2000	3000	3333	9955	3653	0.99100	1.11772	2.05356		
08:08:50	2000	3000	3333	9955	3661	0.99100	1.11774	2.05799		
08:09:00	2000	3000	3333	9955	3672	0.99100	1.11772	2.04772		
08:09:11	2000	3000	3333	9955	3684	0.99100	1.11770	2.06560		
08:09:21	2000	3000	3333	9955	3697	0.99100	1.11775	2.06392		
08:09:31	2000	3000	3333	9955	3707	0.99100	1.11776	2.06456		
08:09:41	2000	3000	3333	9955	3707	0.99100	1.11776	2.06456		
08:13:45	2000	3000	3333	9955	3619	0.99100	1.11745	2.05881		
08:13:55	2000	3000	3333	9955	3611	0.99100	1.11743	2.06639		
08:14:05	2000	3000	3333	9955	3601	0.99100	1.11746	2.06169		
08:14:16	2000	3000	3333	9955	3591	0.99100	1.11745	2.06814		
08:14:26	2000	3000	3333	9955	3581	0.99100	1.11745	2.07500		
08:14:36	2000	3000	3333	9955	3570	0.99100	1.11747	2.07738		
08:14:46	2000	3000	3333	9955	3555	0.99100	1.11756	2.07565		
08:14:56	2000	3000	3333	9955	3538	0.99100	1.11753	2.07107		
08:15:06	2000	3000	3333	9955	3534	0.99100	1.11759	2.05981		
08:15:17	2000	3000	3333	9955	3534	0.99100	1.11766	2.05533		
08:15:27	2000	3000	3333	9955	3516	0.99100	1.11763	2.06667		
08:15:37	2000	3000	3333	9955	3483	0.99100	1.11767	2.07597		
08:15:47	2000	3000	3333	9955	3478	0.99100	1.11768	2.07226		
08:15:57	2000	3000	3333	9955	3495	0.99100	1.11768	2.07847		
08:16:08	2000	3000	3333	9955	3512	0.99100	1.11770	2.07832		
08:16:18	2000	3000	3333	9955	3543	0.99100	1.11773	2.05501		
08:16:28	2000	3000	3333	9955	3543	0.99100	1.11773	2.05501		
08:16:38	2000	3000	3333	9955	3554	0.99100	1.11767	2.04814		
08:16:48	2000	3000	3333	9955	3553	0.99100	1.11765	2.06107		
08:16:59	2000	3000	3333	9955	3554	0.99100	1.11762	2.05129		
08:17:09	2000	3000	3333	9955	3554	0.99100	1.11762	2.05129		
08:17:19	2000	3000	3333	9955	3551	0.99100	1.11758	2.06040		
08:17:29	2000	3000	3333	9955	3550	0.99100	1.11757	2.05016		
08:17:39	2000	3000	3333	9955	3552	0.99100	1.11750	2.03406		
08:17:49	2000	3000	3333	9955	3552	0.99100	1.11743	2.05151		
08:18:00	2000	3000	3333	3775	3552	0.97644	1.11738	1.99626		
08:18:10	2000	3000	3333	6294	3551	0.98580	1.11739	2.01730		
08:18:20	2000	3000	3333	9955	3550	0.99100	1.11736	2.04665		
08:18:30	2000	3000	3333	9955	3550	0.99100	1.11727	2.05273		
08:18:40	2000	3000	3333	9955	3549	0.99100	1.11715	2.03828		
08:18:51	2000	3000	3333	9955	3550	0.99100	1.11706	2.05433		
08:19:01	2000	3000	3333	9955	3550	0.99100	1.11674	2.04271		
08:19:11	2000	3000	3333	9955	3551	0.99100	1.11656	2.05290		
08:19:21	2000	3000	3333	9955	3551	0.99100	1.11656	2.05290		
08:19:31	2000	3000	3333	9955	3554	0.99100	1.11636	2.04691		
08:19:42	2000	3000	3333	9955	3555	0.99100	1.11617	2.03537		
08:19:52	2000	3000	3333	9955	3556	0.99100	1.11606	2.04171		
08:20:02	2000	3000	3333	9955	3557	0.99100	1.11590	2.04612		
08:20:12	2000	3000	3333	9955	3559	0.99100	1.11568	2.05221		
08:20:22	2000	3000	3333	9955	3560	0.99100	1.11528	2.03593		
08:20:32	2000	3000	3333	9955	3560	0.99100	1.11462	2.04423		
08:20:43	2000	3000	3333	9955	3561	0.99100	1.11428	2.05070		
08:20:53	2000	3000	3333	9955	3561	0.99100	1.11424	2.03838		
08:21:03	2000	3000	3333	6650	3560	0.98656	1.11420	2.01323		
08:21:13	2000	3000	3333	9955	3558	0.99100	1.11419	2.03388		
08:21:23	2000	3000	3333	9955	3555	0.99100	1.11416	2.04166		
08:21:34	2000	3000	3333	9955	3552	0.99100	1.11413	2.03754		
08:21:44	2000	3000	3333	9955	3551	0.99100	1.11410	2.04592		
08:21:54	2000	3000	3333	9955	3551	0.99100	1.11412	2.04115		
08:22:04	2000	3000	3333	9955	3551	0.99100	1.11411	2.03642		
08:22:14	2000	3000	3333	9955	3551	0.99100	1.11411	2.03642		
08:22:24	2000	3000	3333	9955	3549	0.99100	1.11410	2.04100		
08:22:34	2000	3000	3333	9955	3547	0.99100	1.11409	2.02305		
08:22:44	2000	3000	3333	9955	3545	0.99100	1.11408	2.03254		
08:22:54	2000	3000	3333	9955	3542	0.99100	1.11410	2.06035		
08:23:04	2000	3000	3333	9955	3538	0.99100	1.11410	2.04593		
08:23:14	2000	3000	3333	9955	3534	0.99100	1.11411	2.03384		
08:23:24	2000	3000	3333	9955	3529	0.99100	1.11404	2.03282		
08:23:34	2000	3000	3333	9955	3520	0.99100	1.11407	2.04415		
08:23:45	2000	3000	3333	9955	3507	0.99100	1.11405	2.04412		
08:23:55	2000	3000	3333	8244	3488	0.98914	1.11404	2.01873		
08:24:05	2000	3000	3333	9955	3465	0.99100	1.11406	2.05692		
08:24:15	2000	3000	3333	9955	3465	0.99100	1.11406	2.05692		
08:24:25	2000	3000	3333	9955	3450	0.99100	1.11407	2.03525		
08:24:36	2000	3000	3333	9955	3451	0.99100	1.11399	2.03544		
08:24:46	2000	3000	3333	9955	3456	0.99100	1.11401	2.04443		
08:24:56	2000	3000	3333	9955	3466	0.99100	1.11399	2.04192		
08:25:06	2000	3000	3333	9955	3474	0.99100	1.11397	2.04936		
08:25:16	2000	3000	3333	9955	3484	0.99100	1.11397	2.05172		
08:25:27	2000	3000	3333	9955	3494	0.99100	1.11395	2.03846		
08:25:37	2000	3000	3333	9955	3505	0.99100	1.11395	2.04442		
08:25:47	2000	3000	3333	9955	3512	0.99100	1.11394	2.05029		
08:25:57	2000	3000	3333	9955	3512	0.99100	1.11394	2.05029		
08:26:07	2000	3000	3333	9955	3512	0.99100	1.11394	2.05029		
08:26:17	2000	3000	3333	9955	3523	0.99100	1.11399	2.05495		
08:26:27	2000	3000	3333	9955	3526	0.99100	1.11401	2.04548		
08:26:38	2000	3000	3333	9955	3531	0.99100	1.11405	2.05495		
08:26:48	2000	3000	3333	9955	3534	0.99100	1.11407	2.04641		
08:26:58	2000	3000	3333	9955	3535	0.99100	1.11409	2.05890		
08:27:08	2000	3000	3333	9955	3531	0.99100	1.11407	2.06148		
08:27:18	2000	3000	3333	9955	3530	0.99100	1.11410	2.05458		
08:27:28	2000	3000	3333	9955	3528	0.99100	1.11410	2.04820		
08:27:39	2000	3000	3333	9955	3525	0.99100	1.11420	2.04839		
08:27:49	2000	3000	3333	9955	3520	0.99100	1.11421	2.04441		
08:27:59	2000	3000	3333	9955	3519	0.99100	1.11420	2.05123		
08:28:09	2000	3000	3333	9955	3509	0.99100	1.11422	2.04393		
08:28:19	2000	3000	3333	9955	3501	0.99100	1.11420	2.03347		
08:28:30	2000	3000	3333	9955	3490	0.99100	1.11427	2.05197		
08:28:40	2000	3000	3333	4926	3475	0.98189	1.11420	2.00279		
08:28:50	2000	3000	3333	9955	3461	0.99100	1.11421	2.04652		
08:29:00	2000	3000	3333	9955	3445	0.99100	1.11422	2.03485		
08:29:10	2000	3000	3333	9955	3428	0.99100	1.11428	2.04736		
08:29:21	2000	3000	3333	9955	3411	0.99100	1.11428	2.04942		
08:29:31	2000	3000	3333	9955	3396	0.99100	1.11431	2.03876		
08:29:41	2000	3000	3333	9955	3383	0.99100	1.11430	2.04664		
08:29:51	2000	3000	3333	9955	3379	0.99100	1.11432	2.04673		
08:30:01	2000	3000	3333	9955	3380	0.99100	1.11435	2.04572		
08:30:11	2000	3000	3333	9955	3385	0.99100	1.11435	2.04570		
08:30:22	2000	3000	3333	9955	3385	0.99100	1.11435	2.04570		
08:30:32	2000	3000	3333	9955	3404	0.99100	1.11438	2.04513		
08:30:42	2000	3000	3333	9955	3419	0.99100	1.11442	2.04485		
08:30:52	2000	3000	3333	9955	3437	0.99100	1.11443	2.04151		
08:31:02	2000	3000	3333	9955	3450	0.99100	1.11445	2.03756		
08:31:13	2000	3000	3333	9955	3460	0.99100	1.11446	2.03862		
08:31:23	2000	3000	3333	8737	3467	0.98975	1.11444	2.02082		
08:31:33	2000	3000	3333	9955	3480	0.99100	1.11442	2.02883		
08:31:43	2000	3000	3333	9955	3498	0.99100	1.11446	2.03612		
08:31:53	2000	3000	3333	8187	3511	0.98907	1.11442	2.01925		
08:32:04	2000	3000	3333	9251	3522	0.99032	1.11438	2.02198		
08:32:14	2000	3000	3333	6665	3528	0.98659	1.11440	2.01366		
08:32:24	2000	3000	3333	9955	3529	0.99100	1.11439	2.03126		
08:32:34	2000	3000	3333	9955	3529	0.99100	1.11439	2.03126		
08:44:04	2000	3000	3333	9955	3625	0.99100	1.11448	2.02849		
08:44:14	2000	3000	3333	9955	3598	0.99100	1.11446	2.02923		
08:44:24	2000	3000	3333	9406	3570	0.99048	1.11446	2.02248		
08:44:35	2000	3000	3333	9955	3546	0.99100	1.11445	2.02817		
08:44:45	2000	3000	3333	9955	3528	0.99100	1.11447	2.04571		
08:44:55	2000	3000	3333	9955	3528	0.99100	1.11447	2.04571		
08:45:36	2000	3000	3333	4952	3473	0.98199	1.11448	2.00351		
08:45:46	2000	3000	3333	4224	3467	0.97892	1.11446	1.99659		
08:45:56	2000	3000	3333	3161	3463	0.97193	1.11449	1.98099		
08:46:06	2000	3000	3333	3608	3463	0.97537	1.11462	1.98892		
08:46:17	2000	3000	3333	3542	3462	0.97491	1.11456	1.98780		
08:46:27	2000	3000	3333	3542	3462	0.97491	1.11456	1.98780		
08:46:37	2000	3000	3333	4337	3463	0.97946	1.11456	1.99799		
08:46:47	2000	3000	3333	3830	3462	0.97678	1.11454	1.99194		
08:46:57	2000	3000	3333	3581	3461	0.97518	1.11451	1.98831		
08:47:07	2000	3000	3333	2003	3460	0.95606	1.11453	1.94551		
08:47:18	2000	3000	3333	4646	3458	0.98082	1.11447	2.00086		
08:47:28	2000	3000	3333	4646	3458	0.98082	1.11447	2.00086		
08:47:38	2000	3000	3333	3315	3452	0.97322	1.11452	1.98393		
08:47:48	2000	3000	3333	4269	3452	0.97914	1.11449	1.99714		
08:47:58	2000	3000	3333	4269	3452	0.97914	1.11449	1.99714		
08:48:08	2000	3000	3333	4269	3452	0.97914	1.11449	1.99714		
08:51:11	2000	3000	3333	5732	3420	0.98442	1.11451	2.00901		
08:51:21	2000	3000	3333	5593	3418	0.98404	1.11453	2.00818		
08:51:32	2000	3000	3333	5257	3414	0.98303	1.11457	2.00599		
08:51:42	2000	3000	3333	5257	3414	0.98303	1.11457	2.00599		
08:51:52	2000	3000	3333	4221	3408	0.97890	1.11456	1.99674		
08:52:02	2000	3000	3333	4221	3408	0.97890	1.11456	1.99674		
08:52:12	2000	3000	3333	4221	3408	0.97890	1.11456	1.99674		
08:52:33	2000	3000	3333	5656	3400	0.98421	1.11463	2.00876		
08:52:43	2000	3000	3333	4249	3397	0.97904	1.11468	1.99726		
08:52:53	2000	3000	3333	3676	3398	0.97581	1.11470	1.99006		
08:53:03	2000	3000	3333	4774	3400	0.98132	1.11469	2.00239		
08:53:13	2000	3000	3333	4774	3400	0.98132	1.11469	2.00239		
08:53:34	2000	3000	3333	5620	3398	0.98411	1.11479	2.00882		
08:53:44	2000	3000	3333	4771	3396	0.98131	1.11477	2.00251		
08:53:54	2000	3000	3333	5211	3395	0.98288	1.11479	2.00605		
08:54:04	2000	3000	3333	5533	3394	0.98387	1.11477	2.00823		
08:54:15	2000	3000	3333	5100	3395	0.98251	1.11486	2.00535		
08:54:25	2000	3000	3333	4028	3396	0.97790	1.11484	1.99500		
08:54:35	2000	3000	3333	2265	3385	0.96104	1.11476	1.95707		
08:54:45	2000	3000	3333	3524	3389	0.97479	1.11477	1.98789		
08:54:55	2000	3000	3333	3869	3400	0.97701	1.11474	1.99281		
08:55:06	2000	3000	3333	2302	3403	0.96166	1.11468	1.95832		
08:55:16	2000	3000	3048	2302	3403	0.96166	1.11468	1.95832		
08:55:26	2000	3000	3214	5027	3405	0.98226	1.11464	2.00439		
08:55:36	2000	3000	3333	5027	3405	0.98226	1.11464	2.00439		
08:55:46	2000	3000	3333	3939	3399	0.97741	1.11465	1.99355		
08:55:56	2000	3000	3333	2195	3399	0.95983	1.11460	1.95408		
08:56:07	2000	3000	3333	2473	3406	0.96426	1.11459	1.96400		
08:56:17	2000	3000	3333	4791	3406	0.98139	1.11461	2.00240		
08:56:27	2000	3000	3333	2712	3406	0.96736	1.11459	1.97094		
08:56:37	2000	3000	3137	2712	3406	0.96736	1.11459	1.97094		
08:56:47	2000	2900	2998	3106	3404	0.97144	1.11455	1.98001		
08:56:58	2000	3000	3333	4298	3401	0.97928	1.11456	1.99758		
08:57:08	2000	3000	3333	4298	3401	0.97928	1.11456	1.99758		
08:57:18	2000	3000	3333	3289	3402	0.97301	1.11452	1.98346		
08:57:28	2000	3000	3333	3289	3402	0.97301	1.11452	1.98346		
08:57:38	2000	3000	3333	5039	3402	0.98230	1.11455	2.00432		
08:57:49	2000	3000	3333	4314	3400	0.97935	1.11459	1.99780		
08:57:59	2000	3000	3333	4290	3396	0.97924	1.11455	1.99747		
08:58:09	2000	3000	3333	4290	3396	0.97924	1.11455	1.99747		
08:58:19	2000	3000	3333	4290	3396	0.97924	1.11455	1.99747		
09:06:57	2000	3000	3333	4170	3415	0.97865	1.11459	1.99622		
09:07:08	2000	3000	3333	4170	3415	0.97865	1.11459	1.99622		
09:07:18	2000	3000	3333	4790	3421	0.98139	1.11456	2.00230		
09:07:28	2000	3000	3333	4590	3427	0.98058	1.11459	2.00055		
09:07:38	2000	3000	3333	1588	3437	0.94490	1.11462	1.92068		
09:07:48	2000	3000	3333	1588	3437	0.94490	1.11462	1.92068		
09:07:59	2000	3000	3333	5193	3450	0.98282	1.11466	2.00569		
09:08:09	2000	3000	3089	565	3453	0.85263	1.11467	1.71405		
09:08:19	2000	3000	3293	6012	3452	0.98514	1.11466	2.01089		
09:08:29	2000	3000	3333	7119	3441	0.98744	1.11468	2.01607		
09:08:39	2000	3000	3333	6007	3430	0.98513	1.11473	2.01099		
09:08:49	2000	3000	3333	6007	3430	0.98513	1.11473	2.01099		
09:09:30	2000	3000	3333	5511	3364	0.98380	1.11492	2.00836		
09:09:40	2000	3000	3333	4963	3359	0.98203	1.11495	2.00444		
09:09:51	2000	3000	3333	5639	3354	0.98417	1.11495	2.00923		
09:10:01	2000	3000	3333	5479	3348	0.98371	1.11496	2.00822		
09:10:11	2000	3000	3333	4994	3345	0.98214	1.11499	2.00476		
09:10:21	2000	3000	3333	5681	3345	0.98428	1.11499	2.00956		
09:10:31	2000	3000	3333	5963	3347	0.98502	1.11500	2.01123		
09:10:42	2000	3000	3333	3911	3349	0.97725	1.11500	1.99382		
09:10:52	2000	3000	3333	4800	3353	0.98143	1.11504	2.00325		
09:11:02	2000	3000	3333	4082	3355	0.97819	1.11504	1.99600		
09:11:12	2000	3000	3333	5017	3357	0.98222	1.11505	2.00505		
09:11:22	2000	3000	3333	3871	3358	0.97702	1.11503	1.99335		
09:11:32	2000	3000	3333	3646	3360	0.97561	1.11503	1.99021		
09:11:42	2000	3000	3333	3411	3361	0.97396	1.11501	1.98646		
09:11:53	2000	3000	3333	4925	3362	0.98189	1.11503	2.00428		
09:12:03	2000	3000	3333	3592	3361	0.97526	1.11500	1.98935		
09:12:13	2000	3000	3333	4538	3362	0.98036	1.11498	2.00076		
09:12:23	2000	3000	3333	4538	3362	0.98036	1.11498	2.00076		
09:12:33	2000	3000	3333	4538	3362	0.98036	1.11498	2.00076		
09:17:08	2000	3000	3333	3125	3344	0.97161	1.11501	1.98121		
09:17:18	2000	3000	3333	3565	3346	0.97507	1.11498	1.98890		
09:17:28	2000	3000	3333	3565	3346	0.97507	1.11498	1.98890		
09:17:39	2000	3000	3333	3110	3342	0.97148	1.11502	1.98092		
09:17:49	2000	3000	3333	2985	3344	0.97030	1.11501	1.97826		
09:17:59	2000	3000	3198	2838	3352	0.96878	1.11503	1.97490		
09:18:09	2000	3000	3143	2797	3354	0.96834	1.11505	1.97394		
09:18:19	2000	3000	3015	2797	3354	0.96834	1.11505	1.97394		
09:18:29	2000	2900	2940	3113	3350	0.97150	1.11501	1.98096		
09:18:40	2000	2700	2734	1878	3350	0.95320	1.11502	1.93997		
09:18:50	2000	2500	2552	1894	3351	0.95360	1.11500	1.94083		
09:19:00	2000	2400	2471	2352	3357	0.96246	1.11494	1.96057		
09:19:10	2000	2300	2354	2090	3357	0.95786	1.11495	1.95028		
09:19:20	2000	2300	2339	2707	3357	0.96730	1.11490	1.97134		
09:19:31	2000	2200	2271	2707	3357	0.96730	1.11490	1.97134		
09:19:41	2000	2400	2498	3238	3355	0.97259	1.11490	1.98320		
09:19:51	2000	2700	2717	3210	3355	0.97235	1.11488	1.98263		
09:20:01	2000	2800	2896	3426	3354	0.97408	1.11494	1.98660		
09:20:11	2000	3000	3119	3426	3354	0.97408	1.11494	1.98660		
09:20:22	2000	3000	3140	2836	3352	0.96876	1.11494	1.97469		
09:20:32	2000	3000	3135	2676	3346	0.96693	1.11492	1.97055		
09:20:42	2000	3000	3096	3003	3344	0.97047	1.11491	1.97847		
09:20:52	2000	3000	3102	3250	3341	0.97269	1.11488	1.98339		
09:21:02	2000	3000	3025	2963	3340	0.97008	1.11485	1.97749		
09:21:12	2000	2900	2993	3235	3341	0.97257	1.11488	1.98311		
09:21:23	2000	3000	3060	3235	3341	0.97257	1.11488	1.98311		
09:21:33	2000	3000	3053	2637	3340	0.96645	1.11490	1.96944		
09:21:43	2000	3000	3141	3526	3340	0.97480	1.11483	1.98802		
09:21:53	2000	3000	3209	3658	3338	0.97570	1.11613	1.99236		
09:22:03	2000	3000	3183	2810	3337	0.96848	1.11486	1.97392		
09:22:14	2000	3000	3220	3455	3336	0.97429	1.11494	1.98708		
09:22:24	2000	3000	3231	3303	3334	0.97312	1.11492	1.98442		
09:22:34	2000	3000	3333	3303	3334	0.97312	1.11492	1.98442		
09:22:44	2000	3000	3316	3372	3332	0.97366	1.11489	1.98559		
09:22:54	2000	3000	3269	3372	3332	0.97366	1.11489	1.98559		
09:23:04	2000	3000	3150	2097	3328	0.95799	1.11493	1.95054		
09:23:14	2000	2800	2895	1926	3333	0.95435	1.11486	1.94225		
09:23:24	2000	2800	2853	3052	3338	0.97094	1.11486	1.97943		
09:23:34	2000	2700	2725	2533	3338	0.96509	1.11483	1.96628		
09:23:44	2000	2500	2599	2618	3334	0.96621	1.11476	1.96866		
09:23:54	2000	2500	2544	3042	3334	0.97085	1.11473	1.97900		
09:24:04	2000	2700	2702	3042	3334	0.97085	1.11473	1.97900		
09:24:14	2000	2800	2888	3042	3334	0.97085	1.11473	1.97900		
09:30:10	2000	2700	2795	2496	3342	0.96459	1.11504	1.96552		
09:30:21	2000	2800	2879	3036	3339	0.97079	1.11502	1.97938		
09:30:31	2000	2800	2877	2605	3333	0.96604	1.11502	1.96873		
09:30:41	2000	3000	3003	3801	3331	0.97660	1.11502	1.99240		
09:30:51	2000	3000	3130	3801	3331	0.97660	1.11502	1.99240		
09:31:12	2000	3000	3333	4523	3322	0.98030	1.11505	2.00074		
09:31:22	2000	3000	3333	4706	3321	0.98106	1.11503	2.00241		
09:31:32	2000	3000	3333	4706	3321	0.98106	1.11503	2.00241		
09:31:52	2000	3000	3333	4681	3300	0.98096	1.11513	2.00236		
09:32:02	2000	3000	3333	4194	3299	0.97877	1.11516	1.99751		
09:32:13	2000	3000	3333	3379	3302	0.97371	1.11517	1.98620		
09:32:23	2000	3000	3333	4109	3299	0.97833	1.11513	1.99648		
09:32:33	2000	3000	3333	5107	3293	0.98253	1.11522	2.00605		
09:32:43	2000	3000	3333	3323	3289	0.97328	1.11522	1.98531		
09:32:53	2000	3000	3333	4935	3282	0.98193	1.11517	2.00461		
09:33:04	2000	3000	3333	2711	3288	0.96734	1.11523	1.97203		
09:33:14	2000	3000	3333	2711	3288	0.96734	1.11523	1.97203		
09:34:56	2000	3000	3333	2112	3289	0.95828	1.11491	1.95115		
09:35:06	2000	3000	3230	3588	3297	0.97523	1.11490	1.98911		
09:35:16	2000	3000	3169	2957	3297	0.97002	1.11484	1.97734		
09:35:26	2000	2700	2768	2534	3305	0.96511	1.11483	1.96632		
09:35:36	2000	2700	2748	2589	3318	0.96583	1.11485	1.96797		
09:35:46	2000	2900	2959	3976	3331	0.97762	1.11481	1.99431		
09:35:56	2000	3000	3090	2898	3341	0.96942	1.11481	1.97594		
09:36:06	2000	3000	3157	3991	3358	0.97770	1.11486	1.99458		
09:36:16	2000	3000	3329	3991	3358	0.97770	1.11486	1.99458		
09:36:26	2000	3000	3333	3991	3358	0.97770	1.11486	1.99458		
09:37:17	2000	3000	3333	3562	3460	0.97505	1.11484	1.98860		
09:37:27	2000	3000	3333	3562	3460	0.97505	1.11484	1.98860		
09:37:38	2000	3000	3333	4089	3487	0.97823	1.11492	1.99587		
09:37:48	2000	3000	3333	3438	3498	0.97416	1.11491	1.98674		
09:37:58	2000	3000	3333	3438	3498	0.97416	1.11491	1.98674		
09:38:08	2000	3000	3333	3438	3498	0.97416	1.11491	1.98674		
09:38:49	2000	3000	3333	3323	3501	0.97328	1.11482	1.98461		
09:38:59	2000	3000	3333	3323	3501	0.97328	1.11482	1.98461		
09:39:09	2000	3000	3333	3323	3501	0.97328	1.11482	1.98461		
09:39:19	2000	3000	3333	4848	3472	0.98161	1.11486	2.00333		
09:39:29	2000	3000	3333	4848	3472	0.98161	1.11486	2.00333		
09:39:39	2000	3000	3333	4848	3472	0.98161	1.11486	2.00333		
09:39:50	2000	3000	3333	3806	3465	0.97663	1.11494	1.99232		
09:40:00	2000	3000	3333	3806	3465	0.97663	1.11494	1.99232		
09:40:10	2000	3000	3333	3806	3465	0.97663	1.11494	1.99232		
09:40:20	2000	3000	3333	3167	3437	0.97198	1.11491	1.98186		
09:40:30	2000	3000	3333	4208	3427	0.97884	1.11489	1.99718		
09:40:41	2000	3000	3333	4208	3427	0.97884	1.11489	1.99718		
09:40:51	2000	3000	3333	4642	3404	0.98080	1.11487	2.00154		
09:41:01	2000	3000	3333	3415	3387	0.97399	1.11492	1.98637		
09:41:11	2000	3000	3333	3597	3354	0.97529	1.11492	1.98929		
09:41:21	2000	3000	3333	5169	3348	0.98274	1.11492	2.00598		
09:41:32	2000	3000	3333	5945	3315	0.98498	1.11492	2.01099		
09:41:42	2000	3000	3333	5319	3292	0.98322	1.11490	2.00702		
09:41:52	2000	3000	3333	6657	3280	0.98657	1.11494	2.01460		
09:42:02	2000	3000	3333	6257	3288	0.98572	1.11498	2.01276		
09:42:12	2000	3000	3333	5585	3287	0.98402	1.11500	2.00898		
09:42:22	2000	3000	3333	4707	3282	0.98106	1.11522	2.00276		
09:42:33	2000	3000	3333	5460	3277	0.98365	1.11848	2.01443		
09:42:43	2000	3000	3333	5432	3272	0.98357	1.11845	2.01419		
09:42:53	2000	3000	3333	4979	3267	0.98209	1.11841	2.01079		
09:43:03	2000	3000	3333	4217	3262	0.97888	1.11830	2.00339		
09:43:13	2000	3000	3333	5154	3256	0.98269	1.11825	2.01186		
09:43:24	2000	3000	3333	5098	3250	0.98250	1.11813	2.01122		
09:43:34	2000	3000	3333	4973	3245	0.98206	1.11801	2.01002		
09:43:44	2000	3000	3333	4429	3242	0.97989	1.11756	2.00432		
09:43:54	2000	3000	3333	3907	3238	0.97723	1.11697	1.99729		
09:44:04	2000	3000	3333	4035	3232	0.97794	1.11684	1.99867		
09:44:15	2000	3000	3333	4442	3230	0.97994	1.11667	2.00285		
09:44:25	2000	3000	3333	4289	3231	0.97924	1.11649	2.00094		
09:44:35	2000	3000	3333	4289	3231	0.97924	1.11649	2.00094		
09:44:45	2000	3000	3333	3591	3226	0.97525	1.11624	1.99155		
09:44:55	2000	3000	3333	3332	3224	0.97335	1.11522	1.98548		
09:45:05	2000	3000	3333	3332	3224	0.97335	1.11522	1.98548		
09:45:16	2000	3000	3333	4153	3222	0.97856	1.11514	1.99701		
09:45:26	2000	3000	3333	3201	3219	0.97228	1.11520	1.98303		
09:45:36	2000	3000	3333	4043	3218	0.97798	1.11517	1.99577		
09:45:46	2000	3000	3333	4544	3216	0.98039	1.11519	2.00119		
09:45:56	2000	3000	3333	4760	3213	0.98127	1.11522	2.00322		
09:46:07	2000	3000	3333	4959	3208	0.98202	1.11524	2.00493		
09:46:17	2000	3000	3333	4652	3205	0.98084	1.11526	2.00233		
09:46:27	2000	3000	3333	4043	3204	0.97798	1.11531	1.99602		
09:46:37	2000	3000	3333	4007	3202	0.97779	1.11527	1.99551		
09:46:47	2000	3000	3333	4234	3200	0.97897	1.11531	1.99822		
09:46:57	2000	3000	3333	3452	3196	0.97427	1.11531	1.98769		
09:47:08	2000	3000	3333	4002	3190	0.97776	1.11534	1.99558		
09:47:18	2000	3000	3333	3746	3187	0.97626	1.11536	1.99224		
09:47:28	2000	3000	3333	3491	3185	0.97455	1.11534	1.98837		
09:47:38	2000	3000	3333	2901	3184	0.96945	1.11538	1.97702		
09:47:48	2000	3000	3333	2860	3182	0.96902	1.11536	1.97601		
09:47:58	2000	3000	3333	3641	3181	0.97558	1.11535	1.99071		
09:48:08	2000	3000	3333	3738	3179	0.97621	1.11533	1.99208		
09:48:19	2000	3000	3333	3997	3177	0.97773	1.11530	1.99544		
09:48:29	2000	3000	3333	4194	3174	0.97877	1.11532	1.99780		
09:48:39	2000	3000	3333	3585	3172	0.97521	1.11537	1.98990		
09:48:49	2000	3000	3333	3042	3170	0.97085	1.11532	1.98004		
09:48:59	2000	3000	3333	3150	3167	0.97183	1.11531	1.98223		
09:49:10	2000	3000	3333	3315	3166	0.97322	1.11526	1.98525		
09:49:20	2000	3000	3333	3350	3162	0.97349	1.11524	1.98582		
09:49:30	2000	3000	3110	2219	3159	0.96026	1.11520	1.95609		
09:49:40	2000	3000	3027	3091	3160	0.97130	1.11520	1.98085		
09:49:50	2000	3000	3029	3052	3162	0.97095	1.11519	1.98003		
09:50:00	2000	3000	3045	3243	3158	0.97263	1.11518	1.98379		
09:50:10	2000	3000	3111	3716	3158	0.97607	1.11513	1.99141		
09:50:21	2000	3000	3333	5232	3155	0.98294	1.11515	2.00685		
09:50:31	2000	3000	3333	3789	3144	0.97653	1.11512	1.99242		
09:50:41	2000	3000	3333	3789	3144	0.97653	1.11512	1.99242		
09:50:51	2000	3000	3333	3973	3146	0.97760	1.11513	1.99484		
09:51:01	2000	3000	3333	3630	3145	0.97551	1.11514	1.99017		
09:51:12	2000	3000	3333	3630	3145	0.97551	1.11514	1.99017		
09:51:22	2000	3000	3333	4968	3143	0.98205	1.11515	2.00484		
09:51:32	2000	3000	3333	5181	3140	0.98278	1.11540	2.00693		
09:51:42	2000	3000	3333	5168	3138	0.98274	1.11552	2.00705		
09:51:52	2000	3000	3333	4395	3136	0.97973	1.11563	2.00051		
09:52:02	2000	3000	3333	4244	3132	0.97902	1.11568	1.99900		
09:52:13	2000	3000	3333	3991	3130	0.97770	1.11570	1.99608		
09:52:23	2000	3000	3333	4352	3128	0.97953	1.11576	2.00030		
09:52:33	2000	3000	3333	4397	3125	0.97974	1.11576	2.00076		
09:52:43	2000	3000	3333	3958	3120	0.97752	1.11578	1.99582		
09:52:53	2000	3000	3333	4128	3119	0.97843	1.11580	1.99790		
09:53:04	2000	3000	3333	4340	3118	0.97948	1.11583	2.00030		
09:53:14	2000	3000	3333	4283	3118	0.97920	1.11587	1.99976		
09:53:24	2000	3000	3333	3491	3118	0.97455	1.11589	1.98936		
09:53:34	2000	3000	3333	3405	3118	0.97392	1.11592	1.98799		
09:53:44	2000	3000	3333	3405	3118	0.97392	1.11592	1.98799		
09:53:55	2000	3000	3333	3499	3115	0.97461	1.11593	1.98956		
09:54:05	2000	3000	3333	3499	3115	0.97461	1.11593	1.98956		
09:55:26	2000	3000	3266	2302	3111	0.96166	1.11587	1.96042		
09:55:36	2000	3000	3107	2537	3109	0.96515	1.11585	1.96820		
09:55:47	2000	3000	3004	2785	3108	0.96820	1.11585	1.97505		
09:55:57	2000	2900	2901	2785	3108	0.96820	1.11585	1.97505		
21:20:17	2000	3000	3333	9955	2	0.99100	1.11613	2.11905		
21:20:27	2000	3000	3333	9955	2	0.99100	1.11613	2.11502		
21:20:37	2000	3000	3333	9955	2	0.99100	1.11613	2.11502		
21:20:48	2000	3000	3333	9955	2	0.99100	1.11611	2.11936		
21:20:58	2000	3000	3333	9955	2	0.99100	1.11611	2.12191		
21:21:08	2000	3000	3333	9955	2	0.99100	1.11611	2.12191		
21:21:18	2000	3000	3333	9955	2	0.99100	1.11614	2.11504		
21:21:28	2000	3000	3333	9955	2	0.99100	1.11614	2.11504		
21:21:39	2000	3000	3333	9955	2	0.99100	1.11614	2.11504		
21:22:50	2000	3000	3333	9955	2	0.99100	1.11606	2.11622		
21:23:00	2000	3000	3333	9955	2	0.99100	1.11606	2.11622		
21:23:10	2000	3000	3333	9955	2	0.99100	1.11606	2.11622		
21:23:20	2000	3000	3333	9955	2	0.99100	1.11606	2.11293		
21:23:30	2000	3000	3333	9955	2	0.99100	1.11606	2.11293		
21:23:51	2000	3000	3333	9955	2	0.99100	1.11606	2.11672		
21:24:01	2000	3000	3333	9955	2	0.99100	1.11606	2.11672		
21:24:21	2000	3000	3333	9955	2	0.99100	1.11608	2.11501		
21:24:32	2000	3000	3333	9955	2	0.99100	1.11608	2.11501		
21:24:52	2000	3000	3333	9955	2	0.99100	1.11606	2.11995		
21:25:02	2000	3000	3333	9955	2	0.99100	1.11606	2.11995		
21:25:22	2000	3000	3333	9955	2	0.99100	1.11603	2.11645		
21:25:33	2000	3000	3333	9955	2	0.99100	1.11603	2.11645		
21:27:24	2000	3000	3333	9955	2	0.99100	1.11595	2.12350		
21:27:35	2000	3000	3333	9955	2	0.99100	1.11599	2.11288		
21:27:45	2000	3000	3333	9955	2	0.99100	1.11599	2.11288		
21:28:05	2000	3000	3333	9955	2	0.99100	1.11595	2.12371		
21:28:15	2000	3000	3333	9955	2	0.99100	1.11595	2.12371		
21:29:57	2000	3000	3333	9955	2	0.99100	1.11583	2.10579		
21:30:07	2000	3000	3333	9955	2	0.99100	1.11583	2.10579		
21:30:18	2000	3000	3333	9955	2	0.99100	1.11578	2.11345		
21:30:28	2000	3000	3333	9955	2	0.99100	1.11578	2.11345		
21:30:38	2000	3000	3333	9955	2	0.99100	1.11578	2.11345		
21:31:08	2000	3000	3333	9955	2	0.99100	1.11567	2.11486		
21:31:19	2000	3000	3333	9955	2	0.99100	1.11567	2.11486		
21:31:29	2000	3000	3333	9955	2	0.99100	1.11567	2.11486		
21:31:59	2000	3000	3333	9955	2	0.99100	1.11561	2.12056		
21:32:10	2000	3000	3333	9955	2	0.99100	1.11561	2.12056		
21:32:20	2000	3000	3333	9955	2	0.99100	1.11561	2.12056		
21:32:30	2000	3000	3333	9955	2	0.99100	1.11562	2.12133		
21:32:40	2000	3000	3333	9955	2	0.99100	1.11563	2.12206		
21:32:50	2000	3000	3333	9955	2	0.99100	1.11563	2.12206		
21:33:01	2000	3000	3333	9955	2	0.99100	1.11563	2.12206		
