

			DELHI AIRPORT : 30 m Base line


Time	RVR	 MOR	RVR	MOR	BLM	Trf	 Ref(v)	PD(v)
	(limited)	(limited)	(actual)	(actual)

04:20:03	2000	3000	3333	9955	4472	0.99100	1.11222	2.05600		
04:20:13	2000	3000	3333	9955	4472	0.99100	1.11222	2.05600		
04:20:23	2000	3000	3333	9955	4472	0.99100	1.11222	2.05600		
06:34:24	2000	3000	3333	9955	6304	0.99100	1.11278	2.05941		
06:34:34	2000	3000	3333	9955	6306	0.99100	1.11275	2.04044		
06:34:44	2000	3000	3333	9955	6304	0.99100	1.11274	2.07237		
06:34:54	2000	3000	3333	9955	6299	0.99100	1.11273	2.07704		
06:35:04	2000	3000	3333	9955	6299	0.99100	1.11273	2.07704		
06:35:15	2000	3000	3333	9955	6294	0.99100	1.11280	2.05191		
06:35:25	2000	3000	3333	9955	6295	0.99100	1.11280	2.06155		
06:35:35	2000	3000	3333	9955	6292	0.99100	1.11278	2.04809		
06:35:45	2000	3000	3333	9955	6294	0.99100	1.11287	2.05078		
06:35:55	2000	3000	3333	9955	6292	0.99100	1.11284	2.05634		
06:36:06	2000	3000	3333	9955	6286	0.99100	1.11280	2.05723		
06:36:16	2000	3000	3333	9955	6287	0.99100	1.11279	2.06278		
06:36:26	2000	3000	3333	9955	6287	0.99100	1.11279	2.06278		
06:36:36	2000	3000	3333	9955	6287	0.99100	1.11279	2.06278		
06:36:46	2000	3000	3333	9955	6281	0.99100	1.11281	2.06377		
06:36:56	2000	3000	3333	9955	6281	0.99100	1.11281	2.06377		
06:37:07	2000	3000	3333	9955	6281	0.99100	1.11281	2.06377		
06:37:58	2000	3000	3333	9955	6256	0.99100	1.11288	2.05437		
06:38:08	2000	3000	3333	9955	6252	0.99100	1.11287	2.06731		
06:38:18	2000	3000	3333	9955	6252	0.99100	1.11287	2.06731		
06:38:38	2000	3000	3333	9955	6240	0.99100	1.11291	2.03144		
06:38:48	2000	3000	3333	9955	6240	0.99100	1.11291	2.03144		
06:39:29	2000	3000	3333	9955	6218	0.99100	1.11289	2.04138		
06:39:39	2000	3000	3333	9955	6212	0.99100	1.11287	2.05357		
06:39:49	2000	3000	3333	9955	6206	0.99100	1.11288	2.04730		
06:40:00	2000	3000	3333	9955	6206	0.99100	1.11288	2.04730		
06:47:07	2000	3000	3333	9955	5924	0.99100	1.11305	2.02726		
06:47:17	2000	3000	3333	9955	5924	0.99100	1.11305	2.02726		
06:47:28	2000	3000	3333	9955	5924	0.99100	1.11305	2.02726		
06:47:38	2000	3000	3333	9768	5901	0.99083	1.11299	2.02060		
06:47:48	2000	3000	3333	9768	5901	0.99083	1.11299	2.02060		
06:47:58	2000	3000	3333	9375	5888	0.99045	1.11295	2.01967		
06:48:08	2000	3000	3333	9375	5888	0.99045	1.11295	2.01967		
06:48:18	2000	3000	3333	9375	5888	0.99045	1.11295	2.01967		
06:48:59	2000	3000	3333	9955	5848	0.99100	1.11291	2.02590		
06:49:09	2000	3000	3333	9955	5848	0.99100	1.11291	2.02590		
06:49:40	2000	3000	3333	9955	5815	0.99100	1.11292	2.03664		
06:49:50	2000	3000	3333	9955	5806	0.99100	1.11294	2.05416		
06:50:00	2000	3000	3333	9955	5806	0.99100	1.11294	2.05416		
06:50:10	2000	3000	3333	9955	5781	0.99100	1.11292	2.04841		
06:50:20	2000	3000	3333	9955	5781	0.99100	1.11292	2.04841		
06:50:31	2000	3000	3333	9955	5764	0.99100	1.11298	2.05370		
06:50:41	2000	3000	3333	9955	5764	0.99100	1.11298	2.05370		
06:51:11	2000	3000	3333	9955	5740	0.99100	1.11306	2.04385		
06:51:21	2000	3000	3333	9955	5735	0.99100	1.11304	2.06144		
06:51:32	2000	3000	3333	9955	5735	0.99100	1.11304	2.06144		
06:52:02	2000	3000	3333	9542	5703	0.99061	1.11307	2.02026		
06:52:12	2000	3000	3333	9955	5699	0.99100	1.11311	2.02995		
06:52:22	2000	3000	3333	9955	5688	0.99100	1.11311	2.05223		
06:52:33	2000	3000	3333	9955	5688	0.99100	1.11311	2.05223		
06:52:43	2000	3000	3333	9955	5673	0.99100	1.11312	2.03763		
06:52:53	2000	3000	3333	9955	5662	0.99100	1.11316	2.03652		
06:53:03	2000	3000	3333	9955	5652	0.99100	1.11315	2.02985		
06:53:13	2000	3000	3333	9955	5652	0.99100	1.11315	2.02985		
06:56:17	2000	3000	3333	7010	5515	0.98724	1.11294	2.01249		
06:56:27	2000	3000	3333	9955	5507	0.99100	1.11294	2.04543		
06:56:37	2000	3000	3333	9955	5507	0.99100	1.11294	2.04543		
06:56:47	2000	3000	3333	9955	5507	0.99100	1.11294	2.04543		
06:56:57	2000	3000	3333	9955	5480	0.99100	1.11288	2.03464		
06:57:08	2000	3000	3333	9955	5480	0.99100	1.11288	2.03464		
06:57:18	2000	3000	3333	9955	5480	0.99100	1.11288	2.03464		
06:57:48	2000	3000	3333	9955	5436	0.99100	1.11280	2.03752		
06:57:59	2000	3000	3333	9955	5436	0.99100	1.11280	2.03752		
06:58:09	2000	3000	3333	9955	5422	0.99100	1.11280	2.02935		
06:58:19	2000	3000	3333	9955	5422	0.99100	1.11280	2.02935		
06:58:29	2000	3000	3333	9955	5422	0.99100	1.11280	2.02935		
06:58:39	2000	3000	3333	2505	5408	0.96470	1.11274	1.96172		
06:58:50	2000	3000	3333	7007	5402	0.98724	1.11272	2.01208		
06:59:00	2000	3000	3333	9955	5395	0.99100	1.11270	2.03806		
06:59:10	2000	3000	3333	9818	5382	0.99087	1.11268	2.02014		
06:59:20	2000	3000	3333	9955	5375	0.99100	1.11268	2.04808		
06:59:30	2000	3000	3333	9955	5375	0.99100	1.11268	2.04808		
06:59:40	2000	3000	3333	9955	5375	0.99100	1.11268	2.04808		
07:05:36	2000	3000	3333	9955	5203	0.99100	1.11624	2.05074		
07:05:47	2000	3000	3333	9955	5202	0.99100	1.11624	2.05457		
07:05:57	2000	3000	3333	9955	5193	0.99100	1.11620	2.04722		
07:06:07	2000	3000	3333	9955	5197	0.99100	1.11625	2.06737		
07:06:17	2000	3000	3333	9955	5199	0.99100	1.11622	2.04024		
07:06:27	2000	3000	3333	9955	5199	0.99100	1.11622	2.04024		
07:06:38	2000	3000	3333	9955	5199	0.99100	1.11622	2.04024		
07:06:58	2000	3000	3333	8444	5189	0.98940	1.11624	2.02329		
07:07:08	2000	3000	3333	4550	5179	0.98041	1.11627	2.00319		
07:07:18	2000	3000	3333	4550	5179	0.98041	1.11627	2.00319		
07:07:29	2000	3000	3333	9955	5186	0.99100	1.11623	2.02763		
07:07:39	2000	3000	3333	9955	5182	0.99100	1.11623	2.03497		
07:07:49	2000	3000	3333	5127	5184	0.98260	1.11623	2.00802		
07:07:59	2000	3000	3333	5127	5184	0.98260	1.11623	2.00802		
07:08:09	2000	3000	3333	9955	5183	0.99100	1.11623	2.04736		
07:08:19	2000	3000	3333	9955	5181	0.99100	1.11619	2.04607		
07:08:30	2000	3000	3333	9955	5179	0.99100	1.11624	2.04612		
07:08:40	2000	3000	3333	9955	5179	0.99100	1.11624	2.04612		
07:08:50	2000	3000	3333	9955	5176	0.99100	1.11619	2.07322		
07:09:00	2000	3000	3333	9955	5177	0.99100	1.11614	2.03489		
07:09:10	2000	3000	3333	9955	5177	0.99100	1.11615	2.05013		
07:09:21	2000	3000	3333	9955	5179	0.99100	1.11618	2.03859		
07:09:31	2000	3000	3333	9955	5178	0.99100	1.11621	2.05526		
07:09:41	2000	3000	3333	9955	5176	0.99100	1.11620	2.05818		
07:09:51	2000	3000	3333	9955	5173	0.99100	1.11623	2.04501		
07:10:01	2000	3000	3333	9955	5173	0.99100	1.11623	2.04501		
07:10:12	2000	3000	3333	9955	5173	0.99100	1.11623	2.04501		
07:12:34	2000	3000	3333	9955	5155	0.99100	1.11411	2.04300		
07:12:44	2000	3000	3333	9955	5155	0.99100	1.11353	2.04698		
07:12:54	2000	3000	3333	9955	5155	0.99100	1.11353	2.04698		
07:13:25	2000	3000	3333	9955	5157	0.99100	1.11288	2.03340		
07:13:35	2000	3000	3333	9955	5157	0.99100	1.11288	2.03340		
16:17:00	2000	3000	3333	9955	2	0.99100	1.11578	2.24496		
16:17:10	2000	3000	3333	9955	2	0.99100	1.11578	2.24496		
16:17:20	2000	3000	3333	9955	2	0.99100	1.11582	2.24837		
16:17:30	2000	3000	3333	9955	2	0.99100	1.11579	2.24877		
16:17:40	2000	3000	3333	9955	2	0.99100	1.11578	2.24901		
16:17:50	2000	3000	3333	9955	2	0.99100	1.11579	2.24707		
16:18:00	2000	3000	3333	9955	2	0.99100	1.11579	2.24707		
16:18:10	2000	3000	3333	9955	2	0.99100	1.11576	2.24900		
16:18:21	2000	3000	3333	9955	2	0.99100	1.11575	2.25208		
16:18:31	2000	3000	3333	9955	2	0.99100	1.11573	2.25328		
16:18:41	2000	3000	3333	9955	2	0.99100	1.11571	2.25317		
16:18:51	2000	3000	3333	9955	2	0.99100	1.11571	2.25204		
16:19:01	2000	3000	3333	9955	2	0.99100	1.11568	2.25281		
16:19:11	2000	3000	3333	9955	2	0.99100	1.11568	2.24918		
16:19:21	2000	3000	3333	9955	2	0.99100	1.11569	2.25232		
16:19:31	2000	3000	3333	9955	2	0.99100	1.11569	2.25262		
16:19:41	2000	3000	3333	9955	2	0.99100	1.11570	2.25238		
16:19:51	2000	3000	3333	9955	2	0.99100	1.11568	2.24903		
16:20:01	2000	3000	3333	9955	2	0.99100	1.11569	2.24559		
16:20:11	2000	3000	3333	9955	2	0.99100	1.11563	2.24890		
16:20:21	2000	3000	3333	9955	2	0.99100	1.11563	2.25078		
16:20:32	2000	3000	3333	9955	2	0.99100	1.11560	2.24810		
16:20:42	2000	3000	3333	9955	2	0.99100	1.11561	2.24846		
16:20:52	2000	3000	3333	9955	2	0.99100	1.11561	2.24985		
16:21:02	2000	3000	3333	9955	2	0.99100	1.11558	2.25569		
16:21:12	2000	3000	3333	9955	2	0.99100	1.11558	2.25569		
16:21:22	2000	3000	3333	9955	2	0.99100	1.11554	2.24852		
16:21:32	2000	3000	3333	9955	2	0.99100	1.11552	2.24952		
16:21:42	2000	3000	3333	9955	2	0.99100	1.11554	2.24828		
16:21:52	2000	3000	3333	9955	2	0.99100	1.11553	2.25166		
16:22:02	2000	3000	3333	9955	2	0.99100	1.11550	2.25147		
16:22:12	2000	3000	3333	9955	2	0.99100	1.11548	2.24771		
16:22:22	2000	3000	3333	9955	2	0.99100	1.11544	2.25149		
16:22:32	2000	3000	3333	9955	2	0.99100	1.11544	2.25149		
16:22:42	2000	3000	3333	9955	2	0.99100	1.11547	2.25010		
16:22:53	2000	3000	3333	9955	2	0.99100	1.11546	2.24851		
16:23:03	2000	3000	3333	9955	2	0.99100	1.11546	2.25047		
16:23:13	2000	3000	3333	9955	2	0.99100	1.11545	2.25328		
16:23:23	2000	3000	3333	9955	2	0.99100	1.11547	2.24865		
16:23:33	2000	3000	3333	9955	2	0.99100	1.11545	2.25042		
16:23:43	2000	3000	3333	9955	2	0.99100	1.11547	2.25510		
16:23:53	2000	3000	3333	9955	2	0.99100	1.11545	2.25390		
16:24:03	2000	3000	3333	9955	2	0.99100	1.11545	2.25390		
16:24:13	2000	3000	3333	9955	2	0.99100	1.11548	2.25204		
16:24:23	2000	3000	3333	9955	2	0.99100	1.11544	2.24964		
16:24:33	2000	3000	3333	9955	2	0.99100	1.11543	2.25562		
16:24:43	2000	3000	3333	9955	2	0.99100	1.11546	2.24959		
16:24:53	2000	3000	3333	9955	2	0.99100	1.11550	2.24804		
16:25:04	2000	3000	3333	9955	2	0.99100	1.11550	2.24804		
16:25:14	2000	3000	3333	9955	2	0.99100	1.11551	2.25356		
16:25:24	2000	3000	3333	9955	2	0.99100	1.11548	2.25332		
16:25:34	2000	3000	3333	9955	2	0.99100	1.11552	2.25326		
16:25:44	2000	3000	3333	9955	2	0.99100	1.11555	2.25281		
16:25:54	2000	3000	3333	9955	2	0.99100	1.11554	2.25271		
16:26:04	2000	3000	3333	9955	2	0.99100	1.11553	2.24973		
16:26:14	2000	3000	3333	9955	2	0.99100	1.11558	2.25026		
16:26:24	2000	3000	3333	9955	2	0.99100	1.11560	2.25323		
16:26:34	2000	3000	3333	9955	2	0.99100	1.11555	2.25144		
16:26:44	2000	3000	3333	9955	2	0.99100	1.11558	2.24955		
16:26:54	2000	3000	3333	9955	2	0.99100	1.11563	2.25026		
16:27:04	2000	3000	3333	9955	2	0.99100	1.11562	2.25530		
16:27:15	2000	3000	3333	9955	2	0.99100	1.11564	2.25157		
16:27:25	2000	3000	3333	9955	2	0.99100	1.11562	2.24820		
16:27:35	2000	3000	3333	9955	2	0.99100	1.11563	2.25245		
16:27:45	2000	3000	3333	9955	2	0.99100	1.11563	2.25003		
16:27:55	2000	3000	3333	9955	2	0.99100	1.11566	2.25197		
16:28:05	2000	3000	3333	9955	2	0.99100	1.11565	2.25448		
16:28:15	2000	3000	3333	9955	2	0.99100	1.11565	2.25448		
16:28:25	2000	3000	3333	9955	2	0.99100	1.11566	2.24914		
16:28:35	2000	3000	3333	9955	2	0.99100	1.11571	2.24861		
16:28:45	2000	3000	3333	9955	2	0.99100	1.11574	2.24919		
16:28:55	2000	3000	3333	9955	2	0.99100	1.11574	2.24919		
16:29:26	2000	3000	3333	9955	2	0.99100	1.11571	2.25161		
16:29:36	2000	3000	3333	9955	2	0.99100	1.11568	2.25074		
16:29:46	2000	3000	3333	9955	2	0.99100	1.11570	2.24895		
16:29:56	2000	3000	3333	9955	2	0.99100	1.11570	2.24895		
16:30:06	2000	3000	3333	9955	2	0.99100	1.11570	2.24750		
16:30:16	2000	3000	3333	9955	2	0.99100	1.11571	2.25280		
16:30:26	2000	3000	3333	9955	2	0.99100	1.11571	2.25940		
16:30:36	2000	3000	3333	9955	2	0.99100	1.11575	2.24830		
16:30:46	2000	3000	3333	9955	2	0.99100	1.11576	2.25139		
16:30:56	2000	3000	3333	9955	2	0.99100	1.11573	2.24999		
16:31:06	2000	3000	3333	9955	2	0.99100	1.11579	2.25310		
16:31:16	2000	3000	3333	9955	2	0.99100	1.11580	2.25737		
16:31:27	2000	3000	3333	9955	2	0.99100	1.11579	2.25407		
16:31:37	2000	3000	3333	9955	2	0.99100	1.11581	2.25085		
16:31:47	2000	3000	3333	9955	2	0.99100	1.11581	2.24715		
16:31:57	2000	3000	3333	9955	2	0.99100	1.11585	2.25197		
16:32:07	2000	3000	3333	9955	2	0.99100	1.11581	2.25664		
16:32:18	2000	3000	3333	9955	2	0.99100	1.11585	2.24879		
16:32:28	2000	3000	3333	9955	2	0.99100	1.11584	2.25118		
16:32:38	2000	3000	3333	9955	2	0.99100	1.11580	2.24843		
16:32:48	2000	3000	3333	9955	2	0.99100	1.11584	2.24891		
16:35:03	2000	3000	3333	9955	2	0.99100	1.11584	2.24749		
16:35:13	2000	3000	3333	9955	2	0.99100	1.11583	2.25041		
16:35:24	2000	3000	3333	9955	2	0.99100	1.11583	2.24863		
16:35:34	2000	3000	3333	9955	2	0.99100	1.11589	2.24868		
16:35:44	2000	3000	3333	9955	2	0.99100	1.11585	2.25162		
16:35:54	2000	3000	3333	9955	2	0.99100	1.11584	2.25366		
16:36:04	2000	3000	3333	9955	2	0.99100	1.11584	2.25366		
16:36:15	2000	3000	3333	9955	2	0.99100	1.11584	2.25366		
23:38:15	2000	3000	3333	9955	2	0.99100	1.10128	2.21757		
23:38:26	2000	3000	3333	9955	2	0.99100	1.10128	2.21757		
23:38:36	2000	3000	3333	9955	2	0.99100	1.10128	2.21905		
23:38:46	2000	3000	3333	9955	2	0.99100	1.10130	2.21762		
23:38:56	2000	3000	3333	9955	2	0.99100	1.10130	2.21762		
23:39:06	2000	3000	3333	9955	2	0.99100	1.10130	2.22169		
23:39:16	2000	3000	3333	9955	2	0.99100	1.10130	2.22169		
23:39:26	2000	3000	3333	9955	2	0.99100	1.10127	2.21760		
23:39:36	2000	3000	3333	9955	2	0.99100	1.10126	2.22203		
23:39:46	2000	3000	3333	9955	2	0.99100	1.10125	2.21981		
23:39:56	2000	3000	3333	9955	2	0.99100	1.10127	2.21718		
23:40:06	2000	3000	3333	9955	2	0.99100	1.10122	2.21154		
23:40:16	2000	3000	3333	9955	2	0.99100	1.10122	2.21154		
23:40:26	2000	3000	3333	9955	2	0.99100	1.10122	2.21404		
23:40:37	2000	3000	3333	9955	2	0.99100	1.10122	2.21404		
