

			DELHI AIRPORT : 30 m Base line


Time	RVR	 MOR	RVR	MOR	BLM	Trf	 Ref(v)	PD(v)
	(limited)	(limited)	(actual)	(actual)

04:00:44	2000	3000	3333	9955	4001	0.99100	1.10029	2.03328		
04:00:54	2000	3000	3333	9955	3987	0.99100	1.10033	2.02992		
04:01:04	2000	3000	3333	9955	3987	0.99100	1.10033	2.02992		
04:01:34	2000	3000	3333	9955	3930	0.99100	1.10060	2.02331		
04:01:44	2000	3000	3333	9955	3930	0.99100	1.10060	2.02331		
04:01:54	2000	3000	3333	9955	3898	0.99100	1.10021	2.01794		
04:02:04	2000	3000	3333	9955	3883	0.99100	1.10018	2.03625		
04:02:15	2000	3000	3333	9955	3883	0.99100	1.10018	2.03625		
04:02:35	2000	3000	3333	9955	3833	0.99100	1.10017	2.03547		
04:02:45	2000	3000	3333	9955	3833	0.99100	1.10017	2.03547		
04:03:05	2000	3000	3333	9955	3816	0.99100	1.10132	2.26224		
04:03:15	2000	3000	3333	9955	3816	0.99100	1.10132	2.26224		
04:03:25	2000	3000	3333	9955	3816	0.99100	1.10132	2.26224		
05:41:56	2000	3000	3333	9955	4436	0.99100	1.11684	2.10512		
05:42:06	2000	3000	3333	9955	4434	0.99100	1.11678	2.10885		
05:42:16	2000	3000	3333	9955	4433	0.99100	1.11673	2.12292		
05:42:26	2000	3000	3333	9955	4433	0.99100	1.11666	2.10936		
05:42:36	2000	3000	3333	6255	4430	0.98571	1.11663	2.01573		
05:42:46	2000	3000	3333	9955	4427	0.99100	1.11654	2.08049		
05:42:56	2000	3000	3333	9955	4425	0.99100	1.11644	2.10153		
05:43:06	2000	3000	3333	9955	4421	0.99100	1.11636	2.11836		
05:43:16	2000	3000	3333	9955	4422	0.99100	1.11623	2.12237		
05:43:26	2000	3000	3333	9955	4422	0.99100	1.11618	2.11084		
05:43:37	2000	3000	3333	9955	4422	0.99100	1.11603	2.08449		
05:43:47	2000	3000	3333	9955	4421	0.99100	1.11608	2.10676		
05:43:57	2000	3000	3333	9955	4418	0.99100	1.11608	2.11014		
05:44:07	2000	3000	3333	9955	4415	0.99100	1.11600	2.10014		
05:44:17	2000	3000	3333	9955	4415	0.99100	1.11584	2.10651		
05:44:27	2000	3000	3333	9955	4413	0.99100	1.11566	2.09797		
05:44:37	2000	3000	3333	9955	4413	0.99100	1.11503	2.07053		
05:44:47	2000	3000	3333	9955	4414	0.99100	1.11479	2.10541		
05:44:57	2000	3000	3333	9955	4415	0.99100	1.11462	2.07817		
05:45:07	2000	3000	3333	9955	4416	0.99100	1.11444	2.08766		
05:45:17	2000	3000	3333	9955	4415	0.99100	1.11442	2.10156		
05:45:27	2000	3000	3333	9955	4415	0.99100	1.11442	2.10212		
05:45:37	2000	3000	3333	9955	4413	0.99100	1.11440	2.11645		
05:45:47	2000	3000	3333	9955	4413	0.99100	1.11505	2.09398		
05:45:58	2000	3000	3333	9955	4412	0.99100	1.11546	2.09357		
05:46:08	2000	3000	3333	9955	4412	0.99100	1.11549	2.11483		
05:46:18	2000	3000	3333	9955	4413	0.99100	1.11552	2.08587		
05:46:28	2000	3000	3333	9955	4413	0.99100	1.11539	2.09978		
05:46:38	2000	3000	3333	9955	4413	0.99100	1.11536	2.10970		
05:46:48	2000	3000	3333	9955	4415	0.99100	1.11538	2.08843		
05:46:58	2000	3000	3333	9955	4416	0.99100	1.11531	2.10096		
05:47:08	2000	3000	3333	9955	4417	0.99100	1.11521	2.09430		
05:47:18	2000	3000	3333	9955	4413	0.99100	1.11510	2.10668		
05:47:28	2000	3000	3333	9955	4411	0.99100	1.11484	2.09825		
05:47:38	2000	3000	3333	9955	4415	0.99100	1.11455	2.08817		
05:47:48	2000	3000	3333	9955	4417	0.99100	1.11457	2.09624		
05:47:58	2000	3000	3333	9955	4415	0.99100	1.11455	2.07281		
05:48:09	2000	3000	3333	9955	4412	0.99100	1.11457	2.06297		
05:48:19	2000	3000	3333	9955	4412	0.99100	1.11458	2.10453		
05:48:29	2000	3000	3333	9955	4408	0.99100	1.11461	2.07345		
05:48:39	2000	3000	3333	9955	4408	0.99100	1.11461	2.07465		
05:48:49	2000	3000	3333	9955	4409	0.99100	1.11460	2.09205		
05:48:59	2000	3000	3333	9955	4408	0.99100	1.11460	2.09674		
05:49:09	2000	3000	3333	9955	4405	0.99100	1.11457	2.12105		
05:49:19	2000	3000	3333	9955	4400	0.99100	1.11461	2.09050		
05:49:29	2000	3000	3333	9955	4400	0.99100	1.11461	2.09554		
05:49:39	2000	3000	3333	9955	4396	0.99100	1.11463	2.09064		
05:49:49	2000	3000	3333	9955	4394	0.99100	1.11463	2.08139		
05:49:59	2000	3000	3333	9955	4386	0.99100	1.11463	2.09226		
05:50:09	2000	3000	3333	9955	4384	0.99100	1.11463	2.09965		
05:50:20	2000	3000	3333	9955	4381	0.99100	1.11463	2.05837		
05:50:30	2000	3000	3333	9955	4379	0.99100	1.11462	2.08950		
05:50:40	2000	3000	3333	9955	4374	0.99100	1.11465	2.02866		
05:50:50	2000	3000	3333	9955	4372	0.99100	1.11478	2.04977		
05:51:00	2000	3000	3333	9955	4372	0.99100	1.11478	2.07965		
05:51:10	2000	3000	3333	9955	4369	0.99100	1.11479	2.08385		
05:51:20	2000	3000	3333	9955	4365	0.99100	1.11485	2.05743		
05:51:30	2000	3000	3333	6095	4362	0.98534	1.11482	2.01163		
05:51:40	2000	3000	3333	9955	4361	0.99100	1.11483	2.06526		
05:51:50	2000	3000	3333	9955	4356	0.99100	1.11485	2.04668		
05:52:01	2000	3000	3333	9955	4353	0.99100	1.11482	2.06046		
05:52:11	2000	3000	3333	9955	4352	0.99100	1.11482	2.03790		
05:52:21	2000	3000	3333	9955	4346	0.99100	1.11483	2.09181		
05:52:31	2000	3000	3333	9955	4345	0.99100	1.11481	2.05999		
05:52:41	2000	3000	3333	9955	4338	0.99100	1.11483	2.07529		
05:52:51	2000	3000	3333	9955	4334	0.99100	1.11482	2.06712		
05:53:02	2000	3000	3333	9955	4331	0.99100	1.11484	2.03227		
05:53:12	2000	3000	3333	9955	4325	0.99100	1.11485	2.05110		
05:53:22	2000	3000	3333	9955	4319	0.99100	1.11487	2.08533		
05:53:32	2000	3000	3333	9955	4319	0.99100	1.11487	2.08533		
05:53:42	2000	3000	3333	9955	4319	0.99100	1.11487	2.08533		
05:53:53	2000	3000	3333	9955	4305	0.99100	1.11482	2.04887		
05:54:03	2000	3000	3333	9955	4305	0.99100	1.11482	2.04887		
05:54:13	2000	3000	3333	9955	4305	0.99100	1.11482	2.04887		
05:57:06	2000	3000	3333	9955	4262	0.99100	1.11453	2.05694		
05:57:16	2000	3000	3333	9955	4262	0.99100	1.11450	2.06310		
05:57:27	2000	3000	3333	9955	4262	0.99100	1.11450	2.06310		
05:57:37	2000	3000	3333	9955	4261	0.99100	1.11430	2.03192		
05:57:47	2000	3000	3333	9955	4261	0.99100	1.11430	2.03192		
05:57:57	2000	3000	3333	9955	4261	0.99100	1.11412	2.02661		
05:58:07	2000	3000	3333	9955	4261	0.99100	1.11412	2.02661		
05:58:17	2000	3000	3333	9955	4258	0.99100	1.11386	2.03339		
05:58:28	2000	3000	3333	9955	4262	0.99100	1.11365	2.04524		
05:58:38	2000	3000	3333	9955	4258	0.99100	1.11351	2.03219		
05:58:48	2000	3000	3333	9955	4257	0.99100	1.11339	2.03552		
05:58:58	2000	3000	3333	9955	4261	0.99100	1.11331	2.07072		
05:59:08	2000	3000	3333	9955	4261	0.99100	1.11331	2.07072		
05:59:19	2000	3000	3333	9955	4263	0.99100	1.11321	2.04321		
05:59:29	2000	3000	3333	9955	4261	0.99100	1.11273	2.05768		
05:59:39	2000	3000	3333	9955	4261	0.99100	1.11273	2.05768		
05:59:49	2000	3000	3333	9955	4261	0.99100	1.11182	2.03852		
05:59:59	2000	3000	3333	9955	4261	0.99100	1.11128	2.06048		
06:00:09	2000	3000	3333	9955	4261	0.99100	1.11128	2.06048		
06:00:20	2000	3000	3333	9955	4261	0.99100	1.11128	2.06048		
06:03:27	2000	3000	3333	9955	4263	0.99100	1.11048	2.06458		
06:03:37	2000	3000	3333	9726	4262	0.99079	1.11061	2.01619		
06:03:47	2000	3000	3333	9955	4259	0.99100	1.11062	2.02604		
06:03:57	2000	3000	3333	9955	4254	0.99100	1.11059	2.07019		
06:04:07	2000	3000	3333	9955	4254	0.99100	1.11059	2.07019		
06:04:28	2000	3000	3333	9955	4240	0.99100	1.11055	2.06036		
06:04:38	2000	3000	3333	9955	4240	0.99100	1.11055	2.06036		
06:05:59	2000	3000	3333	9955	4210	0.99100	1.11058	2.07631		
06:06:10	2000	3000	3333	9955	4212	0.99100	1.11053	2.07709		
06:06:20	2000	3000	3333	9955	4212	0.99100	1.11053	2.07709		
06:06:30	2000	3000	3333	9955	4207	0.99100	1.11053	2.02594		
06:06:40	2000	3000	3333	9955	4207	0.99100	1.11053	2.02594		
06:08:42	2000	3000	3333	9955	4184	0.99100	1.11067	2.04237		
06:08:52	2000	3000	3333	9955	4184	0.99100	1.11067	2.04237		
06:09:03	2000	3000	3333	9955	4184	0.99100	1.11067	2.04237		
06:09:43	2000	3000	3333	9955	4188	0.99100	1.11260	2.04000		
06:09:53	2000	3000	3333	9955	4188	0.99100	1.11260	2.04000		
06:10:03	2000	3000	3333	9955	4189	0.99100	1.11310	2.07280		
06:10:13	2000	3000	3333	9955	4189	0.99100	1.11310	2.07280		
06:10:43	2000	3000	3333	9955	4180	0.99100	1.11326	2.03674		
06:10:53	2000	3000	3333	9955	4180	0.99100	1.11326	2.03674		
06:12:24	2000	3000	3333	9955	4171	0.99100	1.11316	2.07518		
06:12:34	2000	3000	3333	9955	4171	0.99100	1.11319	2.07804		
06:12:44	2000	3000	3333	9955	4171	0.99100	1.11319	2.07804		
06:12:54	2000	3000	3333	9955	4171	0.99100	1.11319	2.07804		
06:13:25	2000	3000	3333	9955	4172	0.99100	1.11314	2.02429		
06:13:35	2000	3000	3333	9955	4172	0.99100	1.11314	2.02429		
06:13:45	2000	3000	3333	9955	4169	0.99100	1.11280	2.06433		
06:13:55	2000	3000	3333	9955	4168	0.99100	1.11263	2.07874		
06:14:05	2000	3000	3333	9955	4165	0.99100	1.11239	2.05989		
06:14:15	2000	3000	3333	9955	4165	0.99100	1.11239	2.05989		
06:14:25	2000	3000	3333	9955	4164	0.99100	1.11181	2.06096		
06:14:35	2000	3000	3333	9955	4164	0.99100	1.11181	2.06096		
06:15:05	2000	3000	3333	9955	4158	0.99100	1.11046	2.06702		
06:15:15	2000	3000	3333	9955	4158	0.99100	1.11046	2.06702		
06:16:06	2000	3000	3333	9955	4141	0.99100	1.11058	2.04945		
06:16:16	2000	3000	3333	9955	4141	0.99100	1.11058	2.04945		
06:16:26	2000	3000	3333	9955	4141	0.99100	1.11058	2.04945		
06:16:46	2000	3000	3333	9955	4129	0.99100	1.11056	2.04249		
06:16:56	2000	3000	3333	9955	4129	0.99100	1.11056	2.04249		
06:17:06	2000	3000	3333	9955	4129	0.99100	1.11056	2.04249		
06:20:18	2000	3000	3333	9955	4124	0.99100	1.11032	2.06028		
06:20:28	2000	3000	3333	9955	4124	0.99100	1.11032	2.06028		
06:20:38	2000	3000	3333	9955	4124	0.99100	1.11032	2.06028		
11:35:30	2000	3000	3333	9955	2547	0.99100	1.12462	2.10647		
11:35:40	2000	3000	3333	9955	2542	0.99100	1.12464	2.10347		
11:35:50	2000	3000	3333	9955	2538	0.99100	1.12457	2.09612		
11:36:00	2000	3000	3333	9955	2534	0.99100	1.12453	2.09361		
11:36:10	2000	3000	3333	9955	2530	0.99100	1.12455	2.09300		
11:36:20	2000	3000	3333	9955	2525	0.99100	1.12451	2.09246		
11:36:31	2000	3000	3333	9955	2520	0.99100	1.12451	2.09827		
11:36:41	2000	3000	3333	9955	2515	0.99100	1.12450	2.10075		
11:36:51	2000	3000	3333	9955	2510	0.99100	1.12450	2.09587		
11:37:01	2000	3000	3333	9955	2506	0.99100	1.12450	2.09815		
11:37:11	2000	3000	3333	9955	2501	0.99100	1.12436	2.08885		
11:37:22	2000	3000	3333	9955	2496	0.99100	1.12440	2.10185		
11:37:32	2000	3000	3333	9955	2490	0.99100	1.12437	2.10373		
11:37:42	2000	3000	3333	9955	2484	0.99100	1.12435	2.10477		
11:37:52	2000	3000	3333	9955	2477	0.99100	1.12439	2.10404		
11:38:02	2000	3000	3333	9955	2465	0.99100	1.12439	2.09723		
11:38:13	2000	3000	3333	9955	2460	0.99100	1.12440	2.09460		
11:38:23	2000	3000	3333	9955	2455	0.99100	1.12437	2.09349		
11:38:33	2000	3000	3333	9955	2450	0.99100	1.12438	2.09140		
11:38:43	2000	3000	3333	9955	2444	0.99100	1.12439	2.09416		
11:38:53	2000	3000	3333	9955	2436	0.99100	1.12438	2.09308		
11:39:03	2000	3000	3333	9955	2430	0.99100	1.12439	2.09537		
11:39:14	2000	3000	3333	9955	2428	0.99100	1.12434	2.08536		
11:39:24	2000	3000	3333	9955	2424	0.99100	1.12438	2.09902		
11:39:34	2000	3000	3333	9955	2417	0.99100	1.12434	2.09799		
11:39:44	2000	3000	3333	9955	2414	0.99100	1.12439	2.09785		
11:39:54	2000	3000	3333	9955	2409	0.99100	1.12441	2.10162		
11:40:05	2000	3000	3333	9955	2403	0.99100	1.12446	2.10334		
11:40:15	2000	3000	3333	9955	2402	0.99100	1.12447	2.09833		
11:40:25	2000	3000	3333	9955	2399	0.99100	1.12447	2.09746		
11:40:35	2000	3000	3333	9955	2394	0.99100	1.12453	2.09823		
11:40:45	2000	3000	3333	9955	2392	0.99100	1.12452	2.10302		
11:40:56	2000	3000	3333	9955	2392	0.99100	1.12452	2.10302		
11:41:06	2000	3000	3333	9955	2386	0.99100	1.12448	2.09894		
11:41:16	2000	3000	3333	9955	2381	0.99100	1.12444	2.09561		
11:41:26	2000	3000	3333	9955	2379	0.99100	1.12450	2.09640		
11:41:36	2000	3000	3333	9955	2376	0.99100	1.12447	2.09999		
11:41:46	2000	3000	3333	9955	2374	0.99100	1.12450	2.10022		
11:41:57	2000	3000	3333	9955	2372	0.99100	1.12442	2.09910		
11:42:07	2000	3000	3333	9955	2369	0.99100	1.12446	2.09703		
11:42:17	2000	3000	3333	9955	2368	0.99100	1.12442	2.09707		
11:42:27	2000	3000	3333	9955	2366	0.99100	1.12442	2.09820		
11:42:37	2000	3000	3333	9955	2364	0.99100	1.12439	2.09785		
11:42:48	2000	3000	3333	9955	2361	0.99100	1.12441	2.10032		
11:42:58	2000	3000	3333	9955	2358	0.99100	1.12436	2.10255		
11:43:08	2000	3000	3333	9955	2356	0.99100	1.12434	2.09724		
11:43:18	2000	3000	3333	9955	2353	0.99100	1.12437	2.10071		
11:43:28	2000	3000	3333	9955	2353	0.99100	1.12437	2.10071		
11:43:39	2000	3000	3333	9955	2345	0.99100	1.12436	2.09598		
11:43:49	2000	3000	3333	9955	2339	0.99100	1.12430	2.07862		
11:43:59	2000	3000	3333	9955	2332	0.99100	1.12429	2.07554		
11:44:09	2000	3000	3333	9955	2332	0.99100	1.12429	2.07554		
11:44:19	2000	3000	3333	9955	2317	0.99100	1.12414	2.08838		
11:44:29	2000	3000	3333	9955	2313	0.99100	1.12410	2.09675		
11:44:40	2000	3000	3333	9955	2308	0.99100	1.12408	2.08810		
11:44:50	2000	3000	3333	9955	2301	0.99100	1.12407	2.08325		
11:45:00	2000	3000	3333	9955	2294	0.99100	1.12407	2.09337		
11:45:10	2000	3000	3333	9955	2287	0.99100	1.12410	2.09519		
11:45:20	2000	3000	3333	9955	2281	0.99100	1.12412	2.08874		
11:45:31	2000	3000	3333	9955	2274	0.99100	1.12408	2.08876		
11:45:41	2000	3000	3333	9955	2274	0.99100	1.12408	2.08876		
11:45:51	2000	3000	3333	9955	2274	0.99100	1.12408	2.08876		
11:47:53	2000	3000	3333	9955	2162	0.99100	1.12399	2.08804		
11:48:03	2000	3000	3333	9955	2155	0.99100	1.12398	2.08601		
11:48:14	2000	3000	3333	9955	2149	0.99100	1.12395	2.09263		
11:48:24	2000	3000	3333	9955	2142	0.99100	1.12395	2.09685		
11:48:34	2000	3000	3333	9955	2134	0.99100	1.12390	2.09826		
11:48:44	2000	3000	3333	9955	2128	0.99100	1.12391	2.09562		
11:48:54	2000	3000	3333	9955	2121	0.99100	1.12395	2.08582		
11:49:05	2000	3000	3333	9955	2114	0.99100	1.12390	2.09301		
11:49:15	2000	3000	3333	9955	2109	0.99100	1.12392	2.09198		
11:49:25	2000	3000	3333	9955	2109	0.99100	1.12392	2.09198		
11:49:35	2000	3000	3333	9955	2098	0.99100	1.12386	2.09505		
11:49:45	2000	3000	3333	9955	2091	0.99100	1.12386	2.09238		
11:49:55	2000	3000	3333	9955	2091	0.99100	1.12386	2.09238		
11:50:06	2000	3000	3333	9955	2080	0.99100	1.12379	2.09985		
11:50:16	2000	3000	3333	9955	2075	0.99100	1.12382	2.09830		
11:50:26	2000	3000	3333	9955	2070	0.99100	1.12381	2.09159		
11:50:36	2000	3000	3333	9955	2065	0.99100	1.12377	2.10227		
11:50:46	2000	3000	3333	9955	2051	0.99100	1.12377	2.09633		
11:50:57	2000	3000	3333	9955	2044	0.99100	1.12371	2.09923		
11:51:07	2000	3000	3333	9955	2044	0.99100	1.12371	2.09923		
11:51:17	2000	3000	3333	9955	2031	0.99100	1.12373	2.09943		
11:51:27	2000	3000	3333	9955	2024	0.99100	1.12371	2.09812		
11:51:37	2000	3000	3333	9955	2017	0.99100	1.12369	2.09624		
11:51:47	2000	3000	3333	9955	2011	0.99100	1.12372	2.09833		
11:51:57	2000	3000	3333	9955	2006	0.99100	1.12374	2.09807		
11:52:07	2000	3000	3333	9955	2006	0.99100	1.12374	2.09807		
11:52:17	2000	3000	3333	9955	1996	0.99100	1.12373	2.10155		
11:52:27	2000	3000	3333	9955	1991	0.99100	1.12370	2.09929		
11:52:37	2000	3000	3333	9955	1991	0.99100	1.12370	2.09929		
11:52:47	2000	3000	3333	9955	1978	0.99100	1.12371	2.09570		
11:52:57	2000	3000	3333	9955	1978	0.99100	1.12371	2.09570		
11:53:08	2000	3000	3333	9955	1964	0.99100	1.12367	2.09784		
11:53:18	2000	3000	3333	9955	1964	0.99100	1.12367	2.09784		
11:53:28	2000	3000	3333	9955	1950	0.99100	1.12364	2.09503		
11:53:38	2000	3000	3333	9955	1943	0.99100	1.12376	2.10159		
11:53:48	2000	3000	3333	9955	1935	0.99100	1.12373	2.09592		
11:53:58	2000	3000	3333	9955	1928	0.99100	1.12369	2.09634		
11:54:08	2000	3000	3333	9955	1928	0.99100	1.12369	2.09634		
11:54:18	2000	3000	3333	9955	1912	0.99100	1.12367	2.08510		
11:54:28	2000	3000	3333	9955	1903	0.99100	1.12364	2.10271		
11:54:38	2000	3000	3333	9955	1894	0.99100	1.12364	2.09545		
11:54:48	2000	3000	3333	9955	1876	0.99100	1.12368	2.09358		
11:54:58	2000	3000	3333	9955	1867	0.99100	1.12367	2.09896		
11:55:08	2000	3000	3333	9955	1859	0.99100	1.12367	2.10146		
11:55:19	2000	3000	3333	9955	1850	0.99100	1.12370	2.10209		
11:55:29	2000	3000	3333	9955	1840	0.99100	1.12365	2.10528		
11:55:39	2000	3000	3333	9955	1830	0.99100	1.12368	2.10313		
11:55:49	2000	3000	3333	9955	1821	0.99100	1.12366	2.10236		
11:55:59	2000	3000	3333	9955	1811	0.99100	1.12367	2.10244		
11:56:09	2000	3000	3333	9955	1801	0.99100	1.12372	2.10371		
11:56:19	2000	3000	3333	9955	1791	0.99100	1.12369	2.10494		
11:56:29	2000	3000	3333	9955	1782	0.99100	1.12366	2.10598		
11:56:39	2000	3000	3333	9955	1771	0.99100	1.12367	2.09989		
11:56:49	2000	3000	3333	9955	1771	0.99100	1.12367	2.09989		
11:56:59	2000	3000	3333	9955	1752	0.99100	1.12372	2.10573		
11:57:09	2000	3000	3333	9955	1744	0.99100	1.12374	2.10196		
11:57:19	2000	3000	3333	9955	1736	0.99100	1.12375	2.10322		
11:57:29	2000	3000	3333	9955	1729	0.99100	1.12373	2.10782		
11:57:40	2000	3000	3333	9955	1721	0.99100	1.12374	2.11042		
11:57:50	2000	3000	3333	9955	1721	0.99100	1.12374	2.11042		
11:58:00	2000	3000	3333	9955	1706	0.99100	1.12376	2.11410		
11:58:10	2000	3000	3333	9955	1698	0.99100	1.12372	2.11147		
11:58:20	2000	3000	3333	9955	1698	0.99100	1.12372	2.11147		
11:58:40	2000	3000	3333	9955	1675	0.99100	1.12368	2.11514		
11:58:50	2000	3000	3333	9955	1667	0.99100	1.12371	2.12011		
11:59:00	2000	3000	3333	9955	1652	0.99100	1.12371	2.11726		
11:59:10	2000	3000	3333	9955	1644	0.99100	1.12370	2.11448		
11:59:20	2000	3000	3333	9955	1635	0.99100	1.12368	2.11866		
11:59:30	2000	3000	3333	9955	1626	0.99100	1.12374	2.11766		
11:59:40	2000	3000	3333	9955	1616	0.99100	1.12372	2.11935		
11:59:51	2000	3000	3333	9955	1606	0.99100	1.12366	2.12150		
12:00:01	2000	3000	3333	9955	1594	0.99100	1.12372	2.12259		
12:00:11	2000	3000	3333	9955	1594	0.99100	1.12372	2.12259		
12:00:21	2000	3000	3333	9955	1568	0.99100	1.12375	2.12317		
12:00:31	2000	3000	3333	9955	1568	0.99100	1.12375	2.12317		
12:00:41	2000	3000	3333	9955	1538	0.99100	1.12374	2.11989		
12:00:51	2000	3000	3333	9955	1523	0.99100	1.12370	2.11551		
12:01:01	2000	3000	3333	9955	1523	0.99100	1.12370	2.11551		
12:01:11	2000	3000	3333	9955	1492	0.99100	1.12368	2.11537		
12:01:21	2000	3000	3333	9955	1477	0.99100	1.12373	2.11722		
12:01:31	2000	3000	3333	9955	1460	0.99100	1.12374	2.11873		
12:01:41	2000	3000	3333	9955	1444	0.99100	1.12378	2.12325		
12:01:51	2000	3000	3333	9955	1427	0.99100	1.12378	2.12175		
12:02:02	2000	3000	3333	9955	1411	0.99100	1.12383	2.12001		
12:02:12	2000	3000	3333	9955	1395	0.99100	1.12384	2.12387		
12:02:22	2000	3000	3333	9955	1379	0.99100	1.12388	2.12401		
12:02:32	2000	3000	3333	9955	1363	0.99100	1.12387	2.12505		
12:02:42	2000	3000	3333	9955	1348	0.99100	1.12388	2.12794		
12:02:52	2000	3000	3333	9955	1333	0.99100	1.12388	2.12489		
12:03:02	2000	3000	3333	9955	1318	0.99100	1.12384	2.12606		
12:03:12	2000	3000	3333	9955	1292	0.99100	1.12387	2.12583		
12:03:22	2000	3000	3333	9955	1280	0.99100	1.12383	2.12720		
12:03:32	2000	3000	3333	9955	1269	0.99100	1.12387	2.12257		
12:03:42	2000	3000	3333	9955	1269	0.99100	1.12387	2.12257		
12:03:52	2000	3000	3333	9955	1250	0.99100	1.12384	2.12042		
12:04:02	2000	3000	3333	9955	1241	0.99100	1.12428	2.12712		
12:04:13	2000	3000	3333	9955	1234	0.99100	1.12424	2.12754		
12:04:23	2000	3000	3333	9955	1227	0.99100	1.12396	2.12431		
12:04:33	2000	3000	3333	9955	1221	0.99100	1.12389	2.12522		
12:04:43	2000	3000	3333	9955	1215	0.99100	1.12390	2.12519		
12:04:53	2000	3000	3333	9955	1215	0.99100	1.12390	2.12519		
12:05:03	2000	3000	3333	9955	1206	0.99100	1.12391	2.12625		
12:05:13	2000	3000	3333	9955	1202	0.99100	1.12390	2.12534		
12:05:23	2000	3000	3333	9955	1198	0.99100	1.12388	2.12470		
12:05:33	2000	3000	3333	9955	1195	0.99100	1.12394	2.12595		
12:05:43	2000	3000	3333	9955	1195	0.99100	1.12394	2.12595		
12:06:03	2000	3000	3333	9955	1188	0.99100	1.12393	2.12690		
12:06:13	2000	3000	3333	9955	1188	0.99100	1.12393	2.12690		
12:06:24	2000	3000	3333	9955	1186	0.99100	1.12395	2.12930		
12:06:34	2000	3000	3333	9955	1185	0.99100	1.12393	2.12802		
12:06:44	2000	3000	3333	9955	1185	0.99100	1.12398	2.13114		
12:06:54	2000	3000	3333	9955	1186	0.99100	1.12395	2.13050		
12:07:04	2000	3000	3333	9955	1186	0.99100	1.12399	2.12886		
12:07:14	2000	3000	3333	9955	1187	0.99100	1.12402	2.12983		
12:07:24	2000	3000	3333	9955	1189	0.99100	1.12400	2.12385		
12:07:34	2000	3000	3333	9955	1192	0.99100	1.12403	2.12861		
12:07:44	2000	3000	3333	9955	1194	0.99100	1.12401	2.13025		
12:07:54	2000	3000	3333	9955	1195	0.99100	1.12404	2.13075		
12:08:04	2000	3000	3333	9955	1197	0.99100	1.12405	2.13114		
12:08:14	2000	3000	3333	9955	1199	0.99100	1.12397	2.13096		
12:08:24	2000	3000	3333	9955	1201	0.99100	1.12398	2.13274		
12:08:35	2000	3000	3333	9955	1203	0.99100	1.12398	2.12963		
12:08:45	2000	3000	3333	9955	1204	0.99100	1.12397	2.13376		
12:08:55	2000	3000	3333	9955	1206	0.99100	1.12399	2.13349		
12:09:05	2000	3000	3333	9955	1206	0.99100	1.12400	2.13404		
12:09:15	2000	3000	3333	9955	1206	0.99100	1.12400	2.13341		
12:09:25	2000	3000	3333	9955	1206	0.99100	1.12396	2.13254		
12:09:35	2000	3000	3333	9955	1205	0.99100	1.12400	2.13374		
12:09:45	2000	3000	3333	9955	1205	0.99100	1.12400	2.13374		
12:09:55	2000	3000	3333	9955	1203	0.99100	1.12405	2.13387		
12:10:05	2000	3000	3333	9955	1202	0.99100	1.12407	2.14851		
12:10:15	2000	3000	3333	9955	1202	0.99100	1.12407	2.14851		
12:10:25	2000	3000	3333	9955	1200	0.99100	1.12436	2.14732		
12:10:35	2000	3000	3333	9955	1199	0.99100	1.12435	2.14683		
12:10:45	2000	3000	3333	9955	1198	0.99100	1.12430	2.15231		
12:10:56	2000	3000	3333	9955	1196	0.99100	1.12419	2.12225		
12:11:06	2000	3000	3333	9955	1194	0.99100	1.12415	2.11617		
12:11:16	2000	3000	3333	9955	1192	0.99100	1.12411	2.11648		
12:11:26	2000	3000	3333	9955	1191	0.99100	1.12411	2.10960		
12:11:36	2000	3000	3333	9955	1191	0.99100	1.12411	2.10960		
12:11:46	2000	3000	3333	9955	1187	0.99100	1.12453	2.12063		
12:11:56	2000	3000	3333	9955	1186	0.99100	1.12450	2.12133		
12:12:06	2000	3000	3333	9955	1186	0.99100	1.12450	2.12180		
12:12:16	2000	3000	3333	9955	1186	0.99100	1.12438	2.11554		
12:12:26	2000	3000	3333	9955	1186	0.99100	1.12438	2.11554		
12:12:36	2000	3000	3333	9955	1188	0.99100	1.12473	2.12171		
12:12:46	2000	3000	3333	9955	1188	0.99100	1.12473	2.12171		
12:12:56	2000	3000	3333	9955	1188	0.99100	1.12473	2.12171		
14:57:34	2000	3000	3333	9955	2	0.99100	1.12357	2.16623		
14:57:44	2000	3000	3333	9955	2	0.99100	1.12357	2.16623		
14:57:54	2000	3000	3333	9955	2	0.99100	1.12360	2.16902		
14:58:04	2000	3000	3333	9955	2	0.99100	1.12358	2.16969		
14:58:14	2000	3000	3333	9955	2	0.99100	1.12361	2.16945		
14:58:25	2000	3000	3333	9955	2	0.99100	1.12357	2.17165		
14:58:35	2000	3000	3333	9955	2	0.99100	1.12357	2.17362		
14:58:45	2000	3000	3333	9955	2	0.99100	1.12357	2.16862		
14:58:55	2000	3000	3333	9955	2	0.99100	1.12361	2.16714		
14:59:05	2000	3000	3333	9955	2	0.99100	1.12357	2.16788		
14:59:16	2000	3000	3333	9955	2	0.99100	1.12361	2.16891		
14:59:26	2000	3000	3333	9955	2	0.99100	1.12361	2.16891		
14:59:36	2000	3000	3333	9955	2	0.99100	1.12361	2.16891		
14:59:46	2000	3000	3333	9955	2	0.99100	1.12360	2.16782		
14:59:56	2000	3000	3333	9955	2	0.99100	1.12361	2.16869		
15:00:06	2000	3000	3333	9955	2	0.99100	1.12362	2.16820		
15:00:17	2000	3000	3333	9955	2	0.99100	1.12362	2.16820		
15:00:27	2000	3000	3333	9955	2	0.99100	1.12364	2.16822		
15:00:37	2000	3000	3333	9955	2	0.99100	1.12364	2.16822		
15:00:57	2000	3000	3333	9955	2	0.99100	1.12360	2.16939		
15:01:08	2000	3000	3333	9955	2	0.99100	1.12363	2.16784		
15:01:18	2000	3000	3333	9955	2	0.99100	1.12364	2.16736		
15:01:28	2000	3000	3333	9955	2	0.99100	1.12362	2.16899		
15:01:38	2000	3000	3333	9955	2	0.99100	1.12362	2.16899		
