

			DELHI AIRPORT : 30 m Base line


Time	RVR	 MOR	RVR	MOR	BLM	Trf	 Ref(v)	PD(v)
	(limited)	(limited)	(actual)	(actual)

00:00:18	2000	3000	3333	9955	2	0.99100	1.11366	2.14592		
00:00:28	2000	3000	3333	9955	2	0.99100	1.11366	2.14592		
00:00:38	2000	3000	3333	9955	2	0.99100	1.11366	2.14592		
00:00:48	2000	3000	3333	9955	2	0.99100	1.11367	2.15017		
00:00:58	2000	3000	3333	9955	2	0.99100	1.11370	2.15222		
00:01:09	2000	3000	3333	9955	2	0.99100	1.11370	2.15222		
00:01:19	2000	3000	3333	9955	2	0.99100	1.11370	2.15222		
00:01:29	2000	3000	3333	9955	2	0.99100	1.11371	2.15632		
00:01:39	2000	3000	3333	9955	2	0.99100	1.11371	2.15632		
00:01:49	2000	3000	3333	9955	2	0.99100	1.11370	2.14123		
00:01:59	2000	3000	3333	9955	2	0.99100	1.11370	2.14123		
00:02:19	2000	3000	3333	9955	2	0.99100	1.11373	2.14169		
00:02:29	2000	3000	3333	9955	2	0.99100	1.11377	2.14533		
00:02:39	2000	3000	3333	9955	2	0.99100	1.11377	2.14457		
00:02:49	2000	3000	3333	9955	2	0.99100	1.11378	2.15450		
00:02:59	2000	3000	3333	9955	2	0.99100	1.11377	2.15373		
00:03:09	2000	3000	3333	9955	2	0.99100	1.11377	2.14604		
00:03:20	2000	3000	3333	9955	2	0.99100	1.11380	2.15379		
00:03:30	2000	3000	3333	9955	2	0.99100	1.11378	2.15081		
00:03:40	2000	3000	3333	9955	2	0.99100	1.11376	2.15086		
00:03:50	2000	3000	3333	9955	2	0.99100	1.11376	2.14589		
00:04:00	2000	3000	3333	9955	2	0.99100	1.11376	2.15104		
00:04:10	2000	3000	3333	9955	2	0.99100	1.11377	2.15159		
00:04:20	2000	3000	3333	9955	2	0.99100	1.11372	2.15535		
00:04:30	2000	3000	3333	9955	2	0.99100	1.11375	2.13151		
00:04:40	2000	3000	3333	9955	2	0.99100	1.11378	2.14591		
00:04:50	2000	3000	3333	9955	2	0.99100	1.11378	2.14591		
00:05:00	2000	3000	3333	9955	2	0.99100	1.11378	2.15122		
00:05:10	2000	3000	3333	9955	2	0.99100	1.11378	2.15122		
00:05:20	2000	3000	3333	9955	2	0.99100	1.11378	2.15378		
00:05:31	2000	3000	3333	9955	2	0.99100	1.11377	2.14379		
00:05:41	2000	3000	3333	9955	2	0.99100	1.11377	2.14379		
00:05:51	2000	3000	3333	9955	2	0.99100	1.11377	2.14379		
00:06:31	2000	3000	3333	9955	2	0.99100	1.11364	2.15072		
00:06:41	2000	3000	3333	9955	2	0.99100	1.11364	2.15072		
00:06:51	2000	3000	3333	9955	2	0.99100	1.11365	2.15020		
00:07:01	2000	3000	3333	9955	2	0.99100	1.11366	2.14540		
00:07:11	2000	3000	3333	9955	2	0.99100	1.11366	2.14540		
00:07:31	2000	3000	3333	9955	2	0.99100	1.11373	2.14990		
00:07:42	2000	3000	3333	9955	2	0.99100	1.11373	2.14990		
00:07:52	2000	3000	3333	9955	2	0.99100	1.11376	2.13994		
00:08:02	2000	3000	3333	9955	2	0.99100	1.11376	2.15044		
00:08:12	2000	3000	3333	9955	2	0.99100	1.11376	2.15044		
00:08:32	2000	3000	3333	9955	2	0.99100	1.11374	2.14357		
00:08:42	2000	3000	3333	9955	2	0.99100	1.11376	2.14096		
00:08:52	2000	3000	3333	9955	2	0.99100	1.11380	2.14149		
00:09:02	2000	3000	3333	9955	2	0.99100	1.11381	2.13849		
00:09:12	2000	3000	3333	9955	2	0.99100	1.11381	2.13849		
00:09:22	2000	3000	3333	9955	2	0.99100	1.11380	2.14361		
00:09:32	2000	3000	3333	9955	2	0.99100	1.11379	2.14468		
00:09:42	2000	3000	3333	9955	2	0.99100	1.11378	2.14545		
00:09:53	2000	3000	3333	9955	2	0.99100	1.11379	2.14985		
00:10:03	2000	3000	3333	9955	2	0.99100	1.11377	2.14516		
00:10:13	2000	3000	3333	9955	2	0.99100	1.11377	2.14516		
00:10:23	2000	3000	3333	9955	2	0.99100	1.11377	2.14516		
02:53:44	2000	3000	3333	9955	4011	0.99100	1.11277	2.19700		
02:53:54	2000	3000	3333	9955	4012	0.99100	1.11276	2.19970		
02:54:04	2000	3000	3333	9955	4020	0.99100	1.11280	2.19959		
02:54:14	2000	3000	3333	9955	4025	0.99100	1.11281	2.19760		
02:54:25	2000	3000	3333	9955	4030	0.99100	1.11277	2.19591		
02:54:35	2000	3000	3333	9955	4030	0.99100	1.11277	2.19591		
02:54:45	2000	3000	3333	9955	4044	0.99100	1.11282	2.17547		
02:54:55	2000	3000	3333	9955	4044	0.99100	1.11282	2.17547		
02:55:05	2000	3000	3333	9955	4044	0.99100	1.11282	2.17547		
02:55:16	2000	3000	3333	9955	4078	0.99100	1.11282	2.18949		
02:55:26	2000	3000	3333	9955	4088	0.99100	1.11279	2.18283		
02:55:36	2000	3000	3333	9955	4096	0.99100	1.11276	2.19737		
02:55:46	2000	3000	3333	9955	4101	0.99100	1.11279	2.20366		
02:55:56	2000	3000	3333	9955	4105	0.99100	1.11280	2.17878		
02:56:06	2000	3000	3333	9955	4109	0.99100	1.11283	2.18670		
02:56:17	2000	3000	3333	9955	4113	0.99100	1.11283	2.19196		
02:56:27	2000	3000	3333	9955	4113	0.99100	1.11283	2.19196		
02:56:37	2000	3000	3333	9955	4120	0.99100	1.11281	2.16814		
02:56:47	2000	3000	3333	9955	4120	0.99100	1.11279	2.18057		
02:56:57	2000	3000	3333	9955	4119	0.99100	1.11276	2.18605		
02:57:08	2000	3000	3333	9955	4119	0.99100	1.11278	2.18165		
02:57:18	2000	3000	3333	9955	4119	0.99100	1.11270	2.18910		
02:57:28	2000	3000	3333	9955	4116	0.99100	1.11269	2.19718		
02:57:38	2000	3000	3333	9955	4112	0.99100	1.11270	2.18934		
02:57:48	2000	3000	3333	9955	4112	0.99100	1.11270	2.18934		
02:57:59	2000	3000	3333	9955	4104	0.99100	1.11272	2.19781		
02:58:09	2000	3000	3333	9955	4101	0.99100	1.11277	2.20535		
02:58:19	2000	3000	3333	9955	4104	0.99100	1.11273	2.18288		
02:58:29	2000	3000	3333	9955	4104	0.99100	1.11269	2.18342		
02:58:39	2000	3000	3333	9955	4103	0.99100	1.11272	2.18643		
02:58:49	2000	3000	3333	9955	4101	0.99100	1.11268	2.19635		
02:59:00	2000	3000	3333	9955	4100	0.99100	1.11268	2.18751		
02:59:10	2000	3000	3333	9955	4100	0.99100	1.11268	2.19129		
02:59:20	2000	3000	3333	9955	4099	0.99100	1.11266	2.17330		
02:59:30	2000	3000	3333	9955	4098	0.99100	1.11267	2.18563		
02:59:40	2000	3000	3333	9955	4097	0.99100	1.11265	2.18342		
02:59:51	2000	3000	3333	9955	4096	0.99100	1.11265	2.18389		
03:00:01	2000	3000	3333	9955	4096	0.99100	1.11263	2.18241		
03:00:11	2000	3000	3333	9955	4096	0.99100	1.11263	2.18241		
03:00:21	2000	3000	3333	9955	4094	0.99100	1.11259	2.19832		
03:00:31	2000	3000	3333	9955	4093	0.99100	1.11261	2.19781		
03:00:41	2000	3000	3333	9955	4093	0.99100	1.11261	2.19781		
03:00:51	2000	3000	3333	9955	4092	0.99100	1.11262	2.18865		
03:01:01	2000	3000	3333	9955	4093	0.99100	1.11266	2.17243		
03:01:11	2000	3000	3333	9955	4094	0.99100	1.11261	2.17663		
03:03:09	2000	3000	3333	9955	4091	0.99100	1.11258	2.19181		
03:03:19	2000	3000	3333	9955	4089	0.99100	1.11258	2.19421		
03:03:29	2000	3000	3333	9955	4086	0.99100	1.11262	2.19839		
03:03:39	2000	3000	3333	9955	4086	0.99100	1.11255	2.20063		
03:03:49	2000	3000	3333	9955	4086	0.99100	1.11261	2.21000		
03:04:00	2000	3000	3333	9955	4085	0.99100	1.11260	2.21065		
03:04:10	2000	3000	3333	9955	4083	0.99100	1.11262	2.18290		
03:04:20	2000	3000	3333	9955	4081	0.99100	1.11247	2.19096		
03:04:30	2000	3000	3333	9955	4080	0.99100	1.11255	2.19898		
03:04:40	2000	3000	3333	9955	4080	0.99100	1.11255	2.19898		
03:04:50	2000	3000	3333	9955	4075	0.99100	1.11252	2.20348		
03:05:00	2000	3000	3333	9955	4074	0.99100	1.11253	2.20542		
03:05:10	2000	3000	3333	9955	4072	0.99100	1.11254	2.20836		
03:05:20	2000	3000	3333	9955	4073	0.99100	1.11257	2.19654		
03:05:30	2000	3000	3333	9955	4074	0.99100	1.11255	2.19538		
03:05:40	2000	3000	3333	9955	4072	0.99100	1.11260	2.21021		
03:05:50	2000	3000	3333	9955	4069	0.99100	1.11256	2.21033		
03:06:00	2000	3000	3333	9955	4066	0.99100	1.11257	2.21131		
03:06:11	2000	3000	3333	9955	4065	0.99100	1.11264	2.19313		
03:06:21	2000	3000	3333	9955	4064	0.99100	1.11259	2.19392		
03:06:31	2000	3000	3333	9955	4063	0.99100	1.11257	2.18451		
03:06:41	2000	3000	3333	9955	4062	0.99100	1.11259	2.18246		
03:06:51	2000	3000	3333	9955	4060	0.99100	1.11246	2.20149		
03:07:01	2000	3000	3333	9955	4060	0.99100	1.11246	2.20149		
03:07:11	2000	3000	3333	9955	4056	0.99100	1.11253	2.19039		
03:07:21	2000	3000	3333	9955	4052	0.99100	1.11254	2.20107		
03:07:31	2000	3000	3333	9955	4048	0.99100	1.11252	2.19981		
03:07:41	2000	3000	3333	9955	4043	0.99100	1.11251	2.18484		
03:07:51	2000	3000	3333	9955	4032	0.99100	1.11256	2.20146		
03:08:01	2000	3000	3333	9955	4029	0.99100	1.11254	2.18732		
03:08:11	2000	3000	3333	9955	4026	0.99100	1.11253	2.20094		
03:08:22	2000	3000	3333	9955	4024	0.99100	1.11251	2.19145		
03:08:32	2000	3000	3333	9955	4021	0.99100	1.11248	2.19982		
03:08:42	2000	3000	3333	9955	4019	0.99100	1.11249	2.17030		
03:08:52	2000	3000	3333	9955	4017	0.99100	1.11250	2.17551		
03:09:02	2000	3000	3333	9955	4016	0.99100	1.11246	2.17853		
03:09:12	2000	3000	3333	9955	4016	0.99100	1.11247	2.16488		
03:09:22	2000	3000	3333	9955	4016	0.99100	1.11247	2.17170		
03:09:32	2000	3000	3333	9955	4016	0.99100	1.11243	2.18770		
03:09:42	2000	3000	3333	9955	4016	0.99100	1.11241	2.19055		
03:09:52	2000	3000	3333	9955	4015	0.99100	1.11238	2.18010		
03:10:02	2000	3000	3333	9955	4014	0.99100	1.11237	2.19708		
03:10:12	2000	3000	3333	9955	4013	0.99100	1.11236	2.18701		
03:10:22	2000	3000	3333	9955	4013	0.99100	1.11236	2.18419		
03:10:33	2000	3000	3333	9955	4015	0.99100	1.11236	2.19808		
03:10:43	2000	3000	3333	9955	4016	0.99100	1.11237	2.18414		
03:10:53	2000	3000	3333	9955	4017	0.99100	1.11237	2.18390		
03:11:03	2000	3000	3333	9955	4018	0.99100	1.11239	2.18988		
03:11:13	2000	3000	3333	9955	4019	0.99100	1.11236	2.16857		
03:11:23	2000	3000	3333	9955	4019	0.99100	1.11238	2.17666		
03:11:33	2000	3000	3333	9955	4020	0.99100	1.11242	2.17928		
03:11:43	2000	3000	3333	9955	4020	0.99100	1.11239	2.18822		
03:11:53	2000	3000	3333	9955	4020	0.99100	1.11236	2.18575		
03:12:03	2000	3000	3333	9955	4020	0.99100	1.11236	2.17889		
03:12:13	2000	3000	3333	9955	4022	0.99100	1.11238	2.17848		
03:12:23	2000	3000	3333	9955	4023	0.99100	1.11240	2.16509		
03:12:33	2000	3000	3333	9955	4026	0.99100	1.11238	2.15706		
03:12:44	2000	3000	3333	9955	4029	0.99100	1.11237	2.19082		
03:12:54	2000	3000	3333	9955	4033	0.99100	1.11235	2.17670		
03:13:04	2000	3000	3333	9955	4039	0.99100	1.11236	2.15808		
03:13:14	2000	3000	3333	9955	4045	0.99100	1.11233	2.16457		
03:13:24	2000	3000	3333	9955	4050	0.99100	1.11232	2.18000		
03:13:34	2000	3000	3333	9955	4056	0.99100	1.11233	2.17705		
03:13:44	2000	3000	3333	9955	4061	0.99100	1.11230	2.18262		
03:13:54	2000	3000	3333	9955	4067	0.99100	1.11235	2.18153		
03:14:04	2000	3000	3333	9955	4073	0.99100	1.11234	2.16948		
03:14:14	2000	3000	3333	9955	4080	0.99100	1.11235	2.18013		
03:14:24	2000	3000	3333	9955	4086	0.99100	1.11235	2.16095		
03:14:34	2000	3000	3333	9955	4092	0.99100	1.11234	2.18016		
03:14:44	2000	3000	3333	9955	4096	0.99100	1.11235	2.16571		
03:14:55	2000	3000	3333	9955	4104	0.99100	1.11229	2.16491		
03:15:05	2000	3000	3333	9955	4110	0.99100	1.11230	2.17808		
03:15:15	2000	3000	3333	9955	4117	0.99100	1.11228	2.19110		
03:15:25	2000	3000	3333	9955	4117	0.99100	1.11228	2.19110		
03:15:35	2000	3000	3333	9955	4131	0.99100	1.11233	2.19309		
03:15:45	2000	3000	3333	9955	4138	0.99100	1.11235	2.18679		
03:15:55	2000	3000	3333	9955	4145	0.99100	1.11240	2.18259		
03:16:05	2000	3000	3333	9955	4152	0.99100	1.11245	2.19464		
03:16:15	2000	3000	3333	9955	4163	0.99100	1.11245	2.19151		
03:16:25	2000	3000	3333	9955	4172	0.99100	1.11246	2.19499		
03:16:35	2000	3000	3333	9955	4172	0.99100	1.11246	2.19499		
03:16:45	2000	3000	3333	9955	4188	0.99100	1.11247	2.20025		
03:16:55	2000	3000	3333	9955	4194	0.99100	1.11242	2.19180		
03:17:06	2000	3000	3333	9955	4203	0.99100	1.11246	2.17226		
03:17:16	2000	3000	3333	9955	4209	0.99100	1.11239	2.15915		
03:17:26	2000	3000	3333	9955	4220	0.99100	1.11232	2.16761		
03:17:36	2000	3000	3333	9955	4224	0.99100	1.11233	2.18509		
03:17:46	2000	3000	3333	9955	4230	0.99100	1.11233	2.17913		
03:17:56	2000	3000	3333	9955	4233	0.99100	1.11233	2.18616		
03:18:06	2000	3000	3333	9955	4235	0.99100	1.11234	2.17953		
03:18:16	2000	3000	3333	9955	4235	0.99100	1.11234	2.17241		
03:18:26	2000	3000	3333	9955	4235	0.99100	1.11234	2.18270		
03:18:36	2000	3000	3333	9955	4237	0.99100	1.11231	2.19423		
03:18:46	2000	3000	3333	9955	4236	0.99100	1.11227	2.19352		
03:18:56	2000	3000	3333	9955	4236	0.99100	1.11227	2.19352		
03:19:07	2000	3000	3333	9955	4245	0.99100	1.11238	2.19662		
03:19:17	2000	3000	3333	9955	4248	0.99100	1.11240	2.18622		
03:19:27	2000	3000	3333	9955	4249	0.99100	1.11238	2.17720		
03:19:37	2000	3000	3333	9955	4251	0.99100	1.11236	2.17573		
03:19:47	2000	3000	3333	9955	4254	0.99100	1.11236	2.18861		
03:19:57	2000	3000	3333	9955	4255	0.99100	1.11240	2.19585		
03:20:08	2000	3000	3333	9955	4257	0.99100	1.11239	2.19367		
03:20:18	2000	3000	3333	9955	4257	0.99100	1.11239	2.19367		
03:20:38	2000	3000	3333	9955	4266	0.99100	1.11230	2.15196		
03:20:48	2000	3000	3333	9955	4271	0.99100	1.11231	2.17534		
03:20:59	2000	3000	3333	9955	4271	0.99100	1.11231	2.17534		
03:21:09	2000	3000	3333	9955	4278	0.99100	1.11229	2.19059		
03:21:19	2000	3000	3333	9955	4285	0.99100	1.11228	2.17937		
03:21:29	2000	3000	3333	9955	4298	0.99100	1.11224	2.19555		
03:21:39	2000	3000	3333	9955	4304	0.99100	1.11226	2.20368		
03:21:49	2000	3000	3333	9955	4311	0.99100	1.11227	2.19835		
03:22:00	2000	3000	3333	9955	4319	0.99100	1.11226	2.17218		
03:22:10	2000	3000	3333	9955	4326	0.99100	1.11226	2.17025		
03:22:20	2000	3000	3333	9955	4333	0.99100	1.11226	2.18718		
03:22:30	2000	3000	3333	9955	4341	0.99100	1.11222	2.17699		
03:22:40	2000	3000	3333	9955	4348	0.99100	1.11224	2.16565		
03:22:51	2000	3000	3333	9955	4355	0.99100	1.11216	2.19315		
03:23:01	2000	3000	3333	9955	4362	0.99100	1.11219	2.19425		
03:23:11	2000	3000	3333	9955	4371	0.99100	1.11218	2.20375		
03:23:21	2000	3000	3333	9955	4380	0.99100	1.11217	2.18872		
03:23:31	2000	3000	3333	9955	4388	0.99100	1.11214	2.19977		
03:23:42	2000	3000	3333	9955	4397	0.99100	1.11215	2.19901		
03:23:52	2000	3000	3333	9955	4405	0.99100	1.11215	2.19534		
03:24:02	2000	3000	3333	9955	4413	0.99100	1.11215	2.20798		
03:24:12	2000	3000	3333	9955	4420	0.99100	1.11215	2.19338		
03:24:22	2000	3000	3333	9955	4428	0.99100	1.11215	2.21169		
03:24:32	2000	3000	3333	9955	4435	0.99100	1.11211	2.19919		
03:24:43	2000	3000	3333	9955	4444	0.99100	1.11210	2.19460		
03:24:53	2000	3000	3333	9955	4444	0.99100	1.11210	2.19460		
03:25:03	2000	3000	3333	9955	4459	0.99100	1.11216	2.19706		
03:25:13	2000	3000	3333	9955	4473	0.99100	1.11212	2.19803		
03:25:23	2000	3000	3333	9955	4479	0.99100	1.11212	2.19536		
03:25:34	2000	3000	3333	9955	4486	0.99100	1.11216	2.18200		
03:25:44	2000	3000	3333	9955	4493	0.99100	1.11210	2.21839		
03:25:54	2000	3000	3333	9955	4499	0.99100	1.11211	2.19105		
03:26:04	2000	3000	3333	9955	4505	0.99100	1.11211	2.18502		
03:26:14	2000	3000	3333	9955	4511	0.99100	1.11209	2.20382		
03:26:25	2000	3000	3333	9955	4519	0.99100	1.11210	2.18139		
03:26:35	2000	3000	3333	9955	4526	0.99100	1.11207	2.17962		
03:26:45	2000	3000	3333	9955	4533	0.99100	1.11209	2.18794		
03:26:55	2000	3000	3333	9955	4539	0.99100	1.11204	2.17469		
03:27:05	2000	3000	3333	9955	4545	0.99100	1.11204	2.17692		
03:27:15	2000	3000	3333	9955	4554	0.99100	1.11204	2.18857		
03:27:25	2000	3000	3333	9955	4564	0.99100	1.11204	2.18806		
03:27:35	2000	3000	3333	9955	4572	0.99100	1.11202	2.18937		
03:27:45	2000	3000	3333	9955	4580	0.99100	1.11204	2.19777		
03:27:56	2000	3000	3333	9955	4585	0.99100	1.11201	2.19194		
03:28:06	2000	3000	3333	9955	4591	0.99100	1.11204	2.20076		
03:28:16	2000	3000	3333	9955	4602	0.99100	1.11202	2.19180		
03:28:26	2000	3000	3333	9955	4612	0.99100	1.11200	2.19531		
03:28:36	2000	3000	3333	9955	4620	0.99100	1.11203	2.21020		
03:28:46	2000	3000	3333	9955	4627	0.99100	1.11200	2.19967		
03:28:56	2000	3000	3333	9955	4632	0.99100	1.11204	2.20137		
03:29:06	2000	3000	3333	9955	4638	0.99100	1.11206	2.21036		
03:29:16	2000	3000	3333	9955	4650	0.99100	1.11204	2.17561		
03:29:26	2000	3000	3333	9955	4656	0.99100	1.11204	2.17680		
03:29:36	2000	3000	3333	9955	4663	0.99100	1.11202	2.18050		
03:29:46	2000	3000	3333	9955	4670	0.99100	1.11204	2.18888		
03:29:56	2000	3000	3333	9955	4677	0.99100	1.11201	2.20347		
03:30:07	2000	3000	3333	9955	4684	0.99100	1.11201	2.20921		
03:30:17	2000	3000	3333	9955	4684	0.99100	1.11201	2.20921		
03:30:27	2000	3000	3333	9955	4697	0.99100	1.11198	2.20265		
03:30:37	2000	3000	3333	9955	4703	0.99100	1.11197	2.19883		
03:30:47	2000	3000	3333	9955	4709	0.99100	1.11195	2.20893		
03:30:57	2000	3000	3333	9955	4714	0.99100	1.11195	2.18768		
03:31:07	2000	3000	3333	9955	4720	0.99100	1.11192	2.19298		
03:31:17	2000	3000	3333	9955	4726	0.99100	1.11189	2.19023		
03:31:27	2000	3000	3333	9955	4731	0.99100	1.11192	2.20043		
03:31:37	2000	3000	3333	9955	4737	0.99100	1.11186	2.19961		
03:31:47	2000	3000	3333	9955	4741	0.99100	1.11186	2.20413		
03:31:57	2000	3000	3333	9955	4745	0.99100	1.11182	2.18588		
03:32:07	2000	3000	3333	9955	4749	0.99100	1.11184	2.19121		
03:32:18	2000	3000	3333	9955	4753	0.99100	1.11186	2.20753		
03:32:28	2000	3000	3333	9955	4757	0.99100	1.11177	2.20551		
03:32:38	2000	3000	3333	9955	4757	0.99100	1.11177	2.20551		
03:32:48	2000	3000	3333	9955	4763	0.99100	1.11179	2.19856		
03:32:58	2000	3000	3333	9955	4766	0.99100	1.11179	2.19328		
03:33:08	2000	3000	3333	9955	4770	0.99100	1.11181	2.19532		
03:33:18	2000	3000	3333	9955	4774	0.99100	1.11181	2.21923		
03:33:28	2000	3000	3333	9955	4778	0.99100	1.11181	2.20046		
03:33:38	2000	3000	3333	9955	4784	0.99100	1.11178	2.18477		
03:33:48	2000	3000	3333	9955	4791	0.99100	1.11181	2.18522		
03:33:58	2000	3000	3333	9955	4803	0.99100	1.11185	2.18087		
03:34:08	2000	3000	3333	9955	4810	0.99100	1.11183	2.19802		
03:34:18	2000	3000	3333	9955	4813	0.99100	1.11184	2.18111		
03:34:29	2000	3000	3333	9955	4815	0.99100	1.11188	2.20014		
03:34:39	2000	3000	3333	9955	4817	0.99100	1.11187	2.17954		
03:34:49	2000	3000	3333	9955	4820	0.99100	1.11186	2.19512		
03:34:59	2000	3000	3333	9955	4824	0.99100	1.11183	2.20309		
03:35:09	2000	3000	3333	9955	4827	0.99100	1.11183	2.21799		
03:35:19	2000	3000	3333	9955	4829	0.99100	1.11185	2.19701		
03:35:29	2000	3000	3333	9955	4830	0.99100	1.11186	2.21050		
03:35:39	2000	3000	3333	9955	4830	0.99100	1.11187	2.18103		
03:35:49	2000	3000	3333	9955	4830	0.99100	1.11184	2.20513		
03:35:59	2000	3000	3333	9955	4833	0.99100	1.11185	2.20070		
03:36:09	2000	3000	3333	9955	4833	0.99100	1.11185	2.20070		
03:36:19	2000	3000	3333	9955	4835	0.99100	1.11180	2.20005		
03:36:29	2000	3000	3333	9955	4836	0.99100	1.11182	2.19261		
03:36:40	2000	3000	3333	9955	4838	0.99100	1.11178	2.19231		
03:36:50	2000	3000	3333	9955	4842	0.99100	1.11181	2.22732		
03:37:00	2000	3000	3333	9955	4846	0.99100	1.11176	2.20823		
03:37:10	2000	3000	3333	9955	4856	0.99100	1.11178	2.19309		
03:37:20	2000	3000	3333	9955	4865	0.99100	1.11181	2.21383		
03:37:30	2000	3000	3333	9955	4871	0.99100	1.11182	2.18735		
03:37:40	2000	3000	3333	9955	4881	0.99100	1.11178	2.20879		
03:37:50	2000	3000	3333	9955	4890	0.99100	1.11176	2.19382		
03:38:00	2000	3000	3333	9955	4897	0.99100	1.11174	2.16123		
03:38:10	2000	3000	3333	9955	4903	0.99100	1.11180	2.19313		
03:38:20	2000	3000	3333	9955	4907	0.99100	1.11180	2.18838		
03:38:30	2000	3000	3333	9955	4912	0.99100	1.11179	2.21500		
03:38:40	2000	3000	3333	9955	4925	0.99100	1.11184	2.20803		
03:38:51	2000	3000	3333	9955	4930	0.99100	1.11185	2.22222		
03:39:01	2000	3000	3333	9955	4939	0.99100	1.11190	2.20527		
03:39:11	2000	3000	3333	9955	4946	0.99100	1.11195	2.21581		
03:39:21	2000	3000	3333	9955	4951	0.99100	1.11192	2.21736		
03:39:31	2000	3000	3333	9955	4956	0.99100	1.11198	2.22648		
03:39:41	2000	3000	3333	9955	4961	0.99100	1.11199	2.23238		
03:39:51	2000	3000	3333	9955	4965	0.99100	1.11196	2.21960		
03:40:01	2000	3000	3333	9955	4968	0.99100	1.11196	2.22263		
03:40:11	2000	3000	3333	9955	4972	0.99100	1.11196	2.19084		
03:40:21	2000	3000	3333	9955	4977	0.99100	1.11200	2.19680		
03:40:31	2000	3000	3333	9955	4978	0.99100	1.11199	2.22905		
03:40:41	2000	3000	3333	9955	4979	0.99100	1.11195	2.20929		
03:40:51	2000	3000	3333	9955	4980	0.99100	1.11194	2.21453		
03:41:02	2000	3000	3333	9955	4980	0.99100	1.11194	2.21453		
03:41:12	2000	3000	3333	9955	4979	0.99100	1.11199	2.22054		
03:41:22	2000	3000	3333	9955	4981	0.99100	1.11201	2.18957		
03:41:32	2000	3000	3333	9955	4981	0.99100	1.11195	2.22772		
03:41:42	2000	3000	3333	9955	4981	0.99100	1.11195	2.22772		
03:41:52	2000	3000	3333	9955	4982	0.99100	1.11199	2.21526		
03:42:02	2000	3000	3333	9955	4984	0.99100	1.11202	2.21088		
03:42:12	2000	3000	3333	9955	4984	0.99100	1.11202	2.21088		
03:42:22	2000	3000	3333	9955	4985	0.99100	1.11199	2.22215		
03:42:32	2000	3000	3333	9955	4985	0.99100	1.11199	2.22215		
03:42:42	2000	3000	3333	9955	4992	0.99100	1.11188	2.22568		
03:42:52	2000	3000	3333	9955	4996	0.99100	1.11186	2.24320		
03:43:02	2000	3000	3333	9955	5001	0.99100	1.11183	2.20226		
03:43:13	2000	3000	3333	9955	5006	0.99100	1.11177	2.19610		
03:43:23	2000	3000	3333	9955	5006	0.99100	1.11177	2.19610		
03:43:33	2000	3000	3333	9955	5019	0.99100	1.11185	2.19308		
03:43:43	2000	3000	3333	9955	5023	0.99100	1.11191	2.21964		
03:43:53	2000	3000	3333	9955	5028	0.99100	1.11190	2.21467		
03:44:03	2000	3000	3333	9955	5027	0.99100	1.11188	2.22918		
03:44:13	2000	3000	3333	9955	5045	0.99100	1.11188	2.19230		
03:44:23	2000	3000	3333	9955	5053	0.99100	1.11189	2.19735		
03:44:33	2000	3000	3333	9955	5058	0.99100	1.11192	2.19886		
03:44:43	2000	3000	3333	9955	5063	0.99100	1.11191	2.20808		
03:44:54	2000	3000	3333	9955	5063	0.99100	1.11191	2.20808		
03:45:04	2000	3000	3333	9955	5067	0.99100	1.11200	2.23706		
03:45:14	2000	3000	3333	9955	5067	0.99100	1.11199	2.23438		
03:45:24	2000	3000	3333	9955	5067	0.99100	1.11199	2.23438		
03:45:34	2000	3000	3333	9955	5073	0.99100	1.11195	2.22701		
03:45:45	2000	3000	3333	9955	5079	0.99100	1.11191	2.23492		
03:45:55	2000	3000	3333	9955	5079	0.99100	1.11191	2.23492		
03:46:05	2000	3000	3333	9955	5088	0.99100	1.11199	2.23651		
03:46:15	2000	3000	3333	9955	5092	0.99100	1.11195	2.23285		
03:46:25	2000	3000	3333	9955	5095	0.99100	1.11198	2.24447		
03:46:35	2000	3000	3333	9955	5097	0.99100	1.11199	2.23241		
03:46:46	2000	3000	3333	9955	5099	0.99100	1.11205	2.21990		
03:46:56	2000	3000	3333	9955	5101	0.99100	1.11202	2.23258		
03:47:06	2000	3000	3333	9955	5104	0.99100	1.11199	2.22923		
03:47:16	2000	3000	3333	9955	5105	0.99100	1.11201	2.24810		
03:47:26	2000	3000	3333	9955	5108	0.99100	1.11207	2.23660		
03:47:37	2000	3000	3333	9955	5107	0.99100	1.11213	2.21300		
03:47:47	2000	3000	3333	9955	5110	0.99100	1.11209	2.20243		
03:47:57	2000	3000	3333	9955	5110	0.99100	1.11212	2.21478		
03:48:07	2000	3000	3333	9955	5109	0.99100	1.11211	2.21471		
03:48:17	2000	3000	3333	9955	5109	0.99100	1.11216	2.20603		
03:48:28	2000	3000	3333	9955	5110	0.99100	1.11216	2.23326		
03:48:38	2000	3000	3333	9955	5112	0.99100	1.11220	2.19050		
03:48:48	2000	3000	3333	9955	5110	0.99100	1.11223	2.21562		
03:48:58	2000	3000	3333	9955	5111	0.99100	1.11226	2.22352		
03:49:08	2000	3000	3333	9955	5112	0.99100	1.11226	2.21344		
03:49:18	2000	3000	3333	9955	5115	0.99100	1.11232	2.23819		
03:49:29	2000	3000	3333	9955	5117	0.99100	1.11234	2.22451		
03:49:39	2000	3000	3333	9955	5119	0.99100	1.11234	2.22121		
03:49:49	2000	3000	3333	9955	5119	0.99100	1.11234	2.22593		
03:49:59	2000	3000	3333	9955	5118	0.99100	1.11234	2.23416		
03:50:09	2000	3000	3333	9955	5119	0.99100	1.11234	2.23191		
03:50:20	2000	3000	3333	9955	5120	0.99100	1.11234	2.22952		
03:50:30	2000	3000	3333	9955	5119	0.99100	1.11236	2.20870		
03:50:40	2000	3000	3333	9955	5117	0.99100	1.11238	2.22110		
03:50:50	2000	3000	3333	9955	5116	0.99100	1.11240	2.20719		
03:51:00	2000	3000	3333	9955	5122	0.99100	1.11246	2.21248		
03:51:11	2000	3000	3333	9955	5124	0.99100	1.11250	2.22157		
03:51:21	2000	3000	3333	9955	5129	0.99100	1.11249	2.18899		
03:51:31	2000	3000	3333	9955	5132	0.99100	1.11249	2.21990		
03:51:41	2000	3000	3333	9955	5135	0.99100	1.11249	2.22429		
03:51:51	2000	3000	3333	9955	5138	0.99100	1.11251	2.20202		
03:52:01	2000	3000	3333	9955	5143	0.99100	1.11252	2.19670		
03:52:11	2000	3000	3333	9955	5143	0.99100	1.11252	2.19670		
03:52:21	2000	3000	3333	9955	5144	0.99100	1.11257	2.19474		
03:52:31	2000	3000	3333	9955	5143	0.99100	1.11256	2.19595		
03:52:42	2000	3000	3333	9955	5144	0.99100	1.11257	2.16572		
03:52:52	2000	3000	3333	9955	5147	0.99100	1.11259	2.20342		
03:53:02	2000	3000	3333	9955	5148	0.99100	1.11256	2.20311		
03:53:12	2000	3000	3333	9955	5148	0.99100	1.11256	2.20311		
03:53:22	2000	3000	3333	9955	5147	0.99100	1.11257	2.22231		
03:53:32	2000	3000	3333	9955	5146	0.99100	1.11260	2.21869		
03:53:42	2000	3000	3333	9955	5146	0.99100	1.11260	2.21869		
03:54:12	2000	3000	3333	9955	5141	0.99100	1.11255	2.17914		
03:54:22	2000	3000	3333	9955	5141	0.99100	1.11255	2.17914		
03:54:42	2000	3000	3333	9955	5140	0.99100	1.11264	2.15701		
03:54:52	2000	3000	3333	9955	5137	0.99100	1.11267	2.18717		
03:55:03	2000	3000	3333	9955	5137	0.99100	1.11267	2.18717		
03:55:33	2000	3000	3333	9955	5115	0.99100	1.11276	2.14092		
03:55:43	2000	3000	3333	9955	5115	0.99100	1.11276	2.14092		
03:55:53	2000	3000	3333	9955	5107	0.99100	1.11278	2.14603		
03:56:03	2000	3000	3333	9955	5099	0.99100	1.11276	2.17705		
03:56:13	2000	3000	3333	9955	5099	0.99100	1.11276	2.17705		
03:56:23	2000	3000	3333	9955	5091	0.99100	1.11272	2.15393		
03:56:33	2000	3000	3333	9955	5086	0.99100	1.11274	2.16255		
03:56:43	2000	3000	3333	9955	5086	0.99100	1.11274	2.16255		
03:56:53	2000	3000	3333	9955	5086	0.99100	1.11274	2.16255		
03:57:03	2000	3000	3333	9955	5068	0.99100	1.11270	2.14178		
03:57:14	2000	3000	3333	9955	5068	0.99100	1.11270	2.14178		
03:57:24	2000	3000	3333	9955	5068	0.99100	1.11270	2.14178		
04:08:37	2000	3000	3333	9955	4846	0.99100	1.11251	2.12323		
04:08:47	2000	3000	3333	9955	4844	0.99100	1.11251	2.06936		
04:08:57	2000	3000	3333	9955	4844	0.99100	1.11251	2.06936		
04:09:08	2000	3000	3333	9955	4844	0.99100	1.11252	2.08181		
04:09:18	2000	3000	3333	9955	4844	0.99100	1.11254	2.12224		
04:09:28	2000	3000	3333	9955	4845	0.99100	1.11245	2.08735		
04:09:38	2000	3000	3333	9955	4842	0.99100	1.11251	2.10753		
04:09:48	2000	3000	3333	9955	4836	0.99100	1.11247	2.09843		
04:09:58	2000	3000	3333	9955	4833	0.99100	1.11245	2.12544		
04:10:09	2000	3000	3333	9955	4829	0.99100	1.11244	2.10702		
04:10:19	2000	3000	3333	9955	4827	0.99100	1.11242	2.10697		
04:10:29	2000	3000	3333	9955	4827	0.99100	1.11240	2.11155		
04:10:39	2000	3000	3333	9955	4827	0.99100	1.11240	2.11155		
04:10:49	2000	3000	3333	9955	4826	0.99100	1.11229	2.09724		
04:11:00	2000	3000	3333	9955	4823	0.99100	1.11230	2.09905		
04:11:10	2000	3000	3333	9955	4823	0.99100	1.11230	2.09905		
04:11:20	2000	3000	3333	9955	4811	0.99100	1.11221	2.10778		
04:11:30	2000	3000	3333	9955	4809	0.99100	1.11217	2.13098		
04:11:40	2000	3000	3333	9955	4804	0.99100	1.11221	2.12625		
04:11:51	2000	3000	3333	9955	4800	0.99100	1.11223	2.12035		
04:12:01	2000	3000	3333	9955	4799	0.99100	1.11225	2.11286		
04:12:11	2000	3000	3333	9955	4799	0.99100	1.11231	2.11821		
04:12:21	2000	3000	3333	9955	4795	0.99100	1.11225	2.07596		
04:12:31	2000	3000	3333	9955	4796	0.99100	1.11225	2.11696		
04:12:41	2000	3000	3333	9955	4797	0.99100	1.11223	2.11156		
04:12:52	2000	3000	3333	9955	4796	0.99100	1.11222	2.10360		
04:13:02	2000	3000	3333	9955	4796	0.99100	1.11226	2.10497		
04:13:12	2000	3000	3333	9955	4793	0.99100	1.11225	2.11531		
04:13:22	2000	3000	3333	9955	4790	0.99100	1.11224	2.12067		
04:13:32	2000	3000	3333	9955	4789	0.99100	1.11220	2.11159		
04:13:43	2000	3000	3333	9955	4788	0.99100	1.11220	2.11914		
04:13:53	2000	3000	3333	9955	4787	0.99100	1.11220	2.12268		
04:14:03	2000	3000	3333	9955	4787	0.99100	1.11219	2.11813		
04:14:13	2000	3000	3333	9955	4787	0.99100	1.11219	2.11366		
04:14:23	2000	3000	3333	9955	4787	0.99100	1.11221	2.12099		
04:14:33	2000	3000	3333	9955	4787	0.99100	1.11222	2.10660		
04:14:44	2000	3000	3333	9955	4786	0.99100	1.11226	2.10521		
04:14:54	2000	3000	3333	9955	4786	0.99100	1.11228	2.10748		
04:15:04	2000	3000	3333	9955	4784	0.99100	1.11219	2.09302		
04:15:14	2000	3000	3333	9955	4782	0.99100	1.11219	2.08688		
04:15:24	2000	3000	3333	9955	4780	0.99100	1.11220	2.09348		
04:15:34	2000	3000	3333	9955	4779	0.99100	1.11217	2.09358		
04:15:44	2000	3000	3333	9955	4778	0.99100	1.11214	2.11086		
04:15:54	2000	3000	3333	9955	4777	0.99100	1.11214	2.09090		
04:16:05	2000	3000	3333	9955	4774	0.99100	1.11211	2.11104		
04:16:15	2000	3000	3333	9955	4772	0.99100	1.11212	2.10230		
04:16:25	2000	3000	3333	9955	4772	0.99100	1.11212	2.10230		
04:16:35	2000	3000	3333	9955	4768	0.99100	1.11211	2.11464		
04:16:45	2000	3000	3333	9955	4765	0.99100	1.11211	2.11388		
04:16:55	2000	3000	3333	9955	4764	0.99100	1.11209	2.10618		
04:17:05	2000	3000	3333	9955	4764	0.99100	1.11214	2.10674		
04:17:15	2000	3000	3333	9955	4764	0.99100	1.11214	2.10674		
04:17:35	2000	3000	3333	9955	4760	0.99100	1.11212	2.10354		
04:17:45	2000	3000	3333	9955	4760	0.99100	1.11212	2.10354		
04:17:55	2000	3000	3333	9955	4752	0.99100	1.11209	2.11644		
04:18:05	2000	3000	3333	9955	4747	0.99100	1.11213	2.12598		
04:18:16	2000	3000	3333	9955	4743	0.99100	1.11214	2.10947		
04:18:26	2000	3000	3333	9955	4742	0.99100	1.11217	2.10871		
04:18:36	2000	3000	3333	9955	4741	0.99100	1.11214	2.08581		
04:18:46	2000	3000	3333	9955	4741	0.99100	1.11214	2.08581		
04:18:56	2000	3000	3333	9955	4748	0.99100	1.11207	2.11872		
04:19:06	2000	3000	3333	9955	4749	0.99100	1.11210	2.11015		
04:19:16	2000	3000	3333	9955	4749	0.99100	1.11210	2.11015		
04:19:26	2000	3000	3333	9955	4756	0.99100	1.11208	2.11630		
04:19:36	2000	3000	3333	9955	4758	0.99100	1.11209	2.11302		
04:19:46	2000	3000	3333	9955	4760	0.99100	1.11203	2.12345		
04:19:56	2000	3000	3333	9955	4760	0.99100	1.11209	2.10653		
04:20:06	2000	3000	3333	9955	4760	0.99100	1.11214	2.11105		
04:20:16	2000	3000	3333	9955	4754	0.99100	1.11215	2.11209		
04:20:27	2000	3000	3333	9955	4754	0.99100	1.11219	2.12847		
04:20:37	2000	3000	3333	9955	4754	0.99100	1.11220	2.08526		
04:20:47	2000	3000	3333	9955	4752	0.99100	1.11226	2.10586		
04:20:57	2000	3000	3333	9955	4750	0.99100	1.11221	2.10781		
04:21:07	2000	3000	3333	9955	4746	0.99100	1.11219	2.11805		
04:21:17	2000	3000	3333	9955	4743	0.99100	1.11224	2.10709		
04:21:27	2000	3000	3333	9955	4747	0.99100	1.11222	2.09729		
04:21:37	2000	3000	3333	9955	4746	0.99100	1.11219	2.10946		
04:21:47	2000	3000	3333	9955	4746	0.99100	1.11220	2.08627		
04:21:57	2000	3000	3333	9955	4747	0.99100	1.11224	2.09763		
04:22:07	2000	3000	3333	9955	4749	0.99100	1.11221	2.10031		
04:22:17	2000	3000	3333	9955	4751	0.99100	1.11222	2.08381		
04:22:27	2000	3000	3333	9955	4752	0.99100	1.11218	2.10244		
04:22:38	2000	3000	3333	9955	4752	0.99100	1.11218	2.10244		
04:22:58	2000	3000	3333	9955	4746	0.99100	1.11214	2.08323		
04:23:08	2000	3000	3333	9955	4745	0.99100	1.11211	2.08912		
04:23:18	2000	3000	3333	9955	4745	0.99100	1.11211	2.08912		
04:23:28	2000	3000	3333	9955	4747	0.99100	1.11211	2.07904		
04:23:38	2000	3000	3333	9955	4747	0.99100	1.11211	2.07904		
04:23:48	2000	3000	3333	9955	4747	0.99100	1.11205	2.10270		
04:23:58	2000	3000	3333	9955	4742	0.99100	1.11205	2.12075		
04:24:08	2000	3000	3333	9955	4742	0.99100	1.11205	2.12075		
04:24:18	2000	3000	3333	9955	4742	0.99100	1.11205	2.12075		
04:24:28	2000	3000	3333	9955	4751	0.99100	1.11202	2.11715		
04:24:38	2000	3000	3333	9955	4751	0.99100	1.11202	2.11715		
04:24:48	2000	3000	3333	9955	4748	0.99100	1.11203	2.10061		
04:24:59	2000	3000	3333	9955	4746	0.99100	1.11204	2.12328		
04:25:09	2000	3000	3333	9955	4745	0.99100	1.11206	2.11051		
04:25:19	2000	3000	3333	9955	4743	0.99100	1.11200	2.11621		
04:25:29	2000	3000	3333	9955	4741	0.99100	1.11199	2.12400		
04:25:39	2000	3000	3333	9955	4741	0.99100	1.11199	2.12400		
04:25:49	2000	3000	3333	9955	4738	0.99100	1.11199	2.11740		
04:25:59	2000	3000	3333	9955	4738	0.99100	1.11198	2.10983		
04:26:09	2000	3000	3333	9955	4738	0.99100	1.11196	2.09017		
04:26:19	2000	3000	3333	9955	4737	0.99100	1.11201	2.08444		
04:26:29	2000	3000	3333	9955	4733	0.99100	1.11198	2.10293		
04:26:39	2000	3000	3333	9955	4733	0.99100	1.11192	2.10307		
04:26:49	2000	3000	3333	9955	4733	0.99100	1.11188	2.12387		
04:26:59	2000	3000	3333	9955	4733	0.99100	1.11191	2.12718		
04:27:10	2000	3000	3333	9955	4733	0.99100	1.11189	2.12046		
04:27:20	2000	3000	3333	9955	4734	0.99100	1.11194	2.12822		
04:27:30	2000	3000	3333	9955	4734	0.99100	1.11189	2.11897		
04:27:40	2000	3000	3333	9955	4732	0.99100	1.11195	2.12132		
04:27:50	2000	3000	3333	9955	4730	0.99100	1.11190	2.12046		
04:28:00	2000	3000	3333	9955	4730	0.99100	1.11191	2.10266		
04:28:10	2000	3000	3333	9955	4731	0.99100	1.11197	2.11967		
04:28:20	2000	3000	3333	9955	4729	0.99100	1.11193	2.12738		
04:28:30	2000	3000	3333	9955	4731	0.99100	1.11194	2.09800		
04:28:40	2000	3000	3333	9955	4731	0.99100	1.11194	2.09800		
04:28:50	2000	3000	3333	9955	4728	0.99100	1.11192	2.11910		
04:29:00	2000	3000	3333	9955	4728	0.99100	1.11197	2.12120		
04:29:10	2000	3000	3333	9955	4730	0.99100	1.11195	2.09576		
04:29:21	2000	3000	3333	9955	4731	0.99100	1.11197	2.10248		
04:29:31	2000	3000	3333	9955	4731	0.99100	1.11197	2.10248		
04:29:41	2000	3000	3333	9955	4732	0.99100	1.11196	2.11277		
04:29:51	2000	3000	3333	9955	4731	0.99100	1.11197	2.11769		
04:30:01	2000	3000	3333	9955	4731	0.99100	1.11197	2.11769		
04:30:11	2000	3000	3333	9955	4731	0.99100	1.11197	2.11769		
04:30:21	2000	3000	3333	9955	4725	0.99100	1.11198	2.11617		
04:30:31	2000	3000	3333	9955	4725	0.99100	1.11199	2.10132		
04:30:41	2000	3000	3333	9955	4725	0.99100	1.11200	2.11846		
04:30:51	2000	3000	3333	9955	4725	0.99100	1.11201	2.11248		
04:31:01	2000	3000	3333	9955	4727	0.99100	1.11202	2.11524		
04:31:11	2000	3000	3333	9955	4727	0.99100	1.11202	2.11524		
04:31:21	2000	3000	3333	9955	4726	0.99100	1.11209	2.10795		
04:31:32	2000	3000	3333	9955	4726	0.99100	1.11209	2.12221		
04:31:42	2000	3000	3333	9955	4726	0.99100	1.11214	2.11174		
04:31:52	2000	3000	3333	9955	4726	0.99100	1.11214	2.11174		
04:32:02	2000	3000	3333	9955	4725	0.99100	1.11212	2.09754		
04:32:12	2000	3000	3333	9955	4723	0.99100	1.11213	2.11029		
04:32:22	2000	3000	3333	9955	4723	0.99100	1.11213	2.11029		
04:32:42	2000	3000	3333	9955	4716	0.99100	1.11208	2.11524		
04:32:52	2000	3000	3333	9955	4715	0.99100	1.11212	2.10534		
04:33:02	2000	3000	3333	9955	4714	0.99100	1.11212	2.09885		
04:33:12	2000	3000	3333	9955	4714	0.99100	1.11209	2.10979		
04:33:22	2000	3000	3333	9955	4714	0.99100	1.11209	2.10979		
04:33:32	2000	3000	3333	9955	4712	0.99100	1.11207	2.11607		
04:33:43	2000	3000	3333	9955	4712	0.99100	1.11205	2.10187		
04:33:53	2000	3000	3333	9955	4712	0.99100	1.11207	2.11538		
04:34:03	2000	3000	3333	9955	4712	0.99100	1.11205	2.11999		
04:34:13	2000	3000	3333	9955	4712	0.99100	1.11204	2.10796		
04:34:23	2000	3000	3333	9955	4710	0.99100	1.11206	2.11055		
04:34:33	2000	3000	3333	9955	4708	0.99100	1.11205	2.10941		
04:34:43	2000	3000	3333	9955	4708	0.99100	1.11204	2.12324		
04:34:53	2000	3000	3333	9955	4708	0.99100	1.11204	2.11578		
04:35:03	2000	3000	3333	9955	4710	0.99100	1.11205	2.08716		
04:35:13	2000	3000	3333	9955	4710	0.99100	1.11206	2.11534		
04:35:23	2000	3000	3333	9955	4710	0.99100	1.11206	2.11534		
04:35:43	2000	3000	3333	9955	4713	0.99100	1.11203	2.09696		
04:35:54	2000	3000	3333	9955	4714	0.99100	1.11200	2.08971		
04:36:04	2000	3000	3333	9955	4714	0.99100	1.11200	2.08971		
04:36:14	2000	3000	3333	9955	4715	0.99100	1.11201	2.08954		
04:36:24	2000	3000	3333	9955	4716	0.99100	1.11201	2.05554		
04:36:34	2000	3000	3333	9955	4716	0.99100	1.11203	2.10675		
04:36:44	2000	3000	3333	9955	4715	0.99100	1.11200	2.10370		
04:36:54	2000	3000	3333	9955	4713	0.99100	1.11191	2.12097		
04:37:04	2000	3000	3333	9955	4713	0.99100	1.11191	2.12097		
04:37:14	2000	3000	3333	9955	4713	0.99100	1.11196	2.09545		
04:37:24	2000	3000	3333	9955	4713	0.99100	1.11194	2.09853		
04:37:34	2000	3000	3333	9955	4715	0.99100	1.11193	2.10253		
04:37:44	2000	3000	3333	9955	4715	0.99100	1.11193	2.10253		
04:37:54	2000	3000	3333	9955	4718	0.99100	1.11199	2.11636		
04:38:05	2000	3000	3333	9955	4717	0.99100	1.11198	2.10224		
04:38:15	2000	3000	3333	9955	4717	0.99100	1.11198	2.10224		
04:38:25	2000	3000	3333	9955	4717	0.99100	1.11196	2.10964		
04:38:35	2000	3000	3333	9955	4716	0.99100	1.11194	2.09347		
04:38:45	2000	3000	3333	9955	4710	0.99100	1.11192	2.11140		
04:38:55	2000	3000	3333	9955	4710	0.99100	1.11197	2.08887		
04:39:05	2000	3000	3333	9955	4710	0.99100	1.11197	2.11113		
04:39:15	2000	3000	3333	9955	4710	0.99100	1.11197	2.11113		
04:39:25	2000	3000	3333	9955	4709	0.99100	1.11189	2.10459		
04:39:35	2000	3000	3333	9955	4711	0.99100	1.11191	2.12063		
04:39:45	2000	3000	3333	9955	4712	0.99100	1.11189	2.11834		
04:39:55	2000	3000	3333	9955	4710	0.99100	1.11190	2.10078		
04:40:05	2000	3000	3333	9955	4712	0.99100	1.11191	2.09820		
04:40:16	2000	3000	3333	9955	4712	0.99100	1.11191	2.09820		
04:40:26	2000	3000	3333	9955	4715	0.99100	1.11188	2.09963		
04:40:36	2000	3000	3333	9955	4715	0.99100	1.11188	2.12099		
04:40:46	2000	3000	3333	9955	4715	0.99100	1.11189	2.11330		
04:40:56	2000	3000	3333	9955	4715	0.99100	1.11185	2.10935		
04:41:06	2000	3000	3333	9955	4714	0.99100	1.11183	2.11130		
04:41:16	2000	3000	3333	9955	4713	0.99100	1.11183	2.10926		
04:41:26	2000	3000	3333	9955	4716	0.99100	1.11189	2.09599		
04:41:36	2000	3000	3333	9955	4718	0.99100	1.11191	2.10558		
04:41:46	2000	3000	3333	9955	4720	0.99100	1.11189	2.10282		
04:41:56	2000	3000	3333	9955	4722	0.99100	1.11187	2.10742		
04:42:06	2000	3000	3333	9955	4724	0.99100	1.11190	2.10128		
04:42:16	2000	3000	3333	9955	4724	0.99100	1.11190	2.10128		
04:42:26	2000	3000	3333	9955	4728	0.99100	1.11182	2.11146		
04:42:37	2000	3000	3333	9955	4729	0.99100	1.11185	2.10533		
04:42:47	2000	3000	3333	9955	4729	0.99100	1.11182	2.11922		
04:42:57	2000	3000	3333	9955	4730	0.99100	1.11184	2.11500		
04:43:07	2000	3000	3333	9955	4730	0.99100	1.11184	2.11500		
04:43:17	2000	3000	3333	9955	4731	0.99100	1.11188	2.09780		
04:43:27	2000	3000	3333	9955	4731	0.99100	1.11188	2.09780		
04:43:37	2000	3000	3333	9955	4731	0.99100	1.11188	2.09780		
04:43:47	2000	3000	3333	9955	4732	0.99100	1.11187	2.11245		
04:43:57	2000	3000	3333	9955	4731	0.99100	1.11187	2.10987		
04:44:07	2000	3000	3333	9955	4731	0.99100	1.11196	2.11017		
04:44:17	2000	3000	3333	9955	4731	0.99100	1.11196	2.11017		
04:44:27	2000	3000	3333	9955	4733	0.99100	1.11190	2.10915		
04:44:37	2000	3000	3333	9955	4733	0.99100	1.11192	2.10631		
04:44:48	2000	3000	3333	9955	4734	0.99100	1.11193	2.08446		
04:44:58	2000	3000	3333	9955	4735	0.99100	1.11188	2.10107		
04:45:08	2000	3000	3333	9955	4735	0.99100	1.11188	2.10107		
04:45:59	2000	3000	3333	9955	4741	0.99100	1.11195	2.10597		
04:46:09	2000	3000	3333	9955	4740	0.99100	1.11194	2.09850		
04:46:19	2000	3000	3333	9955	4740	0.99100	1.11194	2.09850		
04:46:29	2000	3000	3333	9955	4745	0.99100	1.11199	2.11427		
04:46:39	2000	3000	3333	9955	4740	0.99100	1.11200	2.12160		
04:46:50	2000	3000	3333	9955	4739	0.99100	1.11198	2.11203		
04:47:00	2000	3000	3333	9955	4739	0.99100	1.11198	2.11203		
04:47:10	2000	3000	3333	9955	4739	0.99100	1.11198	2.11203		
04:47:20	2000	3000	3333	9955	4740	0.99100	1.11201	2.11803		
04:47:30	2000	3000	3333	9955	4742	0.99100	1.11199	2.11018		
04:47:40	2000	3000	3333	9955	4745	0.99100	1.11197	2.11163		
04:47:51	2000	3000	3333	9955	4747	0.99100	1.11197	2.11614		
04:48:01	2000	3000	3333	9955	4749	0.99100	1.11195	2.10637		
04:48:11	2000	3000	3333	9955	4749	0.99100	1.11198	2.10923		
04:48:21	2000	3000	3333	9955	4749	0.99100	1.11198	2.10923		
04:48:31	2000	3000	3333	9955	4754	0.99100	1.11200	2.11291		
04:48:42	2000	3000	3333	9955	4754	0.99100	1.11200	2.11291		
04:48:52	2000	3000	3333	9955	4756	0.99100	1.11201	2.09049		
04:49:02	2000	3000	3333	9955	4753	0.99100	1.11202	2.11355		
04:49:12	2000	3000	3333	9955	4743	0.99100	1.11203	2.11722		
04:49:22	2000	3000	3333	9955	4741	0.99100	1.11201	2.12265		
04:49:33	2000	3000	3333	9955	4748	0.99100	1.11202	2.10126		
04:49:43	2000	3000	3333	9955	4753	0.99100	1.11202	2.07854		
04:49:53	2000	3000	3333	9955	4754	0.99100	1.11205	2.10483		
04:50:03	2000	3000	3333	9955	4754	0.99100	1.11205	2.10483		
04:50:13	2000	3000	3333	9955	4754	0.99100	1.11202	2.08953		
04:50:23	2000	3000	3333	9955	4760	0.99100	1.11202	2.10726		
04:50:34	2000	3000	3333	9955	4761	0.99100	1.11207	2.10893		
04:50:44	2000	3000	3333	9955	4761	0.99100	1.11207	2.10893		
04:50:54	2000	3000	3333	9955	4764	0.99100	1.11206	2.10011		
04:51:04	2000	3000	3333	9955	4764	0.99100	1.11207	2.09964		
04:51:14	2000	3000	3333	9955	4764	0.99100	1.11204	2.12152		
04:51:25	2000	3000	3333	9955	4764	0.99100	1.11204	2.12152		
04:51:35	2000	3000	3333	9955	4764	0.99100	1.11204	2.12152		
04:51:45	2000	3000	3333	9955	4761	0.99100	1.11202	2.10862		
04:51:55	2000	3000	3333	9955	4762	0.99100	1.11205	2.12219		
04:52:05	2000	3000	3333	9955	4762	0.99100	1.11205	2.12219		
04:52:16	2000	3000	3333	9955	4764	0.99100	1.11207	2.12313		
04:52:26	2000	3000	3333	9955	4766	0.99100	1.11209	2.10034		
04:52:36	2000	3000	3333	9955	4768	0.99100	1.11209	2.10867		
04:52:46	2000	3000	3333	9955	4769	0.99100	1.11211	2.11237		
04:52:56	2000	3000	3333	9955	4769	0.99100	1.11216	2.10628		
04:53:06	2000	3000	3333	9955	4769	0.99100	1.11212	2.10481		
04:53:16	2000	3000	3333	9955	4768	0.99100	1.11217	2.11733		
04:53:26	2000	3000	3333	9955	4767	0.99100	1.11218	2.10731		
04:53:36	2000	3000	3333	9955	4768	0.99100	1.11217	2.10882		
04:53:46	2000	3000	3333	9955	4771	0.99100	1.11218	2.12724		
04:53:56	2000	3000	3333	9955	4773	0.99100	1.11218	2.11585		
04:54:06	2000	3000	3333	9955	4774	0.99100	1.11219	2.11959		
04:54:17	2000	3000	3333	9955	4775	0.99100	1.11219	2.12257		
04:54:27	2000	3000	3333	9955	4775	0.99100	1.11219	2.12257		
04:54:37	2000	3000	3333	9955	4774	0.99100	1.11222	2.11404		
04:54:47	2000	3000	3333	9955	4776	0.99100	1.11227	2.10014		
04:54:57	2000	3000	3333	9955	4776	0.99100	1.11227	2.10014		
04:55:07	2000	3000	3333	9955	4776	0.99100	1.11227	2.10014		
04:55:37	2000	3000	3333	9955	4785	0.99100	1.11227	2.09936		
04:55:47	2000	3000	3333	9955	4787	0.99100	1.11230	2.11236		
04:55:57	2000	3000	3333	9955	4790	0.99100	1.11232	2.10802		
04:56:07	2000	3000	3333	9955	4791	0.99100	1.11235	2.11899		
04:56:17	2000	3000	3333	9955	4791	0.99100	1.11235	2.11194		
04:56:27	2000	3000	3333	9955	4791	0.99100	1.11235	2.11194		
04:56:38	2000	3000	3333	9955	4797	0.99100	1.11239	2.11569		
04:56:48	2000	3000	3333	9955	4801	0.99100	1.11238	2.12366		
04:56:58	2000	3000	3333	9955	4805	0.99100	1.11239	2.10920		
04:57:08	2000	3000	3333	9955	4809	0.99100	1.11240	2.11429		
04:57:18	2000	3000	3333	9955	4811	0.99100	1.11239	2.09615		
04:57:28	2000	3000	3333	9955	4811	0.99100	1.11239	2.09615		
04:57:38	2000	3000	3333	9955	4817	0.99100	1.11238	2.11182		
04:57:48	2000	3000	3333	9955	4817	0.99100	1.11238	2.11182		
04:57:58	2000	3000	3333	9955	4822	0.99100	1.11241	2.12833		
04:58:08	2000	3000	3333	9955	4822	0.99100	1.11241	2.12833		
04:58:18	2000	3000	3333	9955	4826	0.99100	1.11243	2.11302		
04:58:28	2000	3000	3333	9955	4826	0.99100	1.11243	2.11302		
04:58:38	2000	3000	3333	9955	4829	0.99100	1.11247	2.12021		
04:58:49	2000	3000	3333	9955	4830	0.99100	1.11247	2.10173		
04:58:59	2000	3000	3333	9955	4836	0.99100	1.11250	2.10870		
04:59:09	2000	3000	3333	9955	4841	0.99100	1.11249	2.09782		
04:59:19	2000	3000	3333	9955	4841	0.99100	1.11249	2.09782		
04:59:29	2000	3000	3333	9955	4855	0.99100	1.11250	2.11164		
04:59:39	2000	3000	3333	9955	4860	0.99100	1.11243	2.11554		
04:59:49	2000	3000	3333	9955	4860	0.99100	1.11243	2.11554		
04:59:59	2000	3000	3333	9955	4860	0.99100	1.11243	2.11554		
05:00:10	2000	3000	3333	9955	4877	0.99100	1.11242	2.12356		
05:00:20	2000	3000	3333	9955	4883	0.99100	1.11238	2.11175		
05:00:30	2000	3000	3333	9955	4887	0.99100	1.11239	2.10977		
05:00:40	2000	3000	3333	9955	4890	0.99100	1.11235	2.11954		
05:00:50	2000	3000	3333	9955	4897	0.99100	1.11238	2.11058		
05:01:01	2000	3000	3333	9955	4901	0.99100	1.11238	2.11726		
05:01:11	2000	3000	3333	9955	4906	0.99100	1.11238	2.12277		
05:01:21	2000	3000	3333	9955	4911	0.99100	1.11235	2.11570		
05:01:31	2000	3000	3333	9955	4915	0.99100	1.11241	2.11795		
05:01:41	2000	3000	3333	9955	4915	0.99100	1.11241	2.11795		
05:01:51	2000	3000	3333	9955	4924	0.99100	1.11243	2.10866		
05:02:02	2000	3000	3333	9955	4928	0.99100	1.11242	2.10926		
05:02:12	2000	3000	3333	9955	4932	0.99100	1.11244	2.11375		
05:02:22	2000	3000	3333	9955	4932	0.99100	1.11244	2.11375		
05:02:32	2000	3000	3333	9955	4941	0.99100	1.11240	2.11171		
05:02:42	2000	3000	3333	9955	4941	0.99100	1.11240	2.11171		
05:02:53	2000	3000	3333	9955	4956	0.99100	1.11245	2.10861		
05:03:03	2000	3000	3333	9955	4962	0.99100	1.11244	2.12057		
05:03:13	2000	3000	3333	9955	4968	0.99100	1.11248	2.10957		
05:03:23	2000	3000	3333	9955	4973	0.99100	1.11241	2.11406		
05:03:33	2000	3000	3333	9955	4973	0.99100	1.11241	2.11406		
05:03:44	2000	3000	3333	9955	4980	0.99100	1.11242	2.11939		
05:03:54	2000	3000	3333	9955	4980	0.99100	1.11242	2.11939		
05:04:04	2000	3000	3333	9955	4980	0.99100	1.11242	2.11939		
05:04:14	2000	3000	3333	9955	4990	0.99100	1.11240	2.11999		
05:04:24	2000	3000	3333	9955	4990	0.99100	1.11240	2.11999		
05:04:34	2000	3000	3333	9955	5002	0.99100	1.11238	2.12297		
05:04:45	2000	3000	3333	9955	5005	0.99100	1.11247	2.11830		
05:04:55	2000	3000	3333	9955	5011	0.99100	1.11245	2.10500		
05:06:54	2000	3000	3333	9955	5017	0.99100	1.11247	2.11389		
05:07:04	2000	3000	3333	9955	5017	0.99100	1.11247	2.11389		
05:07:14	2000	3000	3333	9955	5026	0.99100	1.11247	2.12671		
05:07:24	2000	3000	3333	9955	5031	0.99100	1.11245	2.09487		
05:07:35	2000	3000	3333	9955	5036	0.99100	1.11250	2.11790		
05:07:45	2000	3000	3333	9955	5036	0.99100	1.11250	2.11790		
05:07:55	2000	3000	3333	9955	5042	0.99100	1.11243	2.12198		
05:08:05	2000	3000	3333	9955	5049	0.99100	1.11245	2.11664		
05:08:15	2000	3000	3333	9955	5051	0.99100	1.11250	2.14868		
05:08:26	2000	3000	3333	9955	5051	0.99100	1.11250	2.14868		
05:08:36	2000	3000	3333	9955	5050	0.99100	1.11252	2.11234		
05:08:46	2000	3000	3333	9955	5055	0.99100	1.11257	2.12127		
05:08:56	2000	3000	3333	9955	5064	0.99100	1.11260	2.09451		
05:09:06	2000	3000	3333	9955	5076	0.99100	1.11253	2.10044		
05:09:17	2000	3000	3333	9955	5079	0.99100	1.11256	2.11062		
05:09:27	2000	3000	3333	9955	5081	0.99100	1.11256	2.12331		
05:09:37	2000	3000	3333	9955	5090	0.99100	1.11250	2.11857		
05:09:47	2000	3000	3333	9955	5090	0.99100	1.11250	2.11857		
05:09:57	2000	3000	3333	9955	5100	0.99100	1.11251	2.10882		
05:10:07	2000	3000	3333	9955	5098	0.99100	1.11255	2.10538		
05:10:17	2000	3000	3333	9955	5092	0.99100	1.11250	2.11469		
05:10:27	2000	3000	3333	9955	5098	0.99100	1.11251	2.11440		
05:10:37	2000	3000	3333	9955	5091	0.99100	1.11245	2.12009		
05:10:47	2000	3000	3333	9955	5091	0.99100	1.11245	2.12009		
05:10:58	2000	3000	3333	9955	5111	0.99100	1.11242	2.12401		
05:11:08	2000	3000	3333	9955	5111	0.99100	1.11246	2.11221		
05:11:18	2000	3000	3333	9955	5115	0.99100	1.11252	2.13608		
05:11:28	2000	3000	3333	9955	5114	0.99100	1.11252	2.13778		
05:11:38	2000	3000	3333	9955	5116	0.99100	1.11256	2.10801		
05:11:48	2000	3000	3333	9955	5120	0.99100	1.11255	2.10285		
05:11:58	2000	3000	3333	9955	5123	0.99100	1.11252	2.12074		
05:12:08	2000	3000	3333	9955	5130	0.99100	1.11249	2.12043		
05:12:18	2000	3000	3333	9955	5134	0.99100	1.11246	2.12862		
05:12:28	2000	3000	3333	9955	5138	0.99100	1.11244	2.12592		
05:12:38	2000	3000	3333	9955	5143	0.99100	1.11243	2.11937		
05:12:48	2000	3000	3333	9955	5148	0.99100	1.11244	2.12991		
05:12:58	2000	3000	3333	9955	5148	0.99100	1.11244	2.12991		
05:13:09	2000	3000	3333	9955	5152	0.99100	1.11244	2.12375		
05:13:19	2000	3000	3333	9955	5153	0.99100	1.11250	2.12175		
05:13:29	2000	3000	3333	9955	5153	0.99100	1.11250	2.12175		
05:13:39	2000	3000	3333	9955	5153	0.99100	1.11250	2.12175		
05:14:09	2000	3000	3333	9955	5164	0.99100	1.11251	2.11736		
05:14:19	2000	3000	3333	9955	5165	0.99100	1.11250	2.12786		
05:14:29	2000	3000	3333	9955	5165	0.99100	1.11250	2.12786		
05:14:39	2000	3000	3333	9955	5165	0.99100	1.11250	2.12786		
05:14:59	2000	3000	3333	9955	5166	0.99100	1.11247	2.12495		
05:15:09	2000	3000	3333	9955	5166	0.99100	1.11247	2.11867		
05:15:20	2000	3000	3333	9955	5169	0.99100	1.11244	2.11821		
05:15:30	2000	3000	3333	9955	5169	0.99100	1.11244	2.11821		
05:15:50	2000	3000	3333	9955	5183	0.99100	1.11241	2.11199		
05:16:00	2000	3000	3333	9955	5183	0.99100	1.11241	2.11199		
05:16:10	2000	3000	3333	9955	5188	0.99100	1.11243	2.09160		
05:16:20	2000	3000	3333	9955	5188	0.99100	1.11242	2.12391		
05:16:30	2000	3000	3333	9955	5190	0.99100	1.11243	2.10235		
05:16:40	2000	3000	3333	9955	5188	0.99100	1.11242	2.11073		
05:16:50	2000	3000	3333	9955	5193	0.99100	1.11239	2.12029		
05:17:00	2000	3000	3333	9955	5198	0.99100	1.11242	2.12933		
05:17:10	2000	3000	3333	9955	5209	0.99100	1.11242	2.11688		
05:17:21	2000	3000	3333	9955	5209	0.99100	1.11242	2.11688		
05:17:31	2000	3000	3333	9955	5215	0.99100	1.11244	2.10161		
05:17:41	2000	3000	3333	9955	5215	0.99100	1.11240	2.11477		
05:17:51	2000	3000	3333	9955	5216	0.99100	1.11238	2.11615		
05:18:01	2000	3000	3333	9955	5215	0.99100	1.11233	2.11532		
05:18:11	2000	3000	3333	9955	5213	0.99100	1.11238	2.12221		
05:18:21	2000	3000	3333	9955	5213	0.99100	1.11238	2.12221		
05:18:31	2000	3000	3333	9955	5216	0.99100	1.11237	2.11985		
05:18:41	2000	3000	3333	9955	5217	0.99100	1.11230	2.13303		
05:18:51	2000	3000	3333	9955	5217	0.99100	1.11230	2.13303		
05:19:02	2000	3000	3333	9955	5217	0.99100	1.11230	2.13303		
05:19:43	2000	3000	3333	9955	5230	0.99100	1.11241	2.12655		
05:19:53	2000	3000	3333	9955	5231	0.99100	1.11247	2.11056		
05:20:03	2000	3000	3333	9955	5233	0.99100	1.11248	2.12270		
05:20:13	2000	3000	3333	9955	5233	0.99100	1.11248	2.12270		
05:20:23	2000	3000	3333	9955	5241	0.99100	1.11248	2.11633		
05:20:33	2000	3000	3333	9955	5241	0.99100	1.11248	2.11633		
05:21:04	2000	3000	3333	9955	5252	0.99100	1.11249	2.12610		
05:21:14	2000	3000	3333	9955	5258	0.99100	1.11243	2.12764		
05:21:24	2000	3000	3333	9955	5263	0.99100	1.11249	2.11442		
05:21:35	2000	3000	3333	9955	5268	0.99100	1.11246	2.12088		
05:21:45	2000	3000	3333	9955	5273	0.99100	1.11248	2.12685		
05:21:55	2000	3000	3333	9955	5272	0.99100	1.11250	2.13340		
05:22:05	2000	3000	3333	9955	5273	0.99100	1.11247	2.13076		
05:22:15	2000	3000	3333	9955	5277	0.99100	1.11246	2.13372		
05:22:25	2000	3000	3333	9955	5280	0.99100	1.11251	2.13022		
05:22:36	2000	3000	3333	9955	5286	0.99100	1.11253	2.12174		
05:22:46	2000	3000	3333	9955	5293	0.99100	1.11254	2.07570		
05:22:56	2000	3000	3333	9955	5297	0.99100	1.11254	2.11835		
05:23:06	2000	3000	3333	9955	5299	0.99100	1.11252	2.08623		
05:23:16	2000	3000	3333	9955	5301	0.99100	1.11250	2.12294		
05:23:27	2000	3000	3333	9955	5302	0.99100	1.11251	2.11679		
05:23:37	2000	3000	3333	9955	5304	0.99100	1.11253	2.12743		
05:23:47	2000	3000	3333	9955	5304	0.99100	1.11253	2.12743		
05:23:57	2000	3000	3333	9955	5306	0.99100	1.11245	2.13042		
05:24:07	2000	3000	3333	9955	5306	0.99100	1.11245	2.13042		
05:24:17	2000	3000	3333	9955	5309	0.99100	1.11249	2.12903		
05:24:28	2000	3000	3333	9955	5310	0.99100	1.11255	2.13005		
05:24:38	2000	3000	3333	9955	5310	0.99100	1.11255	2.13760		
05:24:48	2000	3000	3333	9955	5311	0.99100	1.11259	2.11909		
05:24:58	2000	3000	3333	9955	5311	0.99100	1.11259	2.11909		
05:25:08	2000	3000	3333	9955	5311	0.99100	1.11259	2.11909		
05:26:19	2000	3000	3333	9955	5332	0.99100	1.11249	2.12672		
05:26:29	2000	3000	3333	9955	5332	0.99100	1.11249	2.12672		
05:26:39	2000	3000	3333	9955	5331	0.99100	1.11248	2.13391		
05:26:49	2000	3000	3333	9955	5332	0.99100	1.11253	2.13759		
05:26:59	2000	3000	3333	9955	5332	0.99100	1.11253	2.13759		
05:27:09	2000	3000	3333	9955	5332	0.99100	1.11253	2.13759		
05:27:20	2000	3000	3333	9955	5332	0.99100	1.11253	2.12096		
05:27:30	2000	3000	3333	9955	5331	0.99100	1.11253	2.12481		
05:27:40	2000	3000	3333	9955	5331	0.99100	1.11253	2.12481		
05:27:50	2000	3000	3333	9955	5330	0.99100	1.11257	2.12515		
05:28:00	2000	3000	3333	9955	5330	0.99100	1.11257	2.12515		
05:28:10	2000	3000	3333	9955	5335	0.99100	1.11260	2.10684		
05:28:20	2000	3000	3333	9955	5334	0.99100	1.11260	2.11514		
05:28:30	2000	3000	3333	9955	5332	0.99100	1.11251	2.11628		
05:28:40	2000	3000	3333	9955	5331	0.99100	1.11252	2.10171		
05:28:50	2000	3000	3333	9955	5331	0.99100	1.11252	2.10369		
05:29:00	2000	3000	3333	9955	5331	0.99100	1.11252	2.10369		
05:29:10	2000	3000	3333	9955	5333	0.99100	1.11253	2.12879		
05:29:21	2000	3000	3333	9955	5330	0.99100	1.11251	2.12729		
05:29:31	2000	3000	3333	9955	5326	0.99100	1.11256	2.11571		
05:29:41	2000	3000	3333	9955	5326	0.99100	1.11256	2.11571		
05:29:51	2000	3000	3333	9955	5326	0.99100	1.11256	2.11571		
05:30:01	2000	3000	3333	9955	5324	0.99100	1.11247	2.10679		
05:30:11	2000	3000	3333	9955	5322	0.99100	1.11252	2.10267		
05:30:22	2000	3000	3333	9955	5325	0.99100	1.11249	2.09443		
05:30:32	2000	3000	3333	9955	5325	0.99100	1.11249	2.09443		
05:30:42	2000	3000	3333	9955	5328	0.99100	1.11249	2.11414		
05:30:52	2000	3000	3333	9955	5328	0.99100	1.11247	2.09395		
05:31:02	2000	3000	3333	9955	5328	0.99100	1.11248	2.07903		
05:31:12	2000	3000	3333	9955	5328	0.99100	1.11249	2.08792		
05:31:23	2000	3000	3333	9955	5329	0.99100	1.11249	2.09929		
05:31:33	2000	3000	3333	9955	5329	0.99100	1.11249	2.09929		
05:31:43	2000	3000	3333	9955	5330	0.99100	1.11247	2.10642		
05:31:53	2000	3000	3333	9955	5332	0.99100	1.11249	2.10856		
05:32:03	2000	3000	3333	9955	5332	0.99100	1.11249	2.10856		
05:32:24	2000	3000	3333	9955	5331	0.99100	1.11249	2.10610		
05:32:34	2000	3000	3333	9955	5331	0.99100	1.11249	2.10610		
05:32:54	2000	3000	3333	9955	5329	0.99100	1.11245	2.10490		
05:33:05	2000	3000	3333	9955	5329	0.99100	1.11245	2.10490		
05:36:28	2000	3000	3333	9955	5379	0.99100	1.11254	2.10992		
05:36:38	2000	3000	3333	9955	5382	0.99100	1.11257	2.11109		
05:36:49	2000	3000	3333	9955	5389	0.99100	1.11261	2.11153		
05:36:59	2000	3000	3333	9955	5389	0.99100	1.11261	2.11153		
05:37:09	2000	3000	3333	9955	5398	0.99100	1.11258	2.12549		
05:37:19	2000	3000	3333	9955	5401	0.99100	1.11257	2.11213		
05:37:29	2000	3000	3333	9955	5401	0.99100	1.11257	2.11213		
05:37:40	2000	3000	3333	9955	5413	0.99100	1.11257	2.08392		
05:37:50	2000	3000	3333	9955	5413	0.99100	1.11257	2.08392		
05:38:00	2000	3000	3333	9955	5428	0.99100	1.11251	2.12070		
05:38:10	2000	3000	3333	9955	5428	0.99100	1.11251	2.12070		
05:38:20	2000	3000	3333	9955	5428	0.99100	1.11251	2.12070		
05:38:30	2000	3000	3333	9955	5444	0.99100	1.11263	2.13108		
05:38:40	2000	3000	3333	9955	5442	0.99100	1.11268	2.11947		
05:38:50	2000	3000	3333	9955	5442	0.99100	1.11268	2.11947		
05:39:00	2000	3000	3333	9955	5443	0.99100	1.11267	2.10273		
05:39:10	2000	3000	3333	9955	5448	0.99100	1.11270	2.11659		
05:39:20	2000	3000	3333	9955	5450	0.99100	1.11269	2.11991		
05:39:30	2000	3000	3333	9955	5453	0.99100	1.11271	2.12808		
05:39:40	2000	3000	3333	9955	5458	0.99100	1.11273	2.12062		
05:39:51	2000	3000	3333	9955	5458	0.99100	1.11273	2.12062		
05:40:11	2000	3000	3333	9955	5483	0.99100	1.11271	2.11148		
05:40:21	2000	3000	3333	9955	5483	0.99100	1.11271	2.11148		
05:41:11	2000	3000	3333	9955	5543	0.99100	1.11258	2.11085		
05:41:21	2000	3000	3333	9955	5548	0.99100	1.11252	2.11246		
05:41:31	2000	3000	3333	9955	5553	0.99100	1.11253	2.12084		
05:41:41	2000	3000	3333	9955	5563	0.99100	1.11261	2.10207		
05:41:52	2000	3000	3333	9955	5567	0.99100	1.11262	2.12119		
05:42:02	2000	3000	3333	9955	5567	0.99100	1.11262	2.12119		
05:42:12	2000	3000	3333	9955	5561	0.99100	1.11255	2.11276		
05:42:22	2000	3000	3333	9955	5559	0.99100	1.11257	2.10497		
05:42:32	2000	3000	3333	9955	5562	0.99100	1.11250	2.12484		
05:42:42	2000	3000	3333	9955	5562	0.99100	1.11250	2.12484		
05:42:52	2000	3000	3333	9955	5562	0.99100	1.11250	2.12484		
05:43:02	2000	3000	3333	9955	5581	0.99100	1.11247	2.13346		
05:43:12	2000	3000	3333	9955	5590	0.99100	1.11248	2.13728		
05:43:22	2000	3000	3333	9955	5590	0.99100	1.11248	2.13728		
05:43:32	2000	3000	3333	9955	5598	0.99100	1.11250	2.12739		
05:43:42	2000	3000	3333	9955	5601	0.99100	1.11251	2.12170		
05:43:52	2000	3000	3333	9955	5601	0.99100	1.11251	2.12170		
05:44:03	2000	3000	3333	9955	5609	0.99100	1.11248	2.11089		
05:44:13	2000	3000	3333	9955	5607	0.99100	1.11250	2.11567		
05:44:23	2000	3000	3333	9955	5615	0.99100	1.11249	2.11297		
05:44:33	2000	3000	3333	9955	5622	0.99100	1.11243	2.12708		
05:44:43	2000	3000	3333	9955	5624	0.99100	1.11247	2.11001		
05:44:53	2000	3000	3333	9955	5626	0.99100	1.11251	2.13486		
05:45:04	2000	3000	3333	9955	5626	0.99100	1.11251	2.13486		
05:45:14	2000	3000	3333	9955	5635	0.99100	1.11247	2.10863		
05:45:24	2000	3000	3333	9955	5635	0.99100	1.11247	2.10863		
05:45:34	2000	3000	3333	9955	5635	0.99100	1.11249	2.12960		
05:45:44	2000	3000	3333	9955	5645	0.99100	1.11247	2.10202		
05:45:55	2000	3000	3333	9955	5660	0.99100	1.11245	2.12745		
05:46:05	2000	3000	3333	9955	5682	0.99100	1.11246	2.11900		
05:46:15	2000	3000	3333	9955	5694	0.99100	1.11244	2.12342		
05:46:25	2000	3000	3333	9955	5691	0.99100	1.11247	2.13046		
05:46:35	2000	3000	3333	9955	5692	0.99100	1.11249	2.11730		
05:46:46	2000	3000	3333	9955	5682	0.99100	1.11247	2.12117		
05:46:56	2000	3000	3333	9955	5682	0.99100	1.11247	2.12117		
05:47:06	2000	3000	3333	9955	5667	0.99100	1.11244	2.13978		
05:47:16	2000	3000	3333	9955	5672	0.99100	1.11248	2.13525		
05:47:26	2000	3000	3333	9955	5678	0.99100	1.11251	2.13067		
05:47:37	2000	3000	3333	9955	5695	0.99100	1.11256	2.12438		
05:47:47	2000	3000	3333	9955	5708	0.99100	1.11255	2.12394		
05:47:57	2000	3000	3333	9955	5716	0.99100	1.11254	2.10148		
05:48:07	2000	3000	3333	9955	5716	0.99100	1.11254	2.10148		
05:48:17	2000	3000	3333	9955	5726	0.99100	1.11254	2.12117		
05:48:27	2000	3000	3333	9955	5733	0.99100	1.11254	2.13286		
05:48:38	2000	3000	3333	9955	5744	0.99100	1.11251	2.10928		
05:48:48	2000	3000	3333	9955	5759	0.99100	1.11253	2.09390		
05:48:58	2000	3000	3333	9955	5759	0.99100	1.11253	2.09390		
05:49:08	2000	3000	3333	9955	5783	0.99100	1.11253	2.09950		
05:49:18	2000	3000	3333	9955	5783	0.99100	1.11250	2.13925		
05:49:29	2000	3000	3333	9955	5785	0.99100	1.11243	2.12152		
05:49:39	2000	3000	3333	9955	5788	0.99100	1.11246	2.12868		
05:49:49	2000	3000	3333	9955	5788	0.99100	1.11246	2.12868		
05:49:59	2000	3000	3333	9955	5788	0.99100	1.11246	2.12868		
07:45:02	2000	3000	3333	9955	5700	0.99100	1.11282	2.04368		
07:45:12	2000	3000	3333	9955	5698	0.99100	1.11278	2.07444		
07:45:23	2000	3000	3333	9955	5696	0.99100	1.11280	2.07838		
07:45:33	2000	3000	3333	9955	5694	0.99100	1.11278	2.08804		
07:45:43	2000	3000	3333	9955	5691	0.99100	1.11279	2.07993		
07:45:53	2000	3000	3333	9955	5689	0.99100	1.11281	2.06486		
07:46:03	2000	3000	3333	9955	5686	0.99100	1.11277	2.07591		
07:46:14	2000	3000	3333	9955	5682	0.99100	1.11283	2.08928		
07:46:24	2000	3000	3333	9955	5679	0.99100	1.11284	2.07358		
07:46:34	2000	3000	3333	9955	5679	0.99100	1.11284	2.07358		
07:46:44	2000	3000	3333	9955	5672	0.99100	1.11285	2.08278		
07:46:54	2000	3000	3333	9955	5669	0.99100	1.11284	2.06984		
07:47:05	2000	3000	3333	9955	5666	0.99100	1.11286	2.07127		
07:47:15	2000	3000	3333	9955	5666	0.99100	1.11286	2.07127		
07:47:25	2000	3000	3333	9955	5663	0.99100	1.11289	2.06636		
07:47:35	2000	3000	3333	9955	5660	0.99100	1.11290	2.07226		
07:47:45	2000	3000	3333	9955	5659	0.99100	1.11288	2.07819		
07:47:55	2000	3000	3333	9955	5659	0.99100	1.11288	2.07819		
07:48:06	2000	3000	3333	9955	5650	0.99100	1.11289	2.08302		
07:48:16	2000	3000	3333	9955	5647	0.99100	1.11287	2.08978		
07:48:26	2000	3000	3333	9955	5644	0.99100	1.11292	2.07726		
07:48:36	2000	3000	3333	9955	5642	0.99100	1.11291	2.06411		
07:48:46	2000	3000	3333	9955	5640	0.99100	1.11286	2.06877		
07:48:56	2000	3000	3333	9955	5634	0.99100	1.11290	2.06461		
07:49:06	2000	3000	3333	9955	5632	0.99100	1.11292	2.05765		
07:49:17	2000	3000	3333	9955	5628	0.99100	1.11295	2.06673		
07:49:27	2000	3000	3333	9955	5625	0.99100	1.11293	2.07135		
07:49:37	2000	3000	3333	9955	5625	0.99100	1.11293	2.07135		
07:49:47	2000	3000	3333	9955	5617	0.99100	1.11292	2.07994		
07:49:57	2000	3000	3333	9955	5617	0.99100	1.11292	2.07994		
07:50:07	2000	3000	3333	9955	5621	0.99100	1.11289	2.04803		
07:50:17	2000	3000	3333	9955	5622	0.99100	1.11291	2.07865		
07:50:27	2000	3000	3333	9955	5622	0.99100	1.11291	2.07865		
07:50:37	2000	3000	3333	9955	5617	0.99100	1.11293	2.06564		
07:50:47	2000	3000	3333	9955	5617	0.99100	1.11293	2.06564		
07:50:57	2000	3000	3333	9955	5610	0.99100	1.11290	2.07484		
07:51:07	2000	3000	3333	9955	5610	0.99100	1.11290	2.07484		
07:51:17	2000	3000	3333	9955	5604	0.99100	1.11291	2.06983		
07:51:27	2000	3000	3333	9955	5601	0.99100	1.11286	2.07389		
07:51:38	2000	3000	3333	9955	5598	0.99100	1.11289	2.06250		
07:51:48	2000	3000	3333	9955	5595	0.99100	1.11289	2.07757		
07:51:58	2000	3000	3333	9955	5600	0.99100	1.11288	2.06423		
07:52:08	2000	3000	3333	9955	5600	0.99100	1.11288	2.06423		
07:52:18	2000	3000	3333	9955	5614	0.99100	1.11288	2.06796		
07:52:28	2000	3000	3333	9955	5619	0.99100	1.11294	2.06195		
07:52:38	2000	3000	3333	9955	5626	0.99100	1.11289	2.06176		
07:52:48	2000	3000	3333	9955	5627	0.99100	1.11293	2.06960		
07:52:58	2000	3000	3333	9955	5632	0.99100	1.11285	2.05504		
07:53:08	2000	3000	3333	9955	5632	0.99100	1.11285	2.05504		
07:53:18	2000	3000	3333	9955	5632	0.99100	1.11285	2.05504		
07:53:28	2000	3000	3333	9955	5631	0.99100	1.11279	2.07093		
07:53:38	2000	3000	3333	9955	5631	0.99100	1.11279	2.07093		
07:53:49	2000	3000	3333	9955	5624	0.99100	1.11283	2.07389		
07:53:59	2000	3000	3333	9955	5620	0.99100	1.11282	2.08357		
07:54:09	2000	3000	3333	9955	5615	0.99100	1.11285	2.08509		
07:54:19	2000	3000	3333	9955	5613	0.99100	1.11285	2.08228		
07:54:29	2000	3000	3333	9955	5614	0.99100	1.11289	2.08780		
07:54:39	2000	3000	3333	9955	5614	0.99100	1.11295	2.08560		
07:54:49	2000	3000	3333	9955	5614	0.99100	1.11295	2.08560		
07:54:59	2000	3000	3333	9955	5610	0.99100	1.11296	2.07012		
07:55:09	2000	3000	3333	9955	5611	0.99100	1.11299	2.06407		
07:55:19	2000	3000	3333	9955	5612	0.99100	1.11298	2.05704		
07:55:29	2000	3000	3333	9955	5612	0.99100	1.11297	2.05118		
07:55:39	2000	3000	3333	9955	5613	0.99100	1.11294	2.06271		
07:55:49	2000	3000	3333	9955	5614	0.99100	1.11297	2.03066		
07:56:00	2000	3000	3333	9955	5613	0.99100	1.11294	2.07418		
07:56:10	2000	3000	3333	9955	5613	0.99100	1.11294	2.07418		
07:56:20	2000	3000	3333	9955	5608	0.99100	1.11290	2.06773		
07:56:30	2000	3000	3333	9955	5605	0.99100	1.11291	2.07419		
07:56:40	2000	3000	3333	9955	5605	0.99100	1.11291	2.07419		
07:56:50	2000	3000	3333	9955	5598	0.99100	1.11291	2.07388		
07:57:00	2000	3000	3333	9955	5595	0.99100	1.11290	2.07021		
07:57:10	2000	3000	3333	9955	5595	0.99100	1.11290	2.07021		
07:57:30	2000	3000	3333	9955	5581	0.99100	1.11288	2.07557		
07:57:40	2000	3000	3333	9955	5581	0.99100	1.11288	2.07557		
07:57:50	2000	3000	3333	9955	5581	0.99100	1.11288	2.07557		
08:00:01	2000	3000	3333	9955	5554	0.99100	1.11293	2.07464		
08:00:11	2000	3000	3333	9955	5554	0.99100	1.11293	2.07464		
13:08:25	2000	3000	3333	9955	122	0.99100	1.11630	2.00723		
13:08:35	2000	3000	3333	9955	122	0.99100	1.11630	2.00723		
13:09:15	2000	3000	3333	9955	108	0.99100	1.11636	2.00831		
13:09:25	2000	3000	3333	9955	108	0.99100	1.11636	2.00831		
13:09:35	2000	3000	3333	9955	108	0.99100	1.11636	2.00831		
13:10:26	2000	3000	3333	9955	93	0.99100	1.11629	2.01310		
13:10:36	2000	3000	3333	9955	93	0.99100	1.11629	2.01310		
13:10:46	2000	3000	3333	9955	89	0.99100	1.11626	2.01009		
13:10:56	2000	3000	3333	9955	89	0.99100	1.11626	2.01009		
13:11:06	2000	3000	3333	9955	89	0.99100	1.11626	2.01009		
13:11:56	2000	3000	3333	9955	76	0.99100	1.11631	2.01325		
13:12:06	2000	3000	3333	9955	75	0.99100	1.11628	2.01449		
13:12:16	2000	3000	3333	9955	75	0.99100	1.11628	2.01449		
13:12:57	2000	3000	3333	9955	66	0.99100	1.11630	2.00811		
13:13:07	2000	3000	3333	9955	66	0.99100	1.11630	2.00811		
13:13:17	2000	3000	3333	9955	63	0.99100	1.11633	2.00843		
13:13:27	2000	3000	3333	9955	63	0.99100	1.11633	2.00843		
13:14:07	2000	3000	3333	9955	52	0.99100	1.11644	2.00863		
13:14:17	2000	3000	3333	9955	52	0.99100	1.11644	2.00863		
13:14:27	2000	3000	3333	9955	49	0.99100	1.11647	2.01202		
13:14:38	2000	3000	3333	9955	49	0.99100	1.11647	2.01202		
13:14:48	2000	3000	3333	9955	49	0.99100	1.11647	2.01202		
13:15:18	2000	3000	3333	9955	42	0.99100	1.11656	2.01418		
13:15:28	2000	3000	3333	9955	42	0.99100	1.11656	2.01418		
13:15:38	2000	3000	3333	9955	42	0.99100	1.11656	2.01418		
13:15:48	2000	3000	3333	9955	39	0.99100	1.11658	2.00997		
13:15:58	2000	3000	3333	9955	39	0.99100	1.11658	2.00997		
13:16:08	2000	3000	3333	9955	39	0.99100	1.11658	2.00997		
13:17:29	2000	3000	3333	9955	35	0.99100	1.11668	2.00896		
13:17:39	2000	3000	3333	9955	35	0.99100	1.11668	2.00896		
13:18:00	2000	3000	3333	9955	34	0.99100	1.11670	2.00962		
13:18:10	2000	3000	3333	9955	34	0.99100	1.11670	2.00962		
13:18:20	2000	3000	3333	9955	34	0.99100	1.11670	2.00962		
16:23:13	2000	3000	3333	9955	2	0.99100	1.11501	2.02886		
16:23:23	2000	3000	3333	9955	2	0.99100	1.11501	2.02886		
16:23:33	2000	3000	3333	9955	2	0.99100	1.11501	2.02886		
