

			DELHI AIRPORT : 30 m Base line


Time	RVR	 MOR	RVR	MOR	BLM	Trf	 Ref(v)	PD(v)
	(limited)	(limited)	(actual)	(actual)



			DELHI AIRPORT : 30 m Base line


Time	RVR	 MOR	RVR	MOR	BLM	Trf	 Ref(v)	PD(v)
	(limited)	(limited)	(actual)	(actual)

07:35:41	2000	3000	1659	9955	988	0.99100	1.10747	2.10771		
07:35:51	2000	3000	3318	9955	988	0.99100	1.10747	2.10771		
07:36:01	2000	3000	3333	9955	988	0.99100	1.10747	2.10771		
07:36:31	2000	3000	3333	9955	814	0.99100	1.10723	2.10507		
07:36:41	2000	3000	3333	9955	814	0.99100	1.10723	2.10507		
07:36:51	2000	3000	3333	9955	806	0.99100	1.10711	2.11531		
07:37:01	2000	3000	3333	9955	806	0.99100	1.10711	2.11531		
08:13:14	2000	3000	3333	9955	3334	0.99100	1.10391	2.18434		
08:13:24	2000	3000	3333	9955	3334	0.99100	1.10391	2.18434		
08:13:34	2000	3000	3333	9955	3388	0.99100	1.10388	2.18256		
08:13:44	2000	3000	3333	9955	3388	0.99100	1.10388	2.18256		
08:14:04	2000	3000	3333	9955	3459	0.99100	1.10402	2.16809		
08:14:14	2000	3000	3333	9955	3485	0.99100	1.10403	2.16032		
08:14:24	2000	3000	3333	9955	3485	0.99100	1.10403	2.16032		
15:36:54	2000	3000	3333	9955	2	0.99100	1.10696	2.11881		
15:37:04	2000	3000	3333	9955	2	0.99100	1.10696	2.11881		
15:37:14	2000	3000	3333	9955	2	0.99100	1.10696	2.11881		
