

			DELHI AIRPORT : RWY 11 Beg


Time	RVR	 MOR	RVR	MOR	BLM	Trf	 DC(v)	PD(v)
	(limited)	(limited)	(actual)	(actual)



			DELHI AIRPORT : RWY 11 Beg


Time	RVR	 MOR	RVR	MOR	BLM	Trf	 DC(v)	PD(v)
	(limited)	(limited)	(actual)	(actual)

03:18:31	2000	3000	582	3494	9989	0.97457	3.31275	4.69498		
03:18:41	2000	3000	1151	3414	9989	0.97398	3.31259	4.69163		
03:18:51	2000	3000	1715	3382	9989	0.97374	3.31267	4.69044		
03:19:01	2000	3000	2280	3391	9989	0.97381	3.31246	4.69051		
03:19:11	2000	3000	2848	3410	9989	0.97395	3.31238	4.69118		
03:19:21	2000	3000	3333	3481	9989	0.97448	3.31219	4.69368		
03:19:31	2000	3000	3333	3502	9989	0.97463	3.31210	4.69436		
03:19:41	2000	3000	3333	3469	9989	0.97439	3.31206	4.69304		
03:19:51	2000	3000	3333	3508	9989	0.97467	3.31201	4.69444		
03:20:01	2000	3000	3333	3580	9989	0.97517	3.31171	4.69669		
03:20:11	2000	3000	3333	3465	9989	0.97436	3.31172	4.69241		
03:20:21	2000	3000	3333	3379	9989	0.97372	3.31154	4.68873		
03:20:31	2000	3000	3333	3468	9989	0.97438	3.31142	4.69208		
03:20:41	2000	3000	3333	3500	9989	0.97461	3.31147	4.69339		
03:20:51	2000	3000	3333	3410	9989	0.97395	3.31128	4.68961		
03:21:01	2000	3000	3333	3435	9989	0.97414	3.31127	4.69061		
03:21:11	2000	3000	3333	3450	9989	0.97425	3.31113	4.69097		
03:21:21	2000	3000	3333	3458	9989	0.97431	3.31107	4.69120		
03:21:31	2000	3000	3333	3458	9989	0.97431	3.31107	4.69120		
03:21:41	2000	3000	3333	3486	9989	0.97451	3.31084	4.69195		
03:21:51	2000	3000	3333	3441	9989	0.97418	3.31157	4.69124		
03:22:01	2000	3000	3333	3394	9989	0.97383	3.31142	4.68916		
03:22:11	2000	3000	3333	3431	9989	0.97411	3.31090	4.68990		
03:22:21	2000	3000	3333	3367	9989	0.97362	3.31080	4.68720		
03:22:31	2000	3000	3333	3461	9989	0.97433	3.31085	4.69100		
03:22:41	2000	3000	3333	3399	9989	0.97387	3.31101	4.68878		
03:22:51	2000	3000	3333	3325	9989	0.97330	3.31081	4.68548		
03:23:01	2000	3000	3333	3373	9989	0.97367	3.31094	4.68766		
03:23:11	2000	3000	3333	3469	9989	0.97439	3.31061	4.69097		
03:23:21	2000	3000	3333	3364	9989	0.97360	3.31069	4.68692		
03:23:31	2000	3000	3333	3579	9989	0.97517	3.31075	4.69528		
03:23:41	2000	3000	3333	3368	9989	0.97363	3.31106	4.68761		
03:23:51	2000	3000	3333	3349	9989	0.97348	3.31042	4.68591		
03:24:01	2000	3000	3333	3374	9989	0.97368	3.31018	4.68662		
03:24:11	2000	3000	3333	3376	9989	0.97369	3.31025	4.68677		
03:24:21	2000	3000	3333	3450	9989	0.97425	3.31023	4.68972		
03:24:31	2000	3000	3333	3464	9989	0.97435	3.30990	4.68978		
03:24:41	2000	3000	3333	3454	9989	0.97428	3.31002	4.68956		
03:24:51	2000	3000	3333	3405	9989	0.97392	3.31002	4.68765		
03:25:01	2000	3000	3333	3458	9989	0.97431	3.31009	4.68982		
03:25:11	2000	3000	3333	3382	9989	0.97374	3.30992	4.68658		
03:25:21	2000	3000	3333	3494	9989	0.97457	3.30978	4.69077		
03:25:31	2000	3000	3333	3374	9989	0.97368	3.30976	4.68603		
03:25:41	2000	3000	3333	3485	9989	0.97451	3.30972	4.69034		
03:25:51	2000	3000	3333	3493	9989	0.97456	3.30981	4.69077		
03:26:01	2000	3000	3333	3469	9989	0.97439	3.30947	4.68937		
03:26:11	2000	3000	3333	3479	9989	0.97447	3.30953	4.68985		
03:26:21	2000	3000	3333	3446	9989	0.97422	3.30960	4.68865		
03:26:31	2000	3000	3333	3493	9989	0.97457	3.31007	4.69115		
03:26:41	2000	3000	3333	3476	9989	0.97444	3.30953	4.68972		
03:26:51	2000	3000	3333	3475	9989	0.97443	3.30955	4.68969		
03:27:01	2000	3000	3333	3501	9989	0.97462	3.31040	4.69192		
03:27:11	2000	3000	3333	3409	9989	0.97395	3.30965	4.68728		
03:27:21	2000	3000	3333	3567	9989	0.97509	3.30951	4.69311		
03:27:31	2000	3000	3333	3546	9989	0.97494	3.30960	4.69245		
03:27:41	2000	3000	3333	3311	9989	0.97319	3.30962	4.68321		
03:27:51	2000	3000	3333	3449	9989	0.97424	3.30930	4.68835		
03:28:01	2000	3000	3333	3392	9989	0.97382	3.31039	4.68763		
03:28:11	2000	3000	3333	3413	9989	0.97398	3.30937	4.68705		
03:28:21	2000	3000	3333	3494	9989	0.97457	3.30943	4.69025		
03:28:31	2000	3000	3333	3500	9989	0.97461	3.30948	4.69056		
03:28:41	2000	3000	3333	3377	9989	0.97370	3.30997	4.68643		
03:28:51	2000	3000	3333	3440	9989	0.97418	3.31097	4.69037		
03:29:01	2000	3000	3333	3401	9989	0.97388	3.31019	4.68771		
03:29:11	2000	3000	3333	3374	9989	0.97368	3.31027	4.68672		
03:29:21	2000	3000	3333	3396	9989	0.97385	3.30893	4.68573		
03:29:31	2000	3000	3333	3460	9989	0.97433	3.30879	4.68807		
03:29:41	2000	3000	3333	3394	9989	0.97383	3.30923	4.68609		
03:29:51	2000	3000	3333	3393	9989	0.97382	3.30970	4.68669		
03:30:01	2000	3000	3333	3513	9989	0.97471	3.30956	4.69116		
03:30:11	2000	3000	3333	3526	9989	0.97480	3.30940	4.69143		
03:30:21	2000	3000	3333	3425	9989	0.97407	3.30959	4.68782		
03:30:31	2000	3000	3333	3425	9989	0.97407	3.30959	4.68782		
03:30:41	2000	3000	3333	3463	9989	0.97434	3.30936	4.68896		
03:30:51	2000	3000	3333	3497	9989	0.97459	3.30835	4.68886		
03:31:01	2000	3000	3333	3270	9989	0.97285	3.30877	4.68026		
03:31:11	2000	3000	3333	3343	9989	0.97343	3.30824	4.68257		
03:31:21	2000	3000	3333	3364	9989	0.97360	3.30845	4.68376		
03:31:31	2000	3000	3333	3298	9989	0.97308	3.30804	4.68042		
03:31:41	2000	3000	3333	3240	9989	0.97261	3.30813	4.67805		
03:31:51	2000	3000	3284	3194	9989	0.97221	3.30820	4.67607		
03:32:01	2000	3000	3273	3203	9989	0.97229	3.30806	4.67629		
03:32:11	2000	3000	3252	3217	9989	0.97241	3.30815	4.67702		
03:32:21	2000	3000	3232	3240	9989	0.97261	3.30820	4.67815		
03:32:31	2000	3000	3234	3315	9989	0.97321	3.30824	4.68140		
03:32:41	2000	3000	3233	3230	9989	0.97252	3.30856	4.67819		
03:32:51	2000	3000	3232	3187	9989	0.97215	3.30826	4.67582		
03:33:01	2000	3000	3247	3298	9989	0.97308	3.30813	4.68053		
03:33:11	2000	3000	3268	3343	9989	0.97344	3.30813	4.68243		
03:33:21	2000	3000	3281	3316	9989	0.97322	3.30855	4.68190		
03:33:31	2000	3000	3294	3393	9989	0.97382	3.30816	4.68451		
03:33:41	2000	3000	3312	3339	9989	0.97341	3.30833	4.68255		
03:33:51	2000	3000	3333	3364	9989	0.97360	3.30798	4.68307		
03:34:01	2000	3000	3333	3356	9989	0.97354	3.30804	4.68285		
03:34:11	2000	3000	3333	3375	9989	0.97369	3.30811	4.68372		
03:34:21	2000	3000	3333	3355	9989	0.97353	3.30813	4.68294		
03:34:31	2000	3000	3333	3364	9989	0.97360	3.30763	4.68260		
03:34:41	2000	3000	3333	3286	9989	0.97298	3.30745	4.67907		
03:34:51	2000	3000	3333	3417	9989	0.97401	3.30750	4.68456		
03:35:01	2000	3000	3333	3440	9989	0.97418	3.30802	4.68618		
03:35:11	2000	3000	3333	3335	9989	0.97337	3.30801	4.68191		
03:35:21	2000	3000	3333	3391	9989	0.97381	3.30749	4.68348		
03:35:31	2000	3000	3333	3397	9989	0.97386	3.30771	4.68406		
03:35:41	2000	3000	3333	3362	9989	0.97359	3.30791	4.68291		
03:35:51	2000	3000	3333	3413	9989	0.97398	3.30816	4.68532		
03:36:01	2000	3000	3333	3424	9989	0.97406	3.30735	4.68461		
03:36:11	2000	3000	3333	3443	9989	0.97420	3.30770	4.68585		
03:36:21	2000	3000	3333	3382	9989	0.97374	3.30729	4.68286		
03:36:31	2000	3000	3333	3391	9989	0.97381	3.30709	4.68294		
03:36:41	2000	3000	3333	3391	9989	0.97380	3.30752	4.68351		
03:36:51	2000	3000	3333	3352	9989	0.97351	3.30735	4.68172		
03:37:01	2000	3000	3333	3364	9989	0.97360	3.30768	4.68268		
03:37:11	2000	3000	3333	3317	9989	0.97323	3.30734	4.68024		
03:37:21	2000	3000	3333	3389	9989	0.97379	3.30814	4.68433		
03:37:31	2000	3000	3333	3396	9989	0.97385	3.30710	4.68313		
03:37:41	2000	3000	3333	3422	9989	0.97404	3.30719	4.68429		
03:37:51	2000	3000	3333	3427	9989	0.97408	3.30694	4.68415		
03:38:01	2000	3000	3333	3349	9989	0.97348	3.30678	4.68077		
03:38:11	2000	3000	3333	3411	9989	0.97396	3.30667	4.68313		
03:38:21	2000	3000	3333	3245	9989	0.97264	3.30672	4.67625		
03:38:31	2000	3000	3333	3346	9989	0.97346	3.30725	4.68132		
03:38:41	2000	3000	3333	3257	9989	0.97275	3.30709	4.67732		
03:38:51	2000	3000	3333	3509	9989	0.97468	3.30670	4.68698		
03:39:01	2000	3000	3333	3427	9989	0.97408	3.30660	4.68367		
03:39:11	2000	3000	3333	3392	9989	0.97382	3.30650	4.68214		
03:39:21	2000	3000	3333	3444	9989	0.97420	3.30660	4.68431		
03:39:31	2000	3000	3333	3444	9989	0.97420	3.30660	4.68431		
06:27:01	2000	3000	3333	3581	9989	0.97518	3.28559	4.65969		
06:27:11	2000	3000	3333	3497	9989	0.97459	3.28536	4.65626		
06:27:21	2000	3000	3333	3521	9989	0.97476	3.28537	4.65718		
06:27:31	2000	3000	3333	3516	9989	0.97473	3.28544	4.65708		
06:27:41	2000	3000	3333	3497	9989	0.97460	3.28562	4.65665		
06:27:51	2000	3000	3333	3547	9989	0.97495	3.28570	4.65860		
06:28:01	2000	3000	3333	3480	9989	0.97447	3.28559	4.65593		
06:28:11	2000	3000	3333	3463	9989	0.97434	3.28542	4.65505		
06:28:21	2000	3000	3333	3465	9989	0.97436	3.28548	4.65523		
06:28:31	2000	3000	3333	3429	9989	0.97409	3.28542	4.65372		
06:28:41	2000	3000	3333	3429	9989	0.97409	3.28542	4.65372		
06:28:51	2000	3000	3333	3429	9989	0.97409	3.28542	4.65372		
06:37:51	2000	3000	3333	3625	9989	0.97548	3.28342	4.65817		
06:38:01	2000	3000	3333	3595	9989	0.97528	3.28313	4.65669		
06:38:11	2000	3000	3333	3570	9989	0.97511	3.28293	4.65552		
06:38:21	2000	3000	3333	3598	9989	0.97529	3.28297	4.65656		
06:38:31	2000	3000	3333	3598	9989	0.97529	3.28297	4.65656		
06:38:41	2000	3000	3333	3598	9989	0.97529	3.28297	4.65656		
06:49:31	2000	3000	3333	3424	9989	0.97405	3.28185	4.64847		
06:49:41	2000	3000	3333	3441	9989	0.97418	3.28196	4.64931		
06:49:51	2000	3000	3333	3446	9989	0.97422	3.28207	4.64965		
06:50:01	2000	3000	3333	3498	9989	0.97460	3.28216	4.65177		
06:50:11	2000	3000	3333	3449	9989	0.97425	3.28217	4.64993		
06:50:21	2000	3000	3333	3449	9989	0.97425	3.28217	4.64993		
06:50:31	2000	3000	3333	3440	9989	0.97418	3.28187	4.64915		
06:50:41	2000	3000	3333	3604	9989	0.97534	3.28199	4.65541		
06:50:51	2000	3000	3333	3513	9989	0.97471	3.28193	4.65202		
06:51:01	2000	3000	3333	3513	9989	0.97471	3.28193	4.65202		
06:51:11	2000	3000	3333	3532	9989	0.97484	3.28209	4.65295		
06:51:21	2000	3000	3333	3532	9989	0.97484	3.28209	4.65295		
06:51:31	2000	3000	3333	3523	9989	0.97478	3.28213	4.65265		
06:51:41	2000	3000	3333	3500	9989	0.97461	3.28225	4.65197		
06:51:51	2000	3000	3333	3504	9989	0.97464	3.28167	4.65131		
06:52:01	2000	3000	3333	3526	9989	0.97479	3.28189	4.65241		
06:52:11	2000	3000	3333	3443	9989	0.97420	3.28173	4.64906		
06:52:21	2000	3000	3333	3516	9989	0.97472	3.28186	4.65200		
06:52:31	2000	3000	3333	3609	9989	0.97537	3.28175	4.65524		
06:52:41	2000	3000	3333	3572	9989	0.97512	3.28182	4.65400		
06:52:51	2000	3000	3333	3606	9989	0.97535	3.28185	4.65528		
06:53:01	2000	3000	3333	3521	9989	0.97476	3.28197	4.65234		
06:53:11	2000	3000	3333	3484	9989	0.97450	3.28199	4.65099		
06:53:21	2000	3000	3333	3576	9989	0.97515	3.28199	4.65441		
06:53:31	2000	3000	3333	3485	9989	0.97451	3.28231	4.65149		
06:53:41	2000	3000	3333	3502	9989	0.97463	3.28230	4.65211		
06:53:51	2000	3000	3333	3574	9989	0.97513	3.28199	4.65433		
06:54:01	2000	3000	3333	3514	9989	0.97472	3.28216	4.65238		
06:54:11	2000	3000	3333	3514	9989	0.97472	3.28216	4.65238		
06:54:21	2000	3000	3333	3467	9989	0.97438	3.28202	4.65041		
06:54:31	2000	3000	3333	3588	9989	0.97523	3.28217	4.65508		
06:54:41	2000	3000	3333	3574	9989	0.97513	3.28217	4.65456		
06:54:51	2000	3000	3333	3561	9989	0.97505	3.28174	4.65351		
06:55:01	2000	3000	3333	3501	9989	0.97462	3.28228	4.65205		
06:55:11	2000	3000	3333	3567	9989	0.97509	3.28207	4.65420		
06:55:21	2000	3000	3333	3473	9989	0.97442	3.28083	4.64895		
06:55:31	2000	3000	3333	3611	9989	0.97539	3.28003	4.65287		
06:55:41	2000	3000	3333	3580	9989	0.97518	3.28105	4.65322		
06:55:51	2000	3000	3333	3580	9989	0.97518	3.28105	4.65322		
06:56:11	2000	3000	3333	3569	9989	0.97510	3.27943	4.65051		
06:56:21	2000	3000	3333	3568	9989	0.97509	3.27935	4.65036		
06:56:31	2000	3000	3333	3612	9989	0.97539	3.27876	4.65108		
06:56:41	2000	3000	3333	3570	9989	0.97511	3.27934	4.65043		
06:56:51	2000	3000	3333	3524	9989	0.97478	3.27880	4.64796		
06:57:01	2000	3000	3333	3683	9989	0.97586	3.27861	4.65333		
06:57:11	2000	3000	3333	3685	9989	0.97587	3.27869	4.65351		
06:57:21	2000	3000	3333	3609	9989	0.97537	3.27861	4.65077		
06:57:31	2000	3000	3333	3676	9989	0.97581	3.27882	4.65340		
06:57:41	2000	3000	3333	3676	9989	0.97581	3.27882	4.65340		
06:57:51	2000	3000	3333	3673	9989	0.97580	3.27872	4.65316		
06:58:01	2000	3000	3333	3531	9989	0.97483	3.27878	4.64821		
06:58:11	2000	3000	3333	3608	9989	0.97536	3.27895	4.65121		
06:58:21	2000	3000	3333	3607	9989	0.97536	3.27901	4.65127		
06:58:31	2000	3000	3333	3655	9989	0.97568	3.27903	4.65297		
06:58:41	2000	3000	3333	3676	9989	0.97581	3.27907	4.65374		
06:58:51	2000	3000	3333	3590	9989	0.97524	3.27918	4.65092		
06:59:01	2000	3000	3333	3618	9989	0.97543	3.27921	4.65195		
06:59:11	2000	3000	3333	3549	9989	0.97496	3.27948	4.64987		
06:59:21	2000	3000	3333	3596	9989	0.97528	3.27937	4.65138		
06:59:31	2000	3000	3333	3510	9989	0.97468	3.27928	4.64812		
06:59:41	2000	3000	3333	3595	9989	0.97528	3.27929	4.65125		
06:59:51	2000	3000	3333	3617	9989	0.97542	3.27927	4.65198		
07:00:01	2000	3000	3333	3579	9989	0.97517	3.27921	4.65056		
07:00:11	2000	3000	3333	3688	9989	0.97589	3.27956	4.65486		
07:00:21	2000	3000	3333	3551	9989	0.97497	3.27957	4.65006		
07:00:31	2000	3000	3333	3557	9989	0.97502	3.27945	4.65011		
07:00:41	2000	3000	3333	3646	9989	0.97562	3.27953	4.65337		
07:00:51	2000	3000	3333	3646	9989	0.97562	3.27953	4.65337		
07:01:01	2000	3000	3333	3616	9989	0.97542	3.27963	4.65246		
07:01:11	2000	3000	3333	3624	9989	0.97547	3.27945	4.65248		
07:01:21	2000	3000	3333	3558	9989	0.97502	3.27960	4.65035		
07:01:31	2000	3000	3333	3588	9989	0.97523	3.27940	4.65116		
07:01:41	2000	3000	3333	3507	9989	0.97466	3.27932	4.64808		
07:01:51	2000	3000	3333	3643	9989	0.97560	3.27935	4.65301		
07:02:01	2000	3000	3333	3620	9989	0.97544	3.27935	4.65220		
07:02:11	2000	3000	3333	3608	9989	0.97536	3.27912	4.65146		
07:02:21	2000	3000	3333	3608	9989	0.97536	3.27912	4.65146		
07:02:31	2000	3000	3333	3617	9989	0.97542	3.27950	4.65231		
07:02:41	2000	3000	3333	3617	9989	0.97542	3.27950	4.65231		
07:02:51	2000	3000	3333	3577	9989	0.97516	3.27933	4.65067		
07:03:01	2000	3000	3333	3580	9989	0.97517	3.27917	4.65053		
07:03:11	2000	3000	3333	3628	9989	0.97550	3.27913	4.65219		
07:03:21	2000	3000	3333	3628	9989	0.97550	3.27915	4.65220		
07:03:31	2000	3000	3333	3560	9989	0.97504	3.27911	4.64975		
07:03:41	2000	3000	3333	3608	9989	0.97537	3.27933	4.65177		
07:03:51	2000	3000	3333	3543	9989	0.97492	3.27916	4.64918		
07:04:01	2000	3000	3333	3559	9989	0.97503	3.27923	4.64985		
07:04:11	2000	3000	3333	3619	9989	0.97544	3.27933	4.65214		
07:04:21	2000	3000	3333	3625	9989	0.97548	3.27927	4.65227		
07:04:31	2000	3000	3333	3588	9989	0.97523	3.27952	4.65131		
07:04:41	2000	3000	3333	3554	9989	0.97500	3.27951	4.65009		
07:04:51	2000	3000	3333	3629	9989	0.97550	3.27974	4.65307		
07:05:01	2000	3000	3333	3574	9989	0.97513	3.27970	4.65106		
07:05:11	2000	3000	3333	3491	9989	0.97455	3.27954	4.64780		
07:05:21	2000	3000	3333	3600	9989	0.97531	3.27961	4.65189		
07:05:31	2000	3000	3333	3482	9989	0.97448	3.27983	4.64786		
07:05:41	2000	3000	3333	3470	9989	0.97439	3.27967	4.64716		
07:05:51	2000	3000	3333	3595	9989	0.97528	3.28011	4.65242		
07:06:01	2000	3000	3333	3556	9989	0.97501	3.28028	4.65123		
07:06:11	2000	3000	3333	3521	9989	0.97476	3.28015	4.64976		
07:06:21	2000	3000	3333	3518	9989	0.97474	3.28010	4.64960		
07:06:31	2000	3000	3333	3478	9989	0.97446	3.27996	4.64790		
07:06:41	2000	3000	3333	3414	9989	0.97398	3.28015	4.64567		
07:06:51	2000	3000	3333	3526	9989	0.97480	3.28004	4.64981		
07:07:01	2000	3000	3333	3526	9989	0.97480	3.28004	4.64981		
07:07:11	2000	3000	3333	3463	9989	0.97434	3.28043	4.64797		
07:07:21	2000	3000	3333	3483	9989	0.97449	3.28060	4.64900		
07:07:31	2000	3000	3333	3610	9989	0.97538	3.28061	4.65366		
07:07:41	2000	3000	3333	3476	9989	0.97444	3.28079	4.64899		
07:07:51	2000	3000	3333	3475	9989	0.97443	3.28078	4.64894		
07:08:01	2000	3000	3333	3556	9989	0.97501	3.28068	4.65183		
07:08:11	2000	3000	3333	3515	9989	0.97472	3.28099	4.65076		
07:08:21	2000	3000	3333	3445	9989	0.97422	3.28096	4.64806		
07:08:31	2000	3000	3333	3483	9989	0.97449	3.28100	4.64956		
07:08:41	2000	3000	3333	3519	9989	0.97475	3.28095	4.65083		
07:08:51	2000	3000	3333	3474	9989	0.97443	3.28109	4.64934		
07:09:01	2000	3000	3333	3507	9989	0.97467	3.28152	4.65121		
07:09:11	2000	3000	3333	3459	9989	0.97432	3.28153	4.64941		
07:09:21	2000	3000	3333	3510	9989	0.97468	3.28135	4.65106		
07:09:31	2000	3000	3333	3475	9989	0.97443	3.28130	4.64968		
07:09:41	2000	3000	3333	3487	9989	0.97452	3.28118	4.64995		
07:09:51	2000	3000	3333	3480	9989	0.97447	3.28123	4.64976		
07:10:01	2000	3000	3333	3493	9989	0.97456	3.28106	4.65001		
07:10:11	2000	3000	3333	3493	9989	0.97456	3.28106	4.65001		
07:10:21	2000	3000	3333	3474	9989	0.97442	3.28087	4.64902		
07:10:31	2000	3000	3333	3422	9989	0.97404	3.28093	4.64711		
07:10:41	2000	3000	3333	3482	9989	0.97448	3.28074	4.64915		
07:10:51	2000	3000	3333	3510	9989	0.97469	3.28083	4.65034		
07:11:01	2000	3000	3333	3490	9989	0.97454	3.28103	4.64985		
07:11:11	2000	3000	3333	3482	9989	0.97449	3.28086	4.64933		
07:11:21	2000	3000	3333	3467	9989	0.97437	3.28118	4.64920		
07:11:31	2000	3000	3333	3423	9989	0.97405	3.28114	4.64744		
07:11:41	2000	3000	3333	3430	9989	0.97410	3.28097	4.64748		
07:11:51	2000	3000	3333	3365	9989	0.97361	3.28098	4.64490		
07:12:01	2000	3000	3333	3415	9989	0.97399	3.28092	4.64683		
07:12:11	2000	3000	3333	3570	9989	0.97511	3.28138	4.65333		
07:12:21	2000	3000	3333	3496	9989	0.97458	3.28140	4.65061		
07:12:31	2000	3000	3333	3517	9989	0.97474	3.28150	4.65156		
07:12:41	2000	3000	3333	3495	9989	0.97457	3.28135	4.65049		
07:12:51	2000	3000	3333	3524	9989	0.97479	3.28130	4.65153		
07:13:01	2000	3000	3333	3534	9989	0.97485	3.28140	4.65203		
07:13:11	2000	3000	3333	3524	9989	0.97478	3.28118	4.65134		
07:13:21	2000	3000	3333	3500	9989	0.97461	3.28107	4.65028		
07:13:31	2000	3000	3333	3598	9989	0.97530	3.28076	4.65344		
07:13:41	2000	3000	3333	3560	9989	0.97504	3.28098	4.65240		
07:13:51	2000	3000	3333	3488	9989	0.97453	3.28130	4.65018		
07:14:01	2000	3000	3333	3651	9989	0.97565	3.28131	4.65606		
07:14:11	2000	3000	3333	3544	9989	0.97492	3.28106	4.65190		
07:14:21	2000	3000	3333	3601	9989	0.97532	3.28131	4.65432		
07:14:31	2000	3000	3333	3601	9989	0.97532	3.28131	4.65432		
07:14:41	2000	3000	3333	3567	9989	0.97508	3.28051	4.65196		
07:14:51	2000	3000	3333	3599	9989	0.97531	3.28075	4.65347		
07:15:01	2000	3000	3333	3568	9989	0.97509	3.28106	4.65278		
07:15:11	2000	3000	3333	3563	9989	0.97506	3.28113	4.65271		
07:15:21	2000	3000	3333	3554	9989	0.97500	3.28145	4.65285		
07:15:31	2000	3000	3333	3485	9989	0.97451	3.28135	4.65013		
07:15:41	2000	3000	3333	3544	9989	0.97493	3.28058	4.65125		
07:15:51	2000	3000	3333	3549	9989	0.97496	3.28100	4.65200		
07:16:01	2000	3000	3333	3565	9989	0.97507	3.28041	4.65177		
07:16:11	2000	3000	3333	3494	9989	0.97457	3.28062	4.64943		
07:16:21	2000	3000	3333	3461	9989	0.97433	3.28090	4.64858		
07:16:31	2000	3000	3333	3409	9989	0.97395	3.28089	4.64654		
07:16:41	2000	3000	3333	3509	9989	0.97468	3.28079	4.65023		
07:16:51	2000	3000	3333	3531	9989	0.97483	3.28070	4.65091		
07:17:01	2000	3000	3333	3726	9989	0.97613	3.28071	4.65775		
07:17:11	2000	3000	3333	3551	9989	0.97497	3.28041	4.65124		
07:17:21	2000	3000	3333	3463	9989	0.97434	3.28030	4.64779		
07:17:31	2000	3000	3333	3551	9989	0.97498	3.28032	4.65113		
07:17:41	2000	3000	3333	3455	9989	0.97428	3.28023	4.64738		
07:17:51	2000	3000	3333	3402	9989	0.97389	3.28014	4.64518		
07:18:01	2000	3000	3333	3516	9989	0.97473	3.28017	4.64962		
07:18:11	2000	3000	3333	3551	9989	0.97497	3.28009	4.65080		
07:18:21	2000	3000	3333	3498	9989	0.97460	3.27975	4.64835		
07:18:31	2000	3000	3333	3577	9989	0.97515	3.27981	4.65134		
07:18:41	2000	3000	3333	3603	9989	0.97533	3.27998	4.65251		
07:18:51	2000	3000	3333	3501	9989	0.97462	3.27972	4.64842		
07:19:01	2000	3000	3333	3500	9989	0.97462	3.27949	4.64807		
07:19:11	2000	3000	3333	3481	9989	0.97448	3.27946	4.64729		
07:19:21	2000	3000	3333	3495	9989	0.97458	3.27927	4.64757		
07:19:31	2000	3000	3333	3533	9989	0.97485	3.27925	4.64896		
07:19:41	2000	3000	3333	3764	9989	0.97637	3.27917	4.65683		
07:19:51	2000	3000	3333	3555	9989	0.97500	3.27907	4.64951		
07:20:01	2000	3000	3333	3501	9989	0.97462	3.27891	4.64726		
07:20:11	2000	3000	3333	3540	9989	0.97489	3.27877	4.64851		
07:20:21	2000	3000	3333	3549	9989	0.97496	3.27858	4.64857		
07:20:31	2000	3000	3333	3540	9989	0.97490	3.27863	4.64834		
07:20:41	2000	3000	3333	3463	9989	0.97435	3.27872	4.64558		
07:20:51	2000	3000	3333	3527	9989	0.97480	3.27849	4.64763		
07:21:01	2000	3000	3333	3444	9989	0.97421	3.27863	4.64470		
07:21:11	2000	3000	3333	3593	9989	0.97526	3.27867	4.65028		
07:21:21	2000	3000	3333	3593	9989	0.97526	3.27867	4.65028		
07:21:31	2000	3000	3333	3522	9989	0.97477	3.27849	4.64747		
07:21:41	2000	3000	3333	3539	9989	0.97489	3.27860	4.64826		
07:21:51	2000	3000	3333	3566	9989	0.97508	3.27824	4.64871		
07:22:01	2000	3000	3333	3501	9989	0.97462	3.27827	4.64637		
07:22:11	2000	3000	3333	3557	9989	0.97501	3.27828	4.64844		
07:22:21	2000	3000	3333	3442	9989	0.97419	3.27814	4.64393		
07:22:31	2000	3000	3333	3566	9989	0.97508	3.27805	4.64846		
07:22:41	2000	3000	3333	3521	9989	0.97476	3.27807	4.64682		
07:22:51	2000	3000	3333	3473	9989	0.97442	3.27800	4.64491		
07:23:01	2000	3000	3333	3544	9989	0.97492	3.27804	4.64763		
07:23:11	2000	3000	3333	3480	9989	0.97447	3.27818	4.64545		
07:23:21	2000	3000	3333	3519	9989	0.97475	3.27809	4.64680		
07:23:31	2000	3000	3333	3519	9989	0.97475	3.27809	4.64680		
07:23:41	2000	3000	3333	3478	9989	0.97446	3.27812	4.64529		
07:23:51	2000	3000	3333	3561	9989	0.97504	3.27825	4.64854		
07:24:01	2000	3000	3333	3465	9989	0.97436	3.27820	4.64491		
07:24:11	2000	3000	3333	3445	9989	0.97421	3.27805	4.64392		
07:24:21	2000	3000	3333	3487	9989	0.97452	3.27802	4.64548		
07:24:31	2000	3000	3333	3472	9989	0.97441	3.27818	4.64514		
07:24:41	2000	3000	3333	3457	9989	0.97430	3.27807	4.64442		
07:24:51	2000	3000	3333	3455	9989	0.97428	3.27814	4.64442		
07:25:01	2000	3000	3333	3457	9989	0.97430	3.27803	4.64437		
07:25:11	2000	3000	3333	3522	9989	0.97477	3.27831	4.64719		
07:25:21	2000	3000	3333	3416	9989	0.97400	3.27845	4.64335		
07:25:31	2000	3000	3333	3410	9989	0.97395	3.27834	4.64296		
07:25:41	2000	3000	3333	3524	9989	0.97479	3.27820	4.64713		
07:25:51	2000	3000	3333	3458	9989	0.97431	3.27826	4.64471		
07:26:01	2000	3000	3333	3458	9989	0.97431	3.27826	4.64471		
07:26:11	2000	3000	3333	3458	9989	0.97431	3.27826	4.64471		
07:26:21	2000	3000	3333	3437	9989	0.97416	3.27839	4.64411		
07:26:31	2000	3000	3333	3522	9989	0.97477	3.27841	4.64736		
07:26:41	2000	3000	3333	3456	9989	0.97430	3.27829	4.64469		
07:26:51	2000	3000	3333	3453	9989	0.97427	3.27842	4.64474		
07:27:01	2000	3000	3333	3469	9989	0.97439	3.27833	4.64523		
07:27:11	2000	3000	3333	3440	9989	0.97417	3.27856	4.64444		
07:27:21	2000	3000	3333	3460	9989	0.97432	3.27876	4.64551		
07:27:31	2000	3000	3333	3460	9989	0.97432	3.27876	4.64551		
07:27:41	2000	3000	3333	3432	9989	0.97412	3.27883	4.64454		
07:27:51	2000	3000	3333	3446	9989	0.97422	3.27884	4.64509		
07:28:01	2000	3000	3333	3375	9989	0.97369	3.27891	4.64239		
07:28:11	2000	3000	3333	3370	9989	0.97365	3.27870	4.64188		
07:28:21	2000	3000	3333	3422	9989	0.97405	3.27879	4.64409		
07:28:31	2000	3000	3333	3384	9989	0.97375	3.27879	4.64256		
07:28:41	2000	3000	3333	3419	9989	0.97402	3.27786	4.64263		
07:28:51	2000	3000	3333	3477	9989	0.97445	3.27869	4.64606		
07:29:01	2000	3000	3333	3477	9989	0.97445	3.27869	4.64606		
07:29:11	2000	3000	3333	3387	9989	0.97378	3.27846	4.64222		
07:29:21	2000	3000	3333	3551	9989	0.97497	3.27747	4.64708		
07:29:31	2000	3000	3333	3539	9989	0.97489	3.27708	4.64608		
07:29:41	2000	3000	3333	3577	9989	0.97515	3.27556	4.64532		
07:29:51	2000	3000	3333	3659	9989	0.97570	3.27670	4.64981		
07:30:01	2000	3000	3333	3562	9989	0.97505	3.27692	4.64671		
07:30:11	2000	3000	3333	3596	9989	0.97528	3.27570	4.64618		
07:30:21	2000	3000	3333	3605	9989	0.97535	3.27592	4.64683		
07:30:31	2000	3000	3333	3585	9989	0.97520	3.27565	4.64571		
07:30:41	2000	3000	3333	3580	9989	0.97517	3.27618	4.64630		
07:30:51	2000	3000	3333	3668	9989	0.97576	3.27559	4.64855		
07:31:01	2000	3000	3333	3583	9989	0.97520	3.27578	4.64585		
07:31:11	2000	3000	3333	3633	9989	0.97553	3.27554	4.64727		
07:31:21	2000	3000	3333	3662	9989	0.97572	3.27551	4.64821		
07:31:31	2000	3000	3333	3606	9989	0.97535	3.27560	4.64639		
07:31:41	2000	3000	3333	3664	9989	0.97573	3.27572	4.64858		
07:31:51	2000	3000	3333	3694	9989	0.97593	3.27591	4.64987		
07:32:01	2000	3000	3333	3630	9989	0.97551	3.27584	4.64760		
07:32:11	2000	3000	3333	3637	9989	0.97556	3.27583	4.64781		
07:32:21	2000	3000	3333	3647	9989	0.97563	3.27589	4.64826		
07:32:31	2000	3000	3333	3696	9989	0.97594	3.27584	4.64983		
07:32:41	2000	3000	3333	3619	9989	0.97544	3.27585	4.64722		
07:32:51	2000	3000	3333	3652	9989	0.97566	3.27585	4.64837		
07:33:01	2000	3000	3333	3580	9989	0.97518	3.27579	4.64576		
07:33:11	2000	3000	3333	3658	9989	0.97570	3.27596	4.64872		
07:33:21	2000	3000	3333	3601	9989	0.97532	3.27599	4.64678		
07:33:31	2000	3000	3333	3586	9989	0.97521	3.27625	4.64661		
07:33:41	2000	3000	3333	3635	9989	0.97554	3.27642	4.64857		
07:33:51	2000	3000	3333	3623	9989	0.97546	3.27625	4.64791		
07:34:01	2000	3000	3333	3654	9989	0.97567	3.27642	4.64924		
07:34:11	2000	3000	3333	3637	9989	0.97555	3.27634	4.64852		
07:34:21	2000	3000	3333	3598	9989	0.97530	3.27656	4.64749		
07:34:31	2000	3000	3333	3598	9989	0.97530	3.27656	4.64749		
07:34:41	2000	3000	3333	3600	9989	0.97531	3.27673	4.64778		
07:34:51	2000	3000	3333	3641	9989	0.97559	3.27699	4.64961		
07:35:01	2000	3000	3333	3573	9989	0.97513	3.27701	4.64724		
07:35:11	2000	3000	3333	3508	9989	0.97467	3.27715	4.64505		
07:35:21	2000	3000	3333	3570	9989	0.97511	3.27722	4.64743		
07:35:31	2000	3000	3333	3581	9989	0.97518	3.27751	4.64822		
07:35:41	2000	3000	3333	3581	9989	0.97518	3.27751	4.64822		
07:35:51	2000	3000	3333	3581	9989	0.97518	3.27751	4.64822		
07:36:01	2000	3000	3333	3590	9989	0.97524	3.27795	4.64915		
07:36:11	2000	3000	3333	3480	9989	0.97447	3.27812	4.64535		
07:36:21	2000	3000	3333	3480	9989	0.97447	3.27812	4.64535		
07:36:31	2000	3000	3333	3559	9989	0.97503	3.27806	4.64820		
07:36:41	2000	3000	3333	3552	9989	0.97498	3.27839	4.64841		
07:36:51	2000	3000	3333	3518	9989	0.97474	3.27851	4.64734		
07:37:01	2000	3000	3333	3556	9989	0.97501	3.27855	4.64878		
07:37:11	2000	3000	3333	3556	9989	0.97501	3.27855	4.64878		
07:37:21	2000	3000	3333	3550	9989	0.97497	3.27890	4.64907		
07:37:31	2000	3000	3333	3605	9989	0.97535	3.27893	4.65110		
07:37:41	2000	3000	3333	3538	9989	0.97488	3.27924	4.64911		
07:37:51	2000	3000	3333	3501	9989	0.97462	3.27928	4.64778		
07:38:01	2000	3000	3333	3588	9989	0.97523	3.27967	4.65153		
07:38:11	2000	3000	3333	3588	9989	0.97523	3.27967	4.65153		
07:38:21	2000	3000	3333	3597	9989	0.97529	3.27987	4.65214		
07:38:31	2000	3000	3333	3597	9989	0.97529	3.27987	4.65214		
07:38:41	2000	3000	3333	3597	9989	0.97529	3.27987	4.65214		
07:39:11	2000	3000	3333	3559	9989	0.97503	3.28020	4.65123		
07:39:21	2000	3000	3333	3570	9989	0.97511	3.28015	4.65157		
07:39:31	2000	3000	3333	3565	9989	0.97507	3.28017	4.65142		
07:39:41	2000	3000	3333	3490	9989	0.97454	3.28030	4.64883		
07:39:51	2000	3000	3333	3507	9989	0.97466	3.28037	4.64956		
07:40:01	2000	3000	3333	3580	9989	0.97517	3.28042	4.65230		
07:40:11	2000	3000	3333	3521	9989	0.97476	3.27995	4.64949		
07:40:21	2000	3000	3333	3558	9989	0.97502	3.28044	4.65153		
07:40:31	2000	3000	3333	3526	9989	0.97480	3.28068	4.65070		
07:40:41	2000	3000	3333	3567	9989	0.97508	3.28085	4.65244		
07:40:51	2000	3000	3333	3567	9989	0.97508	3.28085	4.65244		
07:41:01	2000	3000	3333	3583	9989	0.97519	3.27946	4.65104		
07:41:11	2000	3000	3333	3659	9989	0.97570	3.27959	4.65390		
07:41:21	2000	3000	3333	3659	9989	0.97570	3.27959	4.65390		
07:41:31	2000	3000	3333	3632	9989	0.97552	3.28020	4.65383		
07:41:41	2000	3000	3333	3632	9989	0.97552	3.28020	4.65383		
07:41:51	2000	3000	3333	3538	9989	0.97488	3.28022	4.65051		
07:42:01	2000	3000	3333	3511	9989	0.97469	3.28003	4.64924		
07:42:11	2000	3000	3333	3629	9989	0.97551	3.27940	4.65261		
07:42:21	2000	3000	3333	3629	9989	0.97551	3.27940	4.65261		
07:42:31	2000	3000	3333	3579	9989	0.97516	3.27876	4.64991		
07:42:41	2000	3000	3333	3605	9989	0.97534	3.27936	4.65170		
07:42:51	2000	3000	3333	3600	9989	0.97531	3.27848	4.65028		
07:43:01	2000	3000	3333	3699	9989	0.97596	3.27888	4.65427		
07:43:11	2000	3000	3333	3591	9989	0.97525	3.27795	4.64921		
07:43:21	2000	3000	3333	3589	9989	0.97524	3.27874	4.65026		
07:43:31	2000	3000	3333	3621	9989	0.97545	3.28075	4.65422		
07:43:41	2000	3000	3333	3651	9989	0.97565	3.28028	4.65461		
07:43:51	2000	3000	3333	3529	9989	0.97482	3.27941	4.64901		
07:44:01	2000	3000	3333	3609	9989	0.97537	3.27822	4.65022		
07:44:11	2000	3000	3333	3595	9989	0.97528	3.27921	4.65114		
07:44:21	2000	3000	3333	3574	9989	0.97513	3.27862	4.64954		
07:44:31	2000	3000	3333	3650	9989	0.97565	3.27915	4.65298		
07:44:41	2000	3000	3333	3685	9989	0.97587	3.27820	4.65283		
07:44:51	2000	3000	3333	3617	9989	0.97543	3.27948	4.65231		
07:45:01	2000	3000	3333	3617	9989	0.97543	3.27948	4.65231		
07:45:11	2000	3000	3333	3517	9989	0.97473	3.27915	4.64820		
07:45:21	2000	3000	3333	3631	9989	0.97552	3.27921	4.65239		
07:45:31	2000	3000	3333	3613	9989	0.97540	3.27851	4.65079		
07:45:41	2000	3000	3333	3613	9989	0.97540	3.27851	4.65079		
07:45:51	2000	3000	3333	3709	9989	0.97603	3.27847	4.65403		
07:46:01	2000	3000	3333	3689	9989	0.97590	3.27824	4.65303		
07:46:11	2000	3000	3333	3665	9989	0.97574	3.27840	4.65242		
07:46:21	2000	3000	3333	3687	9989	0.97589	3.27951	4.65476		
07:46:31	2000	3000	3333	3624	9989	0.97547	3.27907	4.65197		
07:46:41	2000	3000	3333	3690	9989	0.97590	3.27856	4.65350		
07:46:51	2000	3000	3333	3677	9989	0.97582	3.27903	4.65373		
07:47:01	2000	3000	3333	3677	9989	0.97582	3.27903	4.65373		
07:47:11	2000	3000	3333	3679	9989	0.97583	3.27841	4.65292		
07:47:21	2000	3000	3333	3679	9989	0.97583	3.27841	4.65292		
07:47:31	2000	3000	3333	3664	9989	0.97574	3.27841	4.65242		
07:47:41	2000	3000	3333	3732	9989	0.97617	3.27815	4.65432		
07:47:51	2000	3000	3333	3718	9989	0.97609	3.27829	4.65407		
07:48:01	2000	3000	3333	3718	9989	0.97609	3.27829	4.65407		
07:48:11	2000	3000	3333	3706	9989	0.97601	3.27867	4.65419		
07:48:21	2000	3000	3333	3697	9989	0.97595	3.27881	4.65409		
07:48:31	2000	3000	3333	3697	9989	0.97595	3.27881	4.65409		
07:48:41	2000	3000	3333	3670	9989	0.97578	3.27839	4.65259		
07:48:51	2000	3000	3333	3696	9989	0.97594	3.27833	4.65337		
07:49:01	2000	3000	3333	3705	9989	0.97600	3.27836	4.65371		
07:49:11	2000	3000	3333	3641	9989	0.97558	3.27850	4.65174		
07:49:21	2000	3000	3333	3625	9989	0.97548	3.27835	4.65096		
07:49:31	2000	3000	3333	3710	9989	0.97603	3.27857	4.65418		
07:49:41	2000	3000	3333	3639	9989	0.97557	3.27860	4.65181		
07:49:51	2000	3000	3333	3537	9989	0.97488	3.27867	4.64827		
07:50:01	2000	3000	3333	3665	9989	0.97574	3.27863	4.65274		
07:50:11	2000	3000	3333	3612	9989	0.97539	3.27860	4.65087		
07:50:21	2000	3000	3333	3676	9989	0.97582	3.27869	4.65322		
07:50:31	2000	3000	3333	3620	9989	0.97544	3.27867	4.65124		
07:50:41	2000	3000	3333	3616	9989	0.97542	3.27872	4.65119		
07:50:51	2000	3000	3333	3616	9989	0.97542	3.27872	4.65119		
07:51:01	2000	3000	3333	3615	9989	0.97541	3.27873	4.65115		
07:51:11	2000	3000	3333	3664	9989	0.97573	3.27868	4.65278		
07:51:21	2000	3000	3333	3637	9989	0.97556	3.27882	4.65205		
07:51:31	2000	3000	3333	3630	9989	0.97551	3.27867	4.65159		
07:51:41	2000	3000	3333	3589	9989	0.97524	3.27894	4.65055		
07:51:51	2000	3000	3333	3589	9989	0.97524	3.27894	4.65055		
07:52:01	2000	3000	3333	3574	9989	0.97513	3.27939	4.65062		
07:52:11	2000	3000	3333	3574	9989	0.97513	3.27939	4.65062		
07:52:21	2000	3000	3333	3624	9989	0.97547	3.27899	4.65185		
07:52:31	2000	3000	3333	3719	9989	0.97609	3.27870	4.65466		
07:52:41	2000	3000	3333	3659	9989	0.97570	3.27870	4.65265		
07:52:51	2000	3000	3333	3659	9989	0.97570	3.27870	4.65265		
07:53:01	2000	3000	3333	3628	9989	0.97550	3.27883	4.65175		
07:53:11	2000	3000	3333	3628	9989	0.97550	3.27883	4.65175		
07:53:21	2000	3000	3333	3647	9989	0.97563	3.27968	4.65363		
07:53:31	2000	3000	3333	3647	9989	0.97563	3.27968	4.65363		
07:53:41	2000	3000	3333	3612	9989	0.97539	3.27958	4.65227		
07:53:51	2000	3000	3333	3599	9989	0.97531	3.27946	4.65164		
07:54:01	2000	3000	3333	3582	9989	0.97519	3.27969	4.65134		
07:54:11	2000	3000	3333	3554	9989	0.97500	3.27929	4.64978		
07:54:21	2000	3000	3333	3573	9989	0.97513	3.27926	4.65042		
07:54:31	2000	3000	3333	3573	9989	0.97513	3.27926	4.65042		
07:54:41	2000	3000	3333	3552	9989	0.97498	3.27964	4.65019		
07:54:51	2000	3000	3333	3529	9989	0.97482	3.27924	4.64878		
07:55:01	2000	3000	3333	3570	9989	0.97511	3.27928	4.65035		
07:55:11	2000	3000	3333	3535	9989	0.97486	3.27951	4.64939		
07:55:21	2000	3000	3333	3534	9989	0.97485	3.27990	4.64989		
07:55:31	2000	3000	3333	3571	9989	0.97511	3.28027	4.65179		
07:55:41	2000	3000	3333	3583	9989	0.97520	3.27959	4.65125		
07:55:51	2000	3000	3333	3583	9989	0.97520	3.27959	4.65125		
07:56:11	2000	3000	3333	3583	9989	0.97519	3.27922	4.65071		
07:56:21	2000	3000	3333	3636	9989	0.97555	3.27923	4.65259		
07:56:31	2000	3000	3333	3680	9989	0.97584	3.27942	4.65438		
07:56:41	2000	3000	3333	3605	9989	0.97535	3.27953	4.65195		
07:56:51	2000	3000	3333	3582	9989	0.97519	3.27958	4.65118		
07:57:01	2000	3000	3333	3569	9989	0.97510	3.27936	4.65042		
07:57:11	2000	3000	3333	3687	9989	0.97589	3.27926	4.65441		
07:57:21	2000	3000	3333	3687	9989	0.97589	3.27926	4.65441		


			DELHI AIRPORT : RWY 11 Beg


Time	RVR	 MOR	RVR	MOR	BLM	Trf	 DC(v)	PD(v)
	(limited)	(limited)	(actual)	(actual)

10:01:54	2000	2700	465	2795	8523	0.96831	3.30836	4.65565		
10:02:04	2000	2700	931	2795	8523	0.96831	3.30836	4.65565		
10:02:14	2000	2700	1397	2795	8523	0.96831	3.30836	4.65565		
10:03:54	2000	2800	1866	2812	8617	0.96850	3.30822	4.65645		
10:04:04	2000	2800	2334	2812	8617	0.96850	3.30822	4.65645		
10:04:14	2000	2800	2803	2814	8636	0.96852	3.30793	4.65615		
10:04:24	2000	2800	2807	2814	8636	0.96852	3.30793	4.65615		
10:04:34	2000	2800	2810	2814	8636	0.96852	3.30793	4.65615		
10:08:24	2000	2800	2816	2834	8832	0.96874	3.30820	4.65769		
10:08:34	2000	2800	2820	2834	8832	0.96874	3.30820	4.65769		
10:08:54	2000	2800	2823	2828	8801	0.96868	3.30806	4.65717		
10:09:04	2000	2800	2825	2828	8801	0.96868	3.30806	4.65717		
10:09:14	2000	2800	2824	2809	8806	0.96847	3.30850	4.65668		
10:09:24	2000	2800	2823	2809	8806	0.96847	3.30850	4.65668		
10:10:14	2000	2800	2827	2856	8885	0.96897	3.30831	4.65910		
10:10:24	2000	2800	2831	2856	8885	0.96897	3.30831	4.65910		
10:11:14	2000	2800	2828	2815	8919	0.96854	3.30842	4.65694		
10:11:24	2000	2800	2826	2815	8919	0.96854	3.30842	4.65694		
10:20:34	2000	2800	2819	2765	9139	0.96797	3.31121	4.65788		
10:20:44	2000	2800	2812	2765	9139	0.96797	3.31121	4.65788		
10:21:24	2000	2700	2798	2777	9177	0.96811	3.31203	4.65975		
10:21:34	2000	2700	2785	2777	9177	0.96811	3.31203	4.65975		
10:22:34	2000	2700	2775	2752	9226	0.96783	3.31196	4.65818		
10:22:44	2000	2700	2764	2752	9226	0.96783	3.31196	4.65818		
10:24:44	2000	2700	2763	2760	9306	0.96791	3.31235	4.65917		
10:24:54	2000	2700	2763	2760	9306	0.96791	3.31235	4.65917		
10:38:24	2000	2700	2736	2620	9270	0.96623	3.31115	4.64859		
10:38:34	2000	2700	2710	2620	9270	0.96623	3.31115	4.64859		
10:38:44	2000	2600	2688	2620	9270	0.96623	3.31115	4.64859		
10:41:34	2000	2600	2672	2654	9166	0.96666	3.31481	4.65601		
10:41:44	2000	2600	2654	2654	9166	0.96666	3.31481	4.65601		
10:41:54	2000	2600	2637	2654	9166	0.96666	3.31481	4.65601		
10:42:44	2000	2600	2639	2635	9097	0.96643	3.31433	4.65408		
10:42:54	2000	2600	2642	2635	9097	0.96643	3.31433	4.65408		
10:43:04	2000	2600	2644	2635	9097	0.96643	3.31433	4.65408		
10:53:44	2000	2600	2657	2732	8949	0.96760	3.31543	4.66184		
10:53:54	2000	2600	2669	2728	8943	0.96755	3.31518	4.66122		
10:54:04	2000	2600	2682	2728	8943	0.96755	3.31518	4.66122		
10:54:14	2000	2600	2697	2728	8943	0.96755	3.31518	4.66122		
10:55:54	2000	2700	2704	2677	8802	0.96694	3.31511	4.65788		
10:56:04	2000	2700	2711	2677	8802	0.96694	3.31511	4.65788		
10:56:14	2000	2700	2702	2677	8802	0.96694	3.31511	4.65788		
11:01:54	2000	2600	2696	2692	8487	0.96713	3.31483	4.65849		
11:02:04	2000	2600	2690	2692	8487	0.96713	3.31483	4.65849		
11:02:14	2000	2600	2684	2692	8487	0.96713	3.31483	4.65849		
11:06:04	2000	2600	2682	2666	8274	0.96680	3.31515	4.65724		
11:06:14	2000	2600	2680	2666	8274	0.96680	3.31515	4.65724		
11:06:24	2000	2600	2679	2666	8274	0.96680	3.31515	4.65724		
11:07:44	2000	2600	2678	2688	8144	0.96707	3.31559	4.65926		
11:07:54	2000	2600	2677	2688	8144	0.96707	3.31559	4.65926		
11:08:04	2000	2600	2677	2688	8144	0.96707	3.31559	4.65926		
11:08:24	2000	2600	2685	2717	8108	0.96742	3.31541	4.66085		
11:08:34	2000	2600	2694	2717	8108	0.96742	3.31541	4.66085		
11:08:44	2000	2700	2702	2717	8108	0.96742	3.31541	4.66085		
11:11:04	2000	2700	2709	2731	7900	0.96759	3.31536	4.66167		
11:11:14	2000	2700	2716	2731	7900	0.96759	3.31536	4.66167		
11:18:54	2000	2700	2720	2709	7341	0.96732	3.31537	4.66030		
11:19:04	2000	2700	2719	2709	7341	0.96732	3.31537	4.66030		


			DELHI AIRPORT : RWY 11 Beg


Time	RVR	 MOR	RVR	MOR	BLM	Trf	 DC(v)	PD(v)
	(limited)	(limited)	(actual)	(actual)

11:28:38	2000	2800	469	2817	6735	0.96856	3.31497	4.66628		
11:28:48	2000	2800	939	2817	6735	0.96856	3.31497	4.66628		
11:28:58	2000	2800	1408	2817	6735	0.96856	3.31497	4.66628		
11:32:28	2000	2800	1879	2825	6412	0.96865	3.31538	4.66733		
11:32:38	2000	2800	2350	2825	6412	0.96865	3.31538	4.66733		
11:32:48	2000	2800	2821	2825	6412	0.96865	3.31538	4.66733		
11:34:28	2000	2700	2817	2793	6251	0.96829	3.31551	4.66562		
11:34:38	2000	2700	2813	2793	6251	0.96829	3.31551	4.66562		
11:34:48	2000	2800	2809	2793	6251	0.96829	3.31551	4.66562		
11:34:58	2000	2800	2804	2798	6191	0.96835	3.31537	4.66574		
11:35:08	2000	2700	2800	2798	6191	0.96835	3.31537	4.66574		
11:35:18	2000	2700	2795	2798	6191	0.96835	3.31537	4.66574		
11:42:38	2000	2700	2799	2819	5675	0.96858	3.31594	4.66777		
11:42:48	2000	2800	2804	2819	5675	0.96858	3.31594	4.66777		
11:45:28	2000	2700	2796	2744	5490	0.96773	3.31634	4.66381		
11:45:38	2000	2700	2787	2744	5490	0.96773	3.31634	4.66381		
11:51:18	2000	2800	2801	2883	5186	0.96927	3.31718	4.67315		
11:51:28	2000	2800	2815	2883	5186	0.96927	3.31718	4.67315		
11:56:28	2000	2800	2836	2946	4843	0.96991	3.31682	4.67605		
11:56:38	2000	2800	2857	2946	4843	0.96991	3.31682	4.67605		
12:00:08	2000	2800	2889	2935	4562	0.96980	3.31673	4.67533		
12:00:18	2000	2900	2921	2935	4562	0.96980	3.31673	4.67533		
12:01:08	2000	2900	2928	2928	4487	0.96973	3.31820	4.67703		
12:01:18	2000	2900	2936	2928	4487	0.96973	3.31820	4.67703		
12:03:18	2000	2900	2934	2933	4348	0.96978	3.31926	4.67881		
12:03:28	2000	2900	2932	2933	4348	0.96978	3.31926	4.67881		
12:28:58	2000	3000	3003	3362	3025	0.97359	3.31921	4.69890		
12:29:08	2000	3000	3074	3362	3025	0.97359	3.31921	4.69890		
12:29:18	2000	3000	3146	3362	3025	0.97359	3.31921	4.69890		
12:39:28	2000	3000	3219	3363	2464	0.97359	3.31875	4.69830		
12:39:38	2000	3000	3290	3363	2464	0.97359	3.31875	4.69830		
12:39:48	2000	3000	3333	3363	2464	0.97359	3.31875	4.69830		
12:44:58	2000	3000	3333	3211	2160	0.97236	3.31960	4.69294		
12:45:08	2000	3000	3312	3211	2160	0.97236	3.31960	4.69294		
12:45:58	2000	3000	3296	3266	2103	0.97282	3.31978	4.69563		
12:46:08	2000	3000	3280	3266	2103	0.97282	3.31978	4.69563		
12:53:38	2000	3000	3271	3312	1715	0.97319	3.32052	4.69865		
12:53:48	2000	3000	3263	3312	1715	0.97319	3.32052	4.69865		
13:35:38	2000	3000	3333	3192	254	0.97220	3.32096	4.69404		
13:35:48	2000	3000	3333	3192	254	0.97220	3.32096	4.69404		
13:35:58	2000	3000	3333	3192	254	0.97220	3.32096	4.69404		
13:50:38	2000	3000	3333	3344	35	0.97344	3.31922	4.69817		
13:50:48	2000	3000	3333	3344	35	0.97344	3.31922	4.69817		
13:55:58	2000	3000	3333	3213	32	0.97237	3.31899	4.69217		
13:56:08	2000	3000	3333	3213	32	0.97237	3.31899	4.69217		
14:01:38	2000	3000	3333	3103	7	0.97141	3.32092	4.68978		
14:01:48	2000	3000	3333	3103	7	0.97141	3.32092	4.68978		


			DELHI AIRPORT : RWY 11 Beg


Time	RVR	 MOR	RVR	MOR	BLM	Trf	 DC(v)	PD(v)
	(limited)	(limited)	(actual)	(actual)

14:19:01	2000	3000	1159	3232	2	0.97254	3.31803	4.69168		
14:19:11	2000	3000	2318	3232	2	0.97254	3.31803	4.69168		
16:31:21	2000	3000	3333	3685	2	0.97587	3.31994	4.71207		
16:31:31	2000	3000	3333	3685	2	0.97587	3.31994	4.71207		
16:45:31	2000	3000	3333	3705	2	0.97600	3.32053	4.71358		
16:45:41	2000	3000	3333	3705	2	0.97600	3.32053	4.71358		
16:45:51	2000	3000	3333	3705	2	0.97600	3.32053	4.71358		
16:53:31	2000	3000	3333	3571	2	0.97511	3.32145	4.71018		
16:53:41	2000	3000	3333	3571	2	0.97511	3.32145	4.71018		
16:53:51	2000	3000	3333	3571	2	0.97511	3.32145	4.71018		
17:36:41	2000	3000	3333	3715	2	0.97607	3.32275	4.71708		
17:36:51	2000	3000	3333	3715	2	0.97607	3.32275	4.71708		
