

			DELHI AIRPORT : 30 m Base line


Time	RVR	 MOR	RVR	MOR	BLM	Trf	 Ref(v)	PD(v)
	(limited)	(limited)	(actual)	(actual)



			DELHI AIRPORT : 30 m Base line


Time	RVR	 MOR	RVR	MOR	BLM	Trf	 Ref(v)	PD(v)
	(limited)	(limited)	(actual)	(actual)

07:42:52	2000	3000	1659	9955	9989	0.99100	0.62275	0.86008		
07:43:02	2000	3000	3318	9955	9989	0.99100	0.62252	0.86587		
07:43:12	2000	3000	3333	9955	9989	0.99100	0.62240	0.86905		
07:43:22	2000	3000	3333	9955	9989	0.99100	0.62221	0.86231		
07:43:32	2000	3000	3333	9955	9989	0.99100	0.62209	0.86630		
07:43:42	2000	3000	3333	9955	9989	0.99100	0.62199	0.86301		
07:43:52	2000	3000	3333	9955	9989	0.99100	0.62193	0.86439		
07:44:02	2000	3000	3333	9955	9989	0.99100	0.62186	0.86862		
07:44:12	2000	3000	3333	9955	9989	0.99100	0.62168	0.86002		
07:44:22	2000	3000	3333	9955	9989	0.99100	0.62150	0.86571		
07:44:32	2000	3000	3333	9955	9989	0.99100	0.62146	0.86314		
07:44:42	2000	3000	3333	9955	9989	0.99100	0.62128	0.86548		
07:44:52	2000	3000	3333	9955	9989	0.99100	0.62118	0.86195		
07:45:02	2000	3000	3333	9955	9989	0.99100	0.62107	0.87139		
07:45:12	2000	3000	3333	9955	9989	0.99100	0.62112	0.87019		
07:45:22	2000	3000	3333	9955	9989	0.99100	0.62099	0.87203		
07:45:33	2000	3000	3333	9955	9989	0.99100	0.62095	0.86580		
07:45:43	2000	3000	3333	9955	9989	0.99100	0.62084	0.85550		
07:45:53	2000	3000	3333	9955	9989	0.99100	0.62076	0.87000		
07:46:03	2000	3000	3333	9955	9989	0.99100	0.62058	0.87166		
07:46:13	2000	3000	3333	9955	9989	0.99100	0.62061	0.85923		
07:46:23	2000	3000	3333	9955	9989	0.99100	0.62056	0.87031		
07:46:33	2000	3000	3333	9955	9989	0.99100	0.62034	0.86253		
07:46:43	2000	3000	3333	9955	9989	0.99100	0.62033	0.86403		
07:46:53	2000	3000	3333	9955	9989	0.99100	0.62036	0.86779		
07:47:03	2000	3000	3333	9955	9989	0.99100	0.62038	0.87677		
07:47:13	2000	3000	3333	9955	9989	0.99100	0.62007	0.86378		
07:47:23	2000	3000	3333	9955	9989	0.99100	0.62011	0.86645		
07:47:33	2000	3000	3333	9955	9989	0.99100	0.62008	0.86505		
07:47:43	2000	3000	3333	9955	9989	0.99100	0.62005	0.87068		
07:47:53	2000	3000	3333	9955	9989	0.99100	0.61990	0.86522		
07:48:03	2000	3000	3333	9955	9989	0.99100	0.61985	0.87311		
07:48:13	2000	3000	3333	9955	9989	0.99100	0.61978	0.86713		
07:48:23	2000	3000	3333	9955	9989	0.99100	0.61969	0.87386		
07:48:33	2000	3000	3333	9955	9989	0.99100	0.61960	0.86302		
07:48:43	2000	3000	3333	9955	9989	0.99100	0.61954	0.86466		
07:48:53	2000	3000	3333	9955	9989	0.99100	0.61943	0.87362		
07:49:03	2000	3000	3333	9955	9989	0.99100	0.61942	0.87694		
07:49:13	2000	3000	3333	9955	9989	0.99100	0.61934	0.88128		
07:49:23	2000	3000	3333	9955	9989	0.99100	0.61923	0.87114		
07:49:33	2000	3000	3333	9955	9989	0.99100	0.61912	0.87191		
07:49:43	2000	3000	3333	9955	9989	0.99100	0.61905	0.86368		
07:49:53	2000	3000	3333	9955	9989	0.99100	0.61894	0.87152		
07:53:04	2000	3000	3333	9955	9989	0.99100	0.61744	0.87001		
07:53:14	2000	3000	3333	9955	9989	0.99100	0.61737	0.86913		
07:53:24	2000	3000	3333	9955	9989	0.99100	0.61723	0.86624		
07:53:34	2000	3000	3333	9955	9989	0.99100	0.61723	0.86636		
07:53:44	2000	3000	3333	9955	9989	0.99100	0.61720	0.86408		
07:53:55	2000	3000	3333	9955	9989	0.99100	0.61721	0.86582		
07:54:05	2000	3000	3333	9955	9989	0.99100	0.61720	0.86349		
07:54:15	2000	3000	3333	9955	9989	0.99100	0.61708	0.86442		
07:54:25	2000	3000	3333	9955	9989	0.99100	0.61700	0.86644		
07:54:35	2000	3000	3333	9955	9989	0.99100	0.61690	0.86798		
07:54:46	2000	3000	3333	9955	9989	0.99100	0.61677	0.86344		
07:54:56	2000	3000	3333	9955	9989	0.99100	0.61662	0.86038		
07:55:06	2000	3000	3333	9955	9989	0.99100	0.61673	0.86840		
07:55:16	2000	3000	3333	9955	9989	0.99100	0.61657	0.87368		
07:55:26	2000	3000	3333	9955	9989	0.99100	0.61646	0.87356		
07:55:36	2000	3000	3333	9955	9989	0.99100	0.61634	0.88145		
07:55:46	2000	3000	3333	9955	9989	0.99100	0.61621	0.87637		
07:55:56	2000	3000	3333	9955	9989	0.99100	0.61612	0.86164		
07:56:06	2000	3000	3333	9955	9989	0.99100	0.61607	0.88021		
07:56:16	2000	3000	3333	9955	9989	0.99100	0.61603	0.87187		
07:56:26	2000	3000	3333	1713	9989	0.94882	0.61593	0.80238		
07:56:36	2000	3000	3333	9955	9989	0.99100	0.61589	0.87071		


			DELHI AIRPORT : 30 m Base line


Time	RVR	 MOR	RVR	MOR	BLM	Trf	 Ref(v)	PD(v)
	(limited)	(limited)	(actual)	(actual)

08:02:37	2000	3000	1659	9955	9989	0.99100	0.61395	0.88379		
08:02:47	2000	3000	3318	9955	9989	0.99100	0.61368	0.86524		
08:02:57	2000	3000	3333	9955	9989	0.99100	0.61364	0.87415		
08:03:07	2000	3000	3333	9955	9989	0.99100	0.61369	0.87486		
08:03:17	2000	3000	3333	9955	9989	0.99100	0.61359	0.87110		
08:05:27	2000	3000	3333	9955	9989	0.99100	0.61225	0.85886		
08:06:27	2000	3000	3333	9955	9989	0.99100	0.61108	0.85760		
08:06:37	2000	3000	3333	9955	9989	0.99100	0.61096	0.86528		
08:06:47	2000	3000	3333	9955	9989	0.99100	0.61082	0.86555		
08:06:57	2000	3000	3333	9955	9989	0.99100	0.61097	0.87365		
08:07:07	2000	3000	3333	9955	9989	0.99100	0.61074	0.86826		
08:07:17	2000	3000	3333	9955	9989	0.99100	0.61060	0.86124		
08:07:27	2000	3000	3333	9955	9989	0.99100	0.61056	0.86320		
08:07:58	2000	3000	3333	9955	9989	0.99100	0.61023	0.87440		
08:08:08	2000	3000	3333	9955	9989	0.99100	0.60993	0.85312		
08:08:18	2000	3000	3333	9955	9989	0.99100	0.60976	0.87019		


			DELHI AIRPORT : 30 m Base line


Time	RVR	 MOR	RVR	MOR	BLM	Trf	 Ref(v)	PD(v)
	(limited)	(limited)	(actual)	(actual)



			DELHI AIRPORT : 30 m Base line


Time	RVR	 MOR	RVR	MOR	BLM	Trf	 Ref(v)	PD(v)
	(limited)	(limited)	(actual)	(actual)



			DELHI AIRPORT : 30 m Base line


Time	RVR	 MOR	RVR	MOR	BLM	Trf	 Ref(v)	PD(v)
	(limited)	(limited)	(actual)	(actual)



			DELHI AIRPORT : 30 m Base line


Time	RVR	 MOR	RVR	MOR	BLM	Trf	 Ref(v)	PD(v)
	(limited)	(limited)	(actual)	(actual)



			DELHI AIRPORT : 30 m Base line


Time	RVR	 MOR	RVR	MOR	BLM	Trf	 Ref(v)	PD(v)
	(limited)	(limited)	(actual)	(actual)



			DELHI AIRPORT : 30 m Base line


Time	RVR	 MOR	RVR	MOR	BLM	Trf	 Ref(v)	PD(v)
	(limited)	(limited)	(actual)	(actual)

